3.006994927572915755e-01
2.746930687078199540e-01
2.411647976547602046e-01
2.057450564192162823e-01
1.726183804024156443e-01
1.425497150821586068e-01
1.110532183249763744e-01
7.643657414794519100e-02
5.230615286135364278e-02
3.566465471541958865e-02
2.057500769052214920e-02
1.234932834277306830e-02
6.786807723922897058e-03
3.604510513144097966e-03
1.839282682751826456e-03
8.845958746508410762e-04
4.182553794193651477e-04
1.878197509581034123e-04
8.309712816774264836e-05
3.587439336046119716e-05
1.469193404671698961e-05
6.004238949149994059e-06
2.439192148039968708e-06
9.671041845972481800e-07
3.820592830257281106e-07
1.518280832845451657e-07
5.963256900560211737e-08
2.384901064741797054e-08
9.427151261598341131e-09
9.757993323426722692e-09
1.143315387135408849e-07
1.781705702444147613e-06
3.604234096207905083e-05
8.128210507804707868e-04
1.966378984335742999e-02
3.344931181024607403e-01
9.126789836781737941e-01
9.943028631516237503e-01
9.994681967392012867e-01
9.998416275148346299e-01
9.998554784332772671e-01
9.998554784332772671e-01
9.998397530734649541e-01
9.984130564580584455e-01
9.800979580463534679e-01
4.951029195532054561e-01
1.403420520788356204e-02
1.491281674989408505e-04
1.069114318604212440e-06
6.542291089473269019e-09
3.696282306554617936e-09
1.792961067214823227e-08
6.602045016061755995e-08
2.468159723914698116e-07
7.771008023947171296e-07
2.125328601388832692e-06
5.027307018213196464e-06
1.015624618735241250e-05
1.761441380516888679e-05
2.699432564890240171e-05
3.562395844195975704e-05
4.249204479740351093e-05
4.658083025632897670e-05
4.793186523456021997e-05
4.755087324354831017e-05
4.673564136002211045e-05
4.654753694489713458e-05
4.763946804828193777e-05
5.024244817343083950e-05
5.408248874015139228e-05
5.852689758824404167e-05
6.283056023889519890e-05
6.609732738578086655e-05
