2.262291231274874692e-01
2.120086268731106449e-01
1.972059493927063589e-01
1.856011655225125734e-01
1.742409223882343261e-01
1.587264261408198318e-01
1.386536795650668841e-01
1.139327343367658590e-01
9.596652661635975134e-02
8.010674742510771884e-02
6.331570727825647227e-02
4.925795362246793846e-02
3.942467823636864460e-02
2.853971187875373530e-02
2.161671400583327352e-02
1.497144682973285124e-02
1.046937573296426172e-02
6.973456615356653059e-03
4.541567292915444330e-03
2.672639038346457177e-03
1.380086075107057712e-03
7.029508013547445351e-04
3.502984480705425012e-04
1.684948857779652344e-04
7.999562678014241802e-05
3.715596562193852119e-05
1.711485438121979725e-05
7.843594083632671342e-06
3.606830607919068113e-06
3.826746189737181116e-06
2.946459815030764341e-05
2.670608904797310305e-04
2.684752721544698875e-03
1.540730664218227519e-02
6.938767107129106826e-02
2.864561404599790251e-01
3.631916370624840296e-01
2.428164021615417945e-01
2.180704378323551351e-01
2.428693652373529743e-01
1.000957561199779661e-01
1.000957561199779661e-01
2.638941689734643492e-01
1.789833319320956739e-01
1.787530951930202949e-01
2.582323001850247990e-01
6.059981543216099581e-02
6.967938982502364098e-03
1.844900508602151997e-04
2.593802589489216181e-06
1.643782486187101780e-06
5.965413463514500426e-06
1.934942346277953158e-05
5.564475367182062222e-05
1.402256049339344133e-04
3.093839083566548567e-04
5.964615201061271733e-04
1.012492875901962325e-03
1.551851719065332159e-03
2.154309615861261813e-03
2.680525074932328146e-03
3.081293151123253807e-03
3.323872685985474872e-03
3.417945276721402661e-03
3.417597374315980638e-03
3.388868888910782397e-03
3.388189847802641676e-03
3.450543968914137217e-03
3.584547812409770960e-03
3.769542989328314442e-03
3.973720081723871624e-03
4.166752495375747496e-03
4.314179987815560703e-03
