3.167663597552113353e-01
2.952794198116414082e-01
2.667612038725506451e-01
2.377017910247913868e-01
2.109054132162387074e-01
1.836361849500396659e-01
1.522777263464576425e-01
1.139150602701758386e-01
8.626044892444496848e-02
6.431265707955650945e-02
4.221447845770297247e-02
2.829501828901722499e-02
1.791439152400883805e-02
1.074092330344395517e-02
6.355809907023772520e-03
3.508631546375918370e-03
1.925913765974856043e-03
1.008402233987842596e-03
5.246545343650993107e-04
2.602373560341809467e-04
1.183646604053668742e-04
5.383836473639550701e-05
2.419301955900351580e-05
1.056211123561591434e-05
4.587110807117270455e-06
1.974452788145323911e-06
8.474547824554114105e-07
3.631146681308703154e-07
1.555864669406885835e-07
1.612181110473032303e-07
1.527078103521018900e-06
1.811283408537959645e-05
2.614614941436189770e-04
3.283709549494952251e-03
4.085546427815653359e-02
3.055962436218982448e-01
5.551039513791073965e-01
8.166346317597498183e-01
9.515628580559899463e-01
9.771967610414961092e-01
9.688704142670999664e-01
9.688704142670999664e-01
9.779824005723999347e-01
8.917693883539346000e-01
6.528543656024065056e-01
2.591916890514872063e-01
3.144570856943459947e-02
8.564014865247473714e-04
1.162018470127794584e-05
1.107280129667152495e-07
6.457669145872856027e-08
2.630226352277657417e-07
9.524403622575085645e-07
3.070635649314749732e-06
8.656781472568118957e-06
2.130629196431621742e-05
4.563367989764898570e-05
8.440920583010373191e-05
1.369471869319628036e-04
2.000456790982398677e-04
2.553576293657424117e-04
2.976982423187138089e-04
3.225383617678080736e-04
3.312389981055510919e-04
3.297383716768004409e-04
3.255882748803265903e-04
3.250156061619231774e-04
3.319972725764594500e-04
3.477788852931795608e-04
3.703262813976974390e-04
3.958041091939192946e-04
4.200873797004975839e-04
4.384652428232493253e-04
