3.001300075307097859e-01
2.740643400073847769e-01
2.405035035618484640e-01
2.050236248286027574e-01
1.717858392478249507e-01
1.416988041892830730e-01
1.102511930665664441e-01
7.578813658871412506e-02
5.176593075355401252e-02
3.524869932831616731e-02
2.029967563033241787e-02
1.216189090932670233e-02
6.667586769352703592e-03
3.536799489394276599e-03
1.799856660748157212e-03
8.642097037868812096e-04
4.076014500372943800e-04
1.825923125197088178e-04
8.053074241478179484e-05
3.467407128863690674e-05
1.418578538058424235e-05
5.790087080506226260e-06
2.350274756335806300e-06
9.316838978831745099e-07
3.668701207229640221e-07
1.470024883646771233e-07
5.639246501396950458e-08
2.326341253827523056e-08
9.040264700628516867e-09
9.502820373128226949e-09
1.104958563997068731e-07
1.716271726097798334e-06
3.483094530393486456e-05
7.937059684666109612e-04
1.940046756335124870e-02
3.353559587382912710e-01
9.166492525681013692e-01
9.947915868571398645e-01
9.995277445873373967e-01
9.998613754137698484e-01
9.998779569260818345e-01
9.998779569260818345e-01
9.998592763872919953e-01
9.985895321094102606e-01
9.816280829175683120e-01
5.024630039152873096e-01
1.383010336921890703e-02
1.447084812180543479e-04
1.029193675682764522e-06
6.278447475114996291e-09
3.747514964021318475e-09
2.088054080158448369e-08
5.866116937199907870e-08
2.395263494612234347e-07
7.472243515341419915e-07
2.048380346686259119e-06
4.847598060318966483e-06
9.801312491930930045e-06
1.700631638140421190e-05
2.606896322383446624e-05
3.440918174093542022e-05
4.105346963199984838e-05
4.501154599809303078e-05
4.631719246393447599e-05
4.594461659662778626e-05
4.515230967266776183e-05
4.496950838936438188e-05
4.602722754683219816e-05
4.855184548909971531e-05
5.227761838132026522e-05
5.659118909672058257e-05
6.076685618813674664e-05
6.393442504163628808e-05
