0.000000000000000000e+00
0.000000000000000000e+00
2.698929221988358940e+00
2.159143434293364194e+01
9.142759308304013643e+01
1.309026440111265686e+02
1.672137098501715968e+02
2.062473216800530906e+02
2.422630254945740660e+02
2.735735979307410162e+02
3.099675917200180493e+02
3.413003777205223628e+02
3.796769586372249137e+02
4.123419049415500126e+02
4.466083422811525452e+02
4.811232427984783726e+02
5.155479427037896585e+02
5.516921494280463776e+02
5.844768516611258065e+02
6.208665841725485279e+02
6.554836268410065259e+02
6.926493705446195008e+02
7.271461767315461202e+02
7.627152514827578216e+02
8.003587556008377533e+02
8.369966215945902377e+02
8.749983827684893640e+02
9.116746753249749418e+02
9.492795534689670376e+02
9.894950896341475755e+02
1.026889005901748078e+03
1.067630581377142562e+03
1.106366147999745635e+03
1.147884765845763013e+03
1.190592068965564067e+03
1.231475698135390303e+03
1.275387429392254489e+03
1.318356512579893661e+03
1.364233508872538550e+03
1.410069835616188357e+03
1.456185337520251551e+03
1.504260572085025160e+03
1.554071719267150456e+03
1.604290623458655773e+03
1.657695182325159749e+03
1.709228528113436823e+03
1.766806883273071890e+03
1.822453187213516912e+03
1.883043995755295782e+03
1.943810878923694418e+03
2.007564983726644641e+03
2.074775472967349742e+03
2.142697387821428492e+03
2.216005513743284610e+03
2.291283402350461984e+03
2.370815095938600280e+03
2.455794276860630816e+03
2.542803892090873887e+03
2.637396986898998875e+03
2.738887436051219538e+03
2.844766233789498074e+03
2.959615139031473518e+03
3.084722979454538745e+03
3.220003503426953102e+03
3.369333862881100686e+03
3.533607821097580654e+03
3.718485655602752104e+03
3.926277175112974874e+03
4.171306531297576839e+03
4.466212090322367658e+03
4.832873259798461731e+03
5.335605382575027761e+03
6.190768644107507498e+03
9.325086633725664797e+03
9.317187714753161345e+03
9.351486413731981884e+03
9.376678316972102039e+03
9.419046621770588899e+03
9.458939230755666358e+03
9.526411236407964680e+03
9.596475744842049608e+03
9.676337936186526349e+03
9.777615036735411195e+03
9.888648666520573897e+03
1.002765026642029261e+04
1.018793943958641466e+04
1.038565554749492185e+04
1.062871099597080320e+04
1.093547618055603380e+04
1.250154680715679569e+04
1.430493850619644945e+04
1.674905027618080567e+04
2.150910308502848784e+04
1.911395316409758743e+04
1.757777898336447106e+04
1.590820590643493597e+04
1.367297594058088725e+04
1.246494143394138518e+04
1.155745930958027748e+04
1.085282590158210951e+04
1.025970528612008638e+04
9.748462576667468966e+03
9.306796342732388439e+03
8.935586369786093201e+03
8.581084835119547279e+03
8.272013939252592536e+03
7.997321853192560411e+03
7.737637323217464655e+03
7.494219961372393300e+03
7.272323632129799080e+03
7.054926170489404285e+03
6.846456142180402821e+03
6.632136239739112170e+03
6.418239804900937088e+03
6.188390769084030580e+03
5.938845331617405463e+03
5.636080650494379370e+03
5.253420123853842597e+03
4.673461734280942437e+03
4.689978724872304156e+03
4.713900955732131479e+03
4.721677796729611146e+03
4.741434492413916814e+03
4.750672722286710268e+03
4.767788299678528347e+03
4.784666673259337585e+03
4.786982852257538980e+03
4.803804297908412991e+03
4.823494381411760514e+03
4.837623353245782710e+03
4.864563582292905267e+03
4.903564844802413063e+03
4.964739647524853353e+03
5.065820171437610952e+03
5.229113629590199707e+03
4.612348121254130092e+03
2.494487944778569727e+03
1.671836106620251030e+03
3.452413681358451072e+02
3.498346046351595078e+02
3.541839032236883327e+02
3.587385326786950372e+02
3.635226595108657648e+02
3.680710661890154256e+02
3.728843018420801627e+02
3.778654026548940124e+02
3.825997014584748968e+02
3.877329411901775984e+02
3.929201634718906462e+02
3.978427799370246021e+02
4.033472975578795854e+02
4.087229857838147495e+02
4.139375533069306812e+02
4.197614617819311320e+02
4.253140116884142117e+02
4.309955855032575300e+02
4.370165408132777429e+02
4.427521990279881265e+02
4.489760150676971762e+02
4.551697552060482508e+02
4.612043593777279966e+02
4.679001710772768092e+02
4.742755790888788852e+02
4.809616604681888248e+02
4.878261471119213297e+02
4.944263637337051591e+02
5.017840200506389010e+02
5.088175560820232590e+02
5.161776930766247915e+02
5.237152801894045524e+02
5.310668035178284754e+02
5.391296124505369107e+02
5.468506565236338020e+02
5.551070687233195713e+02
5.633368885934784203e+02
5.716829297101286329e+02
5.804603028696980118e+02
5.889209316442775162e+02
5.982700716217671015e+02
6.072328560699332911e+02
6.168349964650624315e+02
6.263639544532833270e+02
6.362223994194027910e+02
6.463377372957935449e+02
6.564825352671782639e+02
6.672268272318349318e+02
6.777342148769049572e+02
6.891169518185918150e+02
7.001231702421592900e+02
7.121079722861657046e+02
7.237748932348159769e+02
7.362951147684557327e+02
7.486743328224162042e+02
7.617855838676207441e+02
7.749241900471174631e+02
7.887331047810603195e+02
8.026785773306362444e+02
8.172631740944310650e+02
8.321024953446544714e+02
8.475816759454345402e+02
8.633750701119431596e+02
8.798716512358222417e+02
8.967378366450186604e+02
9.144156299350507879e+02
9.324743863514435134e+02
9.515199863047125746e+02
9.709258308708704135e+02
9.915719385070074168e+02
1.012534295915776511e+03
1.035080572001675364e+03
1.057867961559039713e+03
1.082711518414151442e+03
1.107725056414084747e+03
1.135345870214133583e+03
1.163616463925153312e+03
1.194260441999502973e+03
1.226616536788071244e+03
1.261317441056199641e+03
1.299049124335679835e+03
1.339389081430358374e+03
1.384597928583316616e+03
1.433386554121623476e+03
1.489741514935073155e+03
1.553160615607953559e+03
1.627219645876751656e+03
1.716722935916877077e+03
1.828033778986677362e+03
1.978993938876758875e+03
2.208542303834997711e+03
2.743364596011058893e+03
3.106530927420568332e+03
2.262422908292222928e+03
1.951403780169806396e+03
1.750577493552076021e+03
1.598231885332193087e+03
1.473417893702592892e+03
1.367077418636717539e+03
1.272050461247743669e+03
1.185891363154274131e+03
1.105146902088160459e+03
1.028726305230999060e+03
9.557395717141134810e+02
8.833539277549945155e+02
8.089138928900542851e+02
7.288477491690547367e+02
6.178821328867961711e+02
5.750445802675014875e+02
5.132224979722717535e+02
4.728067635674374287e+02
4.382317328835050603e+02
4.075437777696423609e+02
3.795371762450778306e+02
3.532465413974152284e+02
3.290173111635182863e+02
3.345156220686563415e+02
3.376266604658494543e+02
3.407154294180202214e+02
3.477455227381941540e+02
3.578018102627347616e+02
3.713318339193524480e+02
3.886694223500852559e+02
4.110637852468912001e+02
4.376463452860400025e+02
4.702094823852440868e+02
5.097679784284836160e+02
5.601335808283687356e+02
6.282288302659089823e+02
7.323403392935006195e+02
8.424604510301238633e+02
8.596358416498719635e+02
8.750800960491533260e+02
8.904264126892389868e+02
9.042386246478097291e+02
9.180508755147805005e+02
9.283492889615065451e+02
9.285832353329335547e+02
9.500092547525027840e+02
9.711359196461635293e+02
9.913242025357490093e+02
1.010926900885819123e+03
1.029728808309539772e+03
1.048575817164337423e+03
1.065732564627378451e+03
1.083395416015286628e+03
1.099864402587703808e+03
1.116223048527720721e+03
1.131168008608369973e+03
1.145954688769450058e+03
1.159747289283704504e+03
1.173123922155356695e+03
1.185569734842438720e+03
1.196062596333306828e+03
1.207179110837490271e+03
1.206888376523394072e+03
1.202106306383390120e+03
1.201286911604045144e+03
1.200947834791150399e+03
1.199675928933302430e+03
1.196942702573560837e+03
1.128511829386307227e+03
1.069065475542683089e+03
1.031160463724623241e+03
1.002280811808442195e+03
9.787488392589208388e+02
9.587757319266306695e+02
9.413359654918284605e+02
9.263052108785219616e+02
9.141342652627233747e+02
9.041968445991184353e+02
8.963392921273568845e+02
8.915826126147742343e+02
8.894361813552334297e+02
8.905188952459528764e+02
8.957006846739819821e+02
9.062602791848652259e+02
9.233826209822354940e+02
9.478927041323941012e+02
9.903922192478758006e+02
8.265977311120921513e+03
1.704606971841125051e+04
8.201923745486095868e+03
5.152525752358897080e+03
4.594195251184353765e+03
4.254800539818497782e+03
4.038204760576111767e+03
3.898592040474838541e+03
3.811156415877796462e+03
3.762535461171401948e+03
3.171446445247265729e+03
3.030237646646562098e+03
3.170092475504873164e+03
3.531363166632878347e+03
4.273405963772837822e+03
6.633464502257224012e+03
6.979514428133546971e+03
7.720437201567906413e+03
6.795225752273528087e+03
1.674943696946410910e+03
1.066142676836538612e+03
8.444245931563719978e+02
7.114009181686415104e+02
6.182194314996672801e+02
5.485939301727064503e+02
4.925433809239250422e+02
4.458922549959906405e+02
4.059318883569249579e+02
3.705658643034451529e+02
3.388154127729785046e+02
3.095069468315335826e+02
2.821212816263580407e+02
2.560809117958112893e+02
2.307928912504217465e+02
2.058727154755013657e+02
1.807085270812283682e+02
1.545724660364228953e+02
1.261704178041603939e+02
9.257085772737467266e+01
4.155062471426314374e+01
0.000000000000000000e+00
0.000000000000000000e+00
0.000000000000000000e+00
