3.136670428442902114e+00 3.134947570515281612e+00 6.473928050075324903e-01 4.649262396719530677e-01 3.945001777639334795e-01 3.939010633480933832e-01
3.137088543326268741e+00 3.136055338756788213e+00 6.487447354949577027e-01 4.651259488651522944e-01 3.942055681065428918e-01 3.945383748999674034e-01
3.136526818130235927e+00 3.134889878579179445e+00 6.506771526075980638e-01 4.637188279119501821e-01 3.940639658689171210e-01 3.948766335503629543e-01
3.134826196488312622e+00 3.137006095925382265e+00 6.548806764011554371e-01 4.631410725348709123e-01 3.946765384204422022e-01 3.944635341560312480e-01
3.136419959498081944e+00 3.134663604668015413e+00 6.592932432779402552e-01 4.616924644840854075e-01 3.942507625444846009e-01 3.951158173134446394e-01
3.134941741808373816e+00 3.137343795752067344e+00 6.655574013598284377e-01 4.594698882979363352e-01 3.943789460309496397e-01 3.951577542671984022e-01
3.135420322676843341e+00 3.137201780661761585e+00 6.724408320463060029e-01 4.566649036198004441e-01 3.947063796744484931e-01 3.950012120580299602e-01
3.138139678517410935e+00 3.136702399459077917e+00 6.808003395763326804e-01 4.534719506477960516e-01 3.951484916754147703e-01 3.946234884287341260e-01
3.138213864751102200e+00 3.139464153944760305e+00 6.902274637419858472e-01 4.494240577919051960e-01 3.946411397471752958e-01 3.951093331689763399e-01
3.140636438396184893e+00 3.140569455503048779e+00 7.007341794755886921e-01 4.446062733375619191e-01 3.949662056002952171e-01 3.947152446822604910e-01
3.143646459693230977e+00 3.144018496535264440e+00 7.115284462130079257e-01 4.408036727677196454e-01 3.947048845698156727e-01 3.949287626076427582e-01
3.149266649380971117e+00 3.149225070578465235e+00 7.223084510396702296e-01 4.385834467341611087e-01 3.950709020566758323e-01 3.947284983711765172e-01
3.154276202550990504e+00 3.155601763018033967e+00 7.349962829301296408e-01 4.351099055019021500e-01 3.952146651928116206e-01 3.947245220238237429e-01
3.161486922660456944e+00 3.161462082406599094e+00 7.508244330975533121e-01 4.302103710735219466e-01 3.946813702857819850e-01 3.949505882978892601e-01
3.171428107639453042e+00 3.170638432592404410e+00 7.661374234903349789e-01 4.266456559218403943e-01 3.947917720279964238e-01 3.946935100226196536e-01
3.182992620613917634e+00 3.182002432718076701e+00 7.823892411101470712e-01 4.235669551231502350e-01 3.946299422495527787e-01 3.950140775145951078e-01
3.195124749816759646e+00 3.194959032265017651e+00 8.018998136599982951e-01 4.192863347169620836e-01 3.947198424568937880e-01 3.946182343220326350e-01
3.212243005403658369e+00 3.211207827380865965e+00 8.199821620856441173e-01 4.164062873386010222e-01 3.945797249248664262e-01 3.946856177737498306e-01
3.229564133708096474e+00 3.229504996027250829e+00 8.414734624604250923e-01 4.127359597910659761e-01 3.945167692875839460e-01 3.946199059205560689e-01
3.251419830689155521e+00 3.252097657027896105e+00 8.640099560131266898e-01 4.095536530300302180e-01 3.944336558767025935e-01 3.944658549262737846e-01
3.275999101449215356e+00 3.276199556680302827e+00 8.883395611632247668e-01 4.062696435533314498e-01 3.943963726139597670e-01 3.943204297114368262e-01
3.305341486820625896e+00 3.304825399573829703e+00 9.138331481318120453e-01 4.031052939708283378e-01 3.942002634030135066e-01 3.941873381998349801e-01
3.337215781455595387e+00 3.337081585069121559e+00 9.409713149029429458e-01 4.000039471576082306e-01 3.940303440019014003e-01 3.940073758883465560e-01
3.374032246793298828e+00 3.374334999495490095e+00 9.691617802449836727e-01 3.970297611454444708e-01 3.937863261422006045e-01 3.937921821135554334e-01
3.415414248464625047e+00 3.415415440159395910e+00 9.994545109718265818e-01 3.935151527898086976e-01 3.935113400390393701e-01 3.940817691112126209e-01
3.461930328616626529e+00 3.461920596224473456e+00 1.032991738948815241e+00 3.931896236186609994e-01 3.931922966418565646e-01 3.912895909144757933e-01
3.513952616470864765e+00 3.514015325666713707e+00 1.068850888484565331e+00 3.928263105287367329e-01 3.928271715917683871e-01 3.885602365466628294e-01
3.571996773079251231e+00 3.572019193169787332e+00 1.107189043127093431e+00 3.924417767076976427e-01 3.924380315931288443e-01 3.858486376386953132e-01
3.636660617286156416e+00 3.636681955445779213e+00 1.148372425063193480e+00 3.920435474105917750e-01 3.920407914963335849e-01 3.833423400571272510e-01
3.708543372591995624e+00 3.708538018630608946e+00 1.193477957812607126e+00 3.916432178449491541e-01 3.916402819587338491e-01 3.807410027267373320e-01
3.788342118372268974e+00 3.788320562213102871e+00 1.241321341763073072e+00 3.912415160143939419e-01 3.912391791465320012e-01 3.784111931347055036e-01
3.876844561770794062e+00 3.876859008309449628e+00 1.292988671813247059e+00 3.908302723613432672e-01 3.908258637227393639e-01 3.760117463059194365e-01
3.974987888321339646e+00 3.974988574019497900e+00 1.348246759970858522e+00 3.904076667142337143e-01 3.903966650777897507e-01 3.737584963641609193e-01
4.083819221512828612e+00 4.083790247400377993e+00 1.408729367027206525e+00 3.899500802663034560e-01 3.899623616909446144e-01 3.716142589636364790e-01
4.204465379155739591e+00 4.204524338181137466e+00 1.474365766958266377e+00 3.895010747547902885e-01 3.894790736758923511e-01 3.696287776064913211e-01
4.338438971670917077e+00 4.338565995927934793e+00 1.546846766566316589e+00 3.889896883755866730e-01 3.890162185094899194e-01 3.677077178086986531e-01
4.487423690503684170e+00 4.487518194773230995e+00 1.625750166315126810e+00 3.884840590146553807e-01 3.885202205699042066e-01 3.659359628478596194e-01
4.653344061938582854e+00 4.653442388223896664e+00 1.711757536021473847e+00 3.880062196258216578e-01 3.879620540880401869e-01 3.644630195958572516e-01
4.838505060558293991e+00 4.838741933453230892e+00 1.807081154044301696e+00 3.874332263441268576e-01 3.874734678309892377e-01 3.631340554660630326e-01
5.045911940413924768e+00 5.046057777029232305e+00 1.912422183536988562e+00 3.869011830027547783e-01 3.869250602320263299e-01 3.622074795872406439e-01
5.278880830966567572e+00 5.278865383164896841e+00 2.028168139884876098e+00 3.863305291819558174e-01 3.864030430243882708e-01 3.616718289933987251e-01
5.541534988674475137e+00 5.541389774130881740e+00 2.158180302812424234e+00 3.858514367736918249e-01 3.857860147548252128e-01 3.616960028861285759e-01
5.838640937116489127e+00 5.839029657551599861e+00 2.303470595494494511e+00 3.852626295531665357e-01 3.852769315072707701e-01 3.620013218193667281e-01
6.177236766753639863e+00 6.177580030667368938e+00 2.466629038589751133e+00 3.847328154482799190e-01 3.847180076457080711e-01 3.628633697228807464e-01
6.565037306015073071e+00 6.565719660747463493e+00 2.654964225461104554e+00 3.841674394439599793e-01 3.842179315796413475e-01 3.645104767937161760e-01
7.012837928161852474e+00 7.013603230699838598e+00 2.870108488300002758e+00 3.836548960627970128e-01 3.836883407799416834e-01 3.667080182453334447e-01
7.534200175739797167e+00 7.535200602014318072e+00 3.119779840801149895e+00 3.832265938059555843e-01 3.831642225211117636e-01 3.698241049103888622e-01
8.148887323304780494e+00 8.147951289066289959e+00 3.411342511731451310e+00 3.827090768147357047e-01 3.827200934528215970e-01 3.734287953336523080e-01
8.878363837060991415e+00 8.878875279746301530e+00 3.754678792983388469e+00 3.823610048525717953e-01 3.823639333718146793e-01 3.803539651445181913e-01
9.763916157543999219e+00 9.760941635698651808e+00 4.169464263545477500e+00 3.819485407095370988e-01 3.820010585260473213e-01 3.853263559306353003e-01
1.084668454359297840e+01 1.084566389586898438e+01 4.676694151782874620e+00 3.817047503895300009e-01 3.819752844462812602e-01 4.011161763725674678e-01
1.220839356096923289e+01 1.221503595281844312e+01 5.314179086364192450e+00 3.815643252055355705e-01 3.819019189421616889e-01 4.071353727249510390e-01
1.396743079775116669e+01 1.397052535196079504e+01 6.132327821704566695e+00 3.818458948158738875e-01 3.824959633900271161e-01 4.336186778430385358e-01
1.632513204364072479e+01 1.632307961170350907e+01 7.228759387200776487e+00 3.832191505946366816e-01 3.835861252412881006e-01 4.575656115036541016e-01
1.962951622281456920e+01 1.963134545962714128e+01 8.765926473924766427e+00 3.857119640771695113e-01 3.862426535388923665e-01 4.957635863970925039e-01
2.461091151581561576e+01 2.459563363597319352e+01 1.108186268087765924e+01 3.874382817566448534e-01 3.882374018192460974e-01 5.236990528385214727e-01
3.290490452575345870e+01 3.290497660026404958e+01 1.493008754136985416e+01 3.906691455156965920e-01 3.911705863414733919e-01 5.452022565694600864e-01
4.954887434238768407e+01 4.954897815802968353e+01 2.265782396476307170e+01 3.979950629945094853e-01 3.971804306975839083e-01 5.833472102042136509e-01
9.950072849789418683e+01 9.950096670609515570e+01 4.565960156310946161e+01 4.059536704892046100e-01 4.019981845890795435e-01 6.325567088228964963e-01
0.000000000000000000e+00 0.000000000000000000e+00 0.000000000000000000e+00 3.800730773022912845e-01 3.800695185310745683e-01 3.800808899108733541e-01
7.385924277605202803e+01 7.385937619364437978e+01 4.370783319846499637e+01 4.053835090980629219e-01 4.023147464957465003e-01 6.218141782642974125e-01
3.670587923499557803e+01 3.670592951446113261e+01 2.156710036758244087e+01 3.977063276706516715e-01 3.958522960966007198e-01 5.625010944786650313e-01
2.434486747324154976e+01 2.434788571534250678e+01 1.420698936091869768e+01 3.903836204439213864e-01 3.913979276521746820e-01 5.619328350245482717e-01
1.816360518450753503e+01 1.817311562640264455e+01 1.054172928696041289e+01 3.867656318015544881e-01 3.870965342940074772e-01 4.650206180423352986e-01
1.445871410586870809e+01 1.447347809078470959e+01 8.342132489790239802e+00 3.852392077898646461e-01 3.849914555511232961e-01 4.141082473155027754e-01
1.200531214650538914e+01 1.199824201195569273e+01 6.876657220235076196e+00 3.837670406870453688e-01 3.839051179678297787e-01 3.724947159659089402e-01
1.024614792896802840e+01 1.024117114320427291e+01 5.831982645369545359e+00 3.835653923979143176e-01 3.834548103381066886e-01 3.522504984888575330e-01
8.930419363696920243e+00 8.928325121043778623e+00 5.050029758352099662e+00 3.838162489198400640e-01 3.837254131735380880e-01 3.441992327748001346e-01
7.912578801059135358e+00 7.910426980636778183e+00 4.444104142436516192e+00 3.843473536429383164e-01 3.843914075650740059e-01 3.412101330697704382e-01
7.102174678534215246e+00 7.101495127747421421e+00 3.961344068274878172e+00 3.852138632348490743e-01 3.851899360172115760e-01 3.403704839947822580e-01
6.443551297285024404e+00 6.443716423465930099e+00 3.567817689229812128e+00 3.861639134584539668e-01 3.861761695280692130e-01 3.403575910701525653e-01
5.898767129604613579e+00 5.898730825642734210e+00 3.240729447980282174e+00 3.872492592300829650e-01 3.872423914501800790e-01 3.406989241497166976e-01
5.440928061136599325e+00 5.440922953114203153e+00 2.964541547337827598e+00 3.884094222016502562e-01 3.884063867043999752e-01 3.412203247386073057e-01
5.051633456451351201e+00 5.051628134531960690e+00 2.728471302924700304e+00 3.896410373314566078e-01 3.896389667998384487e-01 3.418424436447820014e-01
4.717360736159084134e+00 4.717369461253437812e+00 2.524498268558412306e+00 3.909292564217771715e-01 3.909292105695505448e-01 3.425407091420027417e-01
4.427935383306421890e+00 4.427927344616474414e+00 2.346709371246989750e+00 3.922680026835790867e-01 3.922689968254176041e-01 3.433088341056064197e-01
4.175423025889108075e+00 4.175431450807002065e+00 2.190454631098725624e+00 3.936463128126667099e-01 3.936456674807194966e-01 3.441392311294230177e-01
3.953812780720963538e+00 3.953822360236574962e+00 2.052227986197398657e+00 3.950528603184927379e-01 3.950518131147425782e-01 3.450270117915779644e-01
3.758377380329646300e+00 3.758362260617673645e+00 1.929568482064974999e+00 3.964763165807190237e-01 3.964757047610020790e-01 3.459671380303173671e-01
3.585255747969531281e+00 3.585247515725418666e+00 1.819704397465698786e+00 3.979056453433170715e-01 3.979050249955194407e-01 3.469610031708575959e-01
3.431362516037113064e+00 3.431351249745890453e+00 1.720337940404362609e+00 3.993354684417138589e-01 3.993339594703738116e-01 3.480101940436280961e-01
3.294162236407643274e+00 3.294160540373216595e+00 1.630204405233477649e+00 4.007483698430401309e-01 4.007474847469945090e-01 3.491211992858722635e-01
3.171614631331958645e+00 3.171612346596398346e+00 1.548303073535072238e+00 4.021366798123153785e-01 4.021315490682572658e-01 3.503003719245936232e-01
3.062023879103111579e+00 3.062027486522795439e+00 1.473574559538377571e+00 4.034831923450669655e-01 4.034818061643213327e-01 3.515563467219178229e-01
2.964028997463554305e+00 2.964034770603122038e+00 1.405151202796845133e+00 4.047869123796227764e-01 4.047849786736323341e-01 3.528952676949710932e-01
2.876481688272583437e+00 2.876490586429995222e+00 1.342266311542823054e+00 4.060329152901805960e-01 4.060311599258176196e-01 3.543184292788226775e-01
2.798379949700530833e+00 2.798383894833037733e+00 1.284207297405928649e+00 4.072133113021985662e-01 4.072121684363351202e-01 3.558347034904810746e-01
2.728804097967976627e+00 2.728806839880942636e+00 1.230464871086947687e+00 4.083281722647803536e-01 4.083211425576254716e-01 3.574514712905217384e-01
2.666961759173044122e+00 2.666965846444958821e+00 1.180644631947210366e+00 4.093519077491985514e-01 4.093582409124063015e-01 3.591767647045413514e-01
2.612224887179228627e+00 2.612225087220278130e+00 1.134282519600444239e+00 4.102961084882589815e-01 4.103000540355283832e-01 3.610120494765984289e-01
2.564034347263343339e+00 2.564034289320158422e+00 1.091020863092245774e+00 4.111515099855761468e-01 4.111481218023140261e-01 3.629656091920029359e-01
2.521916677385779515e+00 2.521911034640087479e+00 1.050610373929120600e+00 4.119032180277653055e-01 4.118992500763932751e-01 3.650403516816493887e-01
2.485401921893911847e+00 2.485404968794517000e+00 1.012797768432650791e+00 4.125485047965462559e-01 4.125497698036089123e-01 3.672488252687807764e-01
2.454090600925105115e+00 2.454095941262150582e+00 9.777744807985271347e-01 4.130871836328684488e-01 4.130967385281604232e-01 3.696071430035224314e-01
2.427586538132815885e+00 2.427582569370187127e+00 9.454415374489456569e-01 4.135285417407335018e-01 4.135263196721594148e-01 3.721021678266545618e-01
2.405531215409587364e+00 2.405531062527874298e+00 9.148560483468957116e-01 4.138617869966437768e-01 4.138705547258186290e-01 3.747498383738431804e-01
2.387619863051462232e+00 2.387616405135531750e+00 8.857927629088797605e-01 4.141190216363608290e-01 4.141138394809830703e-01 3.775236762830093684e-01
2.373548573251030191e+00 2.373544755171066445e+00 8.582588246272372379e-01 4.142832031061507991e-01 4.142926644557530236e-01 3.804422437129201251e-01
2.363031856728730506e+00 2.363024128292354309e+00 8.320998730215358741e-01 4.143911347739432371e-01 4.143928237646710699e-01 3.834711320558641390e-01
2.355801838512059820e+00 2.355803536123318942e+00 8.075129118752152335e-01 4.144287032117889291e-01 4.144333354070454667e-01 3.866698482902428680e-01
2.351594145757844423e+00 2.351589224405581824e+00 7.844305301195753088e-01 4.144050402057568583e-01 4.144051292685431154e-01 3.900413986675883571e-01
2.350129802703486259e+00 2.350112487483466239e+00 7.622658267587010261e-01 4.143169616320117599e-01 4.143182837067398427e-01 3.935906365006847651e-01
2.351113284079117793e+00 2.351129105760242144e+00 7.416357523095836735e-01 4.141680084546400242e-01 4.141720200125700302e-01 3.973237792037903060e-01
2.354318233640532831e+00 2.354312143891443387e+00 7.231963637988985116e-01 4.139758973292826383e-01 4.139745403964115167e-01 4.012638352553918875e-01
2.359418773643572997e+00 2.359423444468950137e+00 7.059411188092579170e-01 4.137437413905187822e-01 4.137465595181666345e-01 4.054233016785169230e-01
2.366171389336471975e+00 2.366150689337618740e+00 6.883100146605226621e-01 4.134933212346703080e-01 4.134966436346551033e-01 4.098178048579056432e-01
2.374270524997887488e+00 2.374231209914766882e+00 6.711692856593521883e-01 4.144595479997054688e-01 4.132446058123258048e-01 4.132436264382563507e-01
2.383351217484941831e+00 2.383503475272751082e+00 6.557470500932418567e-01 4.193310578516782905e-01 4.130118584953272887e-01 4.130054504533707260e-01
2.393559955255282645e+00 2.393333217885540876e+00 6.413663512735785499e-01 4.244250318346722839e-01 4.128418493959933322e-01 4.127470856788953979e-01
2.404180704941465407e+00 2.404045816654509338e+00 6.271237164917070617e-01 4.297779398008787499e-01 4.125697121488917096e-01 4.125989222525530131e-01
2.415443192733528921e+00 2.414686918901357782e+00 6.140457857751645543e-01 4.354119859865956399e-01 4.123024965913790196e-01 4.124330363671057653e-01
2.427026832488130115e+00 2.424950457722456321e+00 6.023260802356100729e-01 4.411919374376175873e-01 4.121576347114278560e-01 4.121008787326337353e-01
2.435254787745148697e+00 2.437905712264903269e+00 5.913362572171658726e-01 4.470470641658411681e-01 4.119111166198748952e-01 4.118415869912371852e-01
2.444897017637599479e+00 2.447104142981925801e+00 5.810883272436625502e-01 4.529723416314035966e-01 4.117839699354361449e-01 4.114672366218431465e-01
2.454997215810124089e+00 2.453390148523955983e+00 5.715320625151900646e-01 4.589840841761130830e-01 4.115193885117924832e-01 4.112653138442752820e-01
2.462784522897747408e+00 2.459920588847565259e+00 5.623678374512797173e-01 4.649018640765433252e-01 4.113577607808799330e-01 4.110256516766405133e-01
2.468178052039738279e+00 2.465996126031016811e+00 5.538619972933952473e-01 4.704920138455331857e-01 4.112101044621180312e-01 4.108564710887315230e-01
2.470081286826853351e+00 2.472367433141168025e+00 5.470270770082047429e-01 4.751497850036807136e-01 4.109457472744997841e-01 4.108898127053257077e-01
2.472746276170946889e+00 2.474548430537176991e+00 5.424780447783221771e-01 4.783646153218291119e-01 4.111846751959779556e-01 4.104573474620756834e-01
2.473727427382152122e+00 2.473046841243361271e+00 5.357694702420219279e-01 4.786810352069292285e-01 4.102339294137491987e-01 4.106052267067165085e-01
2.473727427382152122e+00 2.473046841243361271e+00 5.357694702420219279e-01 4.786810352069292285e-01 4.102339294137491987e-01 4.106052267067165085e-01
2.470377456689016427e+00 2.468614099698299480e+00 5.354254824368658294e-01 4.788063679704135378e-01 4.099891282927771718e-01 4.098595026726161161e-01
2.462539090105061224e+00 2.456737226752863545e+00 5.352201073955077382e-01 4.795801013261350998e-01 4.100542194361764259e-01 4.094368172734312861e-01
2.449655779094535024e+00 2.437280646102793380e+00 5.363130468531815964e-01 4.808768414803014646e-01 4.100936242434711776e-01 4.087843991119248233e-01
2.432152944645730841e+00 2.410967038623192060e+00 5.373671102679550282e-01 4.826995618447154079e-01 4.100302951415689123e-01 4.077691593028051620e-01
2.410315186845811475e+00 2.378490772228143424e+00 5.400590146204000686e-01 4.850315545370479930e-01 4.099964945535910510e-01 4.065589547831643946e-01
2.384777402696897752e+00 2.340866068126307820e+00 5.420776490731845643e-01 4.878375487979775826e-01 4.100182110508432953e-01 4.052018749376672391e-01
2.355908596184939974e+00 2.298836619999836905e+00 5.453459041736095081e-01 4.911388536814081940e-01 4.100233615826181510e-01 4.037113872178200724e-01
2.324474258955529837e+00 2.253059497625071739e+00 5.488243794408784737e-01 4.948553146161509542e-01 4.100980648974006382e-01 4.021333820378048540e-01
2.290680923010973924e+00 2.204174392679999706e+00 5.528936067412171251e-01 4.990291358438594949e-01 4.101987783618545880e-01 4.004996041867248668e-01
2.255117466289934924e+00 2.152864875989514815e+00 5.573355192123411461e-01 5.036197514851394885e-01 4.103625214439606816e-01 3.988275187439858094e-01
2.218164396025272378e+00 2.100108157691403132e+00 5.619753300927392559e-01 5.086203776832535217e-01 4.105507571785123599e-01 3.971433183783804610e-01
2.180404691740922551e+00 2.046899158202525104e+00 5.668648219168179736e-01 5.139869265785018682e-01 4.107730950089003019e-01 3.954598864897405086e-01
2.142438294203084848e+00 1.993987947329839638e+00 5.719514889315624462e-01 5.197088183242708492e-01 4.110178906408393229e-01 3.938068120871976441e-01
2.104821765373327214e+00 1.941783293602157290e+00 5.771516566617601596e-01 5.257164785351973180e-01 4.112988612838372471e-01 3.921968753332283897e-01
2.068015165422021795e+00 1.890665077950594686e+00 5.824232988063168248e-01 5.320756707248101014e-01 4.116222500039076748e-01 3.906466889425144751e-01
2.032360370224973067e+00 1.841159638219820982e+00 5.877248756456626699e-01 5.387289942080368821e-01 4.119534666242803955e-01 3.891674276488028550e-01
1.998056015509064975e+00 1.793764956476691985e+00 5.930025736413584436e-01 5.456363668954756774e-01 4.123117198342593492e-01 3.877713212835989798e-01
1.965286299011380633e+00 1.748835079505766998e+00 5.982031306486722544e-01 5.527548748057031780e-01 4.126801083767198675e-01 3.864587679338225557e-01
1.934261196167097685e+00 1.706641900888233421e+00 6.032744268215082251e-01 5.599541256635554021e-01 4.130623696043793092e-01 3.852460321459094117e-01
1.905197671010762317e+00 1.667389332914110733e+00 6.081420048004373413e-01 5.670255176886940252e-01 4.134457668065676939e-01 3.841271047213900558e-01
1.878335659767912169e+00 1.631268465077829521e+00 6.127545919019075082e-01 5.737694964683426324e-01 4.138223041609106478e-01 3.831054630596962829e-01
1.853887909773428211e+00 1.598461714683879764e+00 6.170584295830027211e-01 5.801257222567745009e-01 4.141852967644739092e-01 3.821878938646234847e-01
1.832009022336669402e+00 1.569117085471351425e+00 6.209902742163959655e-01 5.860977746724065351e-01 4.145257970556321392e-01 3.813704327879254286e-01
1.812834220891081927e+00 1.543353124588548786e+00 6.244875896330597254e-01 5.916447068581682789e-01 4.148365427930514882e-01 3.806533635309979902e-01
1.796454728893201125e+00 1.521272057554815760e+00 6.275063918356301729e-01 5.966574074573106623e-01 4.151108218293907970e-01 3.800410182071469190e-01
1.782946810339197663e+00 1.503002504740005296e+00 6.300013289541621653e-01 6.009806360885421306e-01 4.153431440577210476e-01 3.795347140590124568e-01
1.772356171604114738e+00 1.488650003321327908e+00 6.319529791357935133e-01 6.044655099484489424e-01 4.155272426864452529e-01 3.791382893912252361e-01
1.764769148626675221e+00 1.478312079014213465e+00 6.333543923721116631e-01 6.070042192727170827e-01 4.156624250884060068e-01 3.788547271713750830e-01
1.760208436962594991e+00 1.472075671798211527e+00 6.341971671745635364e-01 6.085409438643197833e-01 4.157433174056565650e-01 3.786838848279127645e-01
1.758680590188157700e+00 1.469989225245173392e+00 6.344813914414230149e-01 6.090512051619957345e-01 4.157700125963959548e-01 3.786234730058997688e-01
1.759519912976272860e+00 1.470617794732989259e+00 6.352204195915246432e-01 6.082319454048182861e-01 4.157630961198516828e-01 3.786247075208370449e-01
1.761314950594011997e+00 1.472148957666812530e+00 6.355440719259369819e-01 6.073711097696450345e-01 4.157445769449593098e-01 3.786538511641371341e-01
1.765010915387258628e+00 1.474740795292405204e+00 6.368897085148855775e-01 6.052070866467464949e-01 4.157112755853981656e-01 3.786852380386094841e-01
1.765014492973840721e+00 1.474741753024481739e+00 6.368882277691437777e-01 6.052083966096645229e-01 4.157129181690554232e-01 3.786865775842294113e-01
1.770085043603737196e+00 1.477876253359503123e+00 6.373803297023185044e-01 6.033774916930824128e-01 4.156666019420197089e-01 3.787441188007900639e-01
1.777332639735851538e+00 1.481765420230119590e+00 6.385085427349269649e-01 6.005722163112896528e-01 4.156099339157761086e-01 3.788144890398085773e-01
1.777330969750160916e+00 1.481764010054838820e+00 6.385128947772121810e-01 6.005718491447250562e-01 4.156108005341992984e-01 3.788156540772175673e-01
1.786389083177160497e+00 1.485784551582427504e+00 6.386402044232365460e-01 5.983004815257348952e-01 4.155452510132710553e-01 3.789116065670634081e-01
1.797909283287175253e+00 1.490195564606442202e+00 6.392496552632822571e-01 5.952657242918187874e-01 4.154733868850889467e-01 3.790292714590529632e-01
1.797914193192400534e+00 1.490193068706201052e+00 6.392450011372401431e-01 5.952668909466556357e-01 4.154730484315169448e-01 3.790302305931539384e-01
1.811570352659446437e+00 1.494335901062097127e+00 6.388650525523220658e-01 5.928598215080199685e-01 4.153948982033238702e-01 3.791721674863833824e-01
1.827843958252996170e+00 1.498549864083686067e+00 6.389095589106466022e-01 5.898174984636203044e-01 4.153117444432765648e-01 3.793331675937743896e-01
1.827850322826845675e+00 1.498547623748968105e+00 6.389042208532583755e-01 5.898179291143824665e-01 4.153123146751622752e-01 3.793342574627902031e-01
1.846367163613944484e+00 1.502227965414393518e+00 6.380269772373248216e-01 5.874454866935063801e-01 4.152289028173316021e-01 3.795178479381478565e-01
1.867443351944139573e+00 1.505775145214703015e+00 6.375958624298959654e-01 5.845188479018470495e-01 4.151464832083207046e-01 3.797157844123887904e-01
1.867443020642936879e+00 1.505778388230396558e+00 6.376009594631661948e-01 5.845186092734138139e-01 4.151465039954970737e-01 3.797167711152797387e-01
1.890647146717453264e+00 1.508670296756671192e+00 6.363276492426569453e-01 5.822950333573509996e-01 4.150690534427404210e-01 3.799262319795747023e-01
1.916112059338694662e+00 1.511370602812819319e+00 6.355788214715957229e-01 5.795047522588716582e-01 4.149994817105578937e-01 3.801415633139064720e-01
1.916113147606113953e+00 1.511370226678770967e+00 6.355821119297253574e-01 5.795031018844313264e-01 4.149982818755302838e-01 3.801393324622299730e-01
1.943270180089717414e+00 1.513438014409808519e+00 6.340596124539700229e-01 5.774050383377902218e-01 4.149380099795776933e-01 3.803631835590792210e-01
1.972152992743996469e+00 1.515338078838349256e+00 6.331155815879717652e-01 5.747894869126839446e-01 4.148848126628690292e-01 3.805861883110145949e-01
1.972153323887021026e+00 1.515339881608697814e+00 6.331134930225456037e-01 5.747919537747567809e-01 4.148855404251740597e-01 3.805865484276468869e-01
2.002171328721190413e+00 1.516695672140453643e+00 6.314528032179083095e-01 5.728630904113195532e-01 4.148472846478092890e-01 3.808057682974947400e-01
2.033319484570422997e+00 1.517949021651322727e+00 6.304333120041204497e-01 5.703731858675976651e-01 4.148161693598647060e-01 3.810213973838507129e-01
2.033317823019912041e+00 1.517948246382864408e+00 6.304310627818825452e-01 5.703742946607833764e-01 4.148158941186970705e-01 3.810225003894647799e-01
2.064924738678412197e+00 1.518767004194860437e+00 6.287433148215901824e-01 5.685954870707320419e-01 4.147989461166651792e-01 3.812306048489756405e-01
2.096888388381897617e+00 1.519545058132764526e+00 6.277516485040517402e-01 5.662686233749033571e-01 4.147871760078978842e-01 3.814326013583598241e-01
2.096887701303408846e+00 1.519544159046094745e+00 6.277523977650834031e-01 5.662664010722183727e-01 4.147863463626231817e-01 3.814323164972018843e-01
2.128438676427308884e+00 1.519992420071694550e+00 6.261201123654265288e-01 5.646754738112306216e-01 4.147874020371600245e-01 3.816208283441906990e-01
2.159377849128611082e+00 1.520449426336336174e+00 6.252342507749273359e-01 5.625672308239330066e-01 4.147807043693936269e-01 3.817984568351435182e-01
2.159375221569681536e+00 1.520449099657274594e+00 6.252352714586993931e-01 5.625658616555410108e-01 4.147806150581102580e-01 3.817977130838726141e-01
2.188883095072274632e+00 1.520657036288910469e+00 6.237390805772260460e-01 5.612503805635772336e-01 4.147838716671097270e-01 3.819607810526339242e-01
2.216774776716785134e+00 1.520914600774631031e+00 6.230333928061403403e-01 5.594119441800823322e-01 4.147759491366406759e-01 3.821138546637277700e-01
2.216771868147156876e+00 1.520916242322418066e+00 6.230382275243878665e-01 5.594098304090212581e-01 4.147766154504196612e-01 3.821161267395237204e-01
2.242128175927708522e+00 1.520987330509125712e+00 6.217232959827085903e-01 5.584031558873813195e-01 4.147774567220285369e-01 3.822497400550933233e-01
2.264833531503121389e+00 1.521129178096385592e+00 6.212741892557808177e-01 5.569202125958083727e-01 4.147713548842973941e-01 3.823766971299446538e-01
2.264839387692771044e+00 1.521126510964395662e+00 6.212705492097371218e-01 5.569219900891403396e-01 4.147718943402207148e-01 3.823774901832055484e-01
2.283963797999405188e+00 1.521120513716113898e+00 6.202025268408387637e-01 5.562757746590734076e-01 4.147776492365037870e-01 3.824895237303903572e-01
2.299415072444672692e+00 1.521203700296574590e+00 6.200271133856318784e-01 5.551858397901742181e-01 4.147792075135660617e-01 3.826001998070845955e-01
2.299405738902523755e+00 1.521211121878285555e+00 6.200362865357197384e-01 5.551855707648379878e-01 4.147786271333201991e-01 3.825943972357703782e-01
2.310605252284134270e+00 1.521174235282876985e+00 6.192735543011548272e-01 5.550217616083398253e-01 4.147865249497058593e-01 3.826807573345721303e-01
2.317583998052464622e+00 1.521236615130908465e+00 6.193842713428684421e-01 5.543696609684718446e-01 4.147829567435121767e-01 3.827451491575951659e-01
2.317565584739393447e+00 1.521242522613507120e+00 6.193987691893559910e-01 5.543718398166709305e-01 4.147853089473344523e-01 3.827411686608120922e-01
2.319776014538518893e+00 1.521196881671793566e+00 6.189108990211988903e-01 5.545541658344533831e-01 4.147852310569414835e-01 3.827640285541830667e-01
2.319776014538518893e+00 1.521196881671793566e+00 6.189108990211988903e-01 5.545541658344533831e-01 4.147852310569414835e-01 3.827640285541830667e-01
2.325796319455270211e+00 1.539603278644366746e+00 6.141414118140721135e-01 5.524953342196988748e-01 4.146246538976264273e-01 3.834829425975256334e-01
2.320107456153666092e+00 1.521378164328649030e+00 6.203858020750135926e-01 5.532497237426461378e-01 4.147810849445859316e-01 3.827940627731233891e-01
2.326431495209590583e+00 1.539859873604518370e+00 6.171576148405932827e-01 5.497466755022801799e-01 4.146006121340058415e-01 3.834671299988194892e-01
2.327725632137339407e+00 1.540455938436500860e+00 6.225887403342305060e-01 5.452625087365672307e-01 4.145544675565319692e-01 3.834857412047747993e-01
2.334363176079960578e+00 1.560739554266737716e+00 6.216674766020019449e-01 5.399711768755276475e-01 4.143642459061685490e-01 3.842458426291030515e-01
2.329738755314238574e+00 1.541438287391889483e+00 6.295899650245712076e-01 5.398649093652496678e-01 4.144747071406461592e-01 3.835133138663610608e-01
2.336360818918516102e+00 1.561556800952076829e+00 6.296301351212977293e-01 5.342169912962437817e-01 4.142765809718511050e-01 3.842514955452851488e-01
2.342935736880544795e+00 1.583381284052473914e+00 6.302208842087961838e-01 5.281905898650606224e-01 4.140684780132062870e-01 3.850566751812506405e-01
2.339050609868114972e+00 1.562803351614909797e+00 6.382673129475385787e-01 5.281167219882857422e-01 4.141508719984107190e-01 3.842899480788090072e-01
2.345417075878839075e+00 1.584339295707154038e+00 6.394886016503075199e-01 5.219875032771661427e-01 4.139348438689988141e-01 3.850748639202083434e-01
2.348572689945791492e+00 1.585782305837135864e+00 6.491375173824981415e-01 5.157418668673366957e-01 4.137615497463917325e-01 3.850981579748238848e-01
2.354334236835752048e+00 1.608577626110026415e+00 6.512464489550977564e-01 5.094988639242665762e-01 4.135394197338342903e-01 3.858879357059374349e-01
2.352448174915490853e+00 1.587801859443221275e+00 6.592994203123205832e-01 5.096148020993889194e-01 4.135511268286525266e-01 3.851288812372202219e-01
2.357799336336740659e+00 1.610182271447090363e+00 6.619441992267208752e-01 5.034428500011374208e-01 4.133437691843332984e-01 3.858881191897933771e-01
2.362647689934774586e+00 1.634055386354354544e+00 6.648430481789955326e-01 4.972988382925154216e-01 4.131535086470186635e-01 3.866656070236195175e-01
2.361998415725608869e+00 1.612379475829516240e+00 6.733351501067581513e-01 4.976172400483648284e-01 4.131409177834204915e-01 3.858915089092014861e-01
2.366341192240066338e+00 1.635697186590627128e+00 6.767030942507494817e-01 4.916355387916956921e-01 4.129839754039650312e-01 3.866246645956656902e-01
2.370821984407299521e+00 1.638184207204109955e+00 6.889628166206924753e-01 4.862371596473930024e-01 4.128115079818597821e-01 3.865628361078449760e-01
2.374013105142372737e+00 1.662461304579213595e+00 6.929883961330267628e-01 4.805627505041382141e-01 4.127172793496654557e-01 3.872367518554384880e-01
2.376216382354296552e+00 1.641641559929523986e+00 7.010717846493039751e-01 4.811080965163232470e-01 4.126349639784632761e-01 3.864643846418087669e-01
2.378867806309816313e+00 1.665364340823834999e+00 7.053939560083636318e-01 4.756338065575057561e-01 4.125724953595665823e-01 3.870786833471879240e-01
2.380879242423083131e+00 1.690742034585344777e+00 7.098461622964749029e-01 4.702955433489405812e-01 4.125337795062154478e-01 3.876761417868994086e-01
2.384741659503451405e+00 1.669541322630586633e+00 7.176056940035889786e-01 4.709755785879229384e-01 4.124163961047615512e-01 3.868812979482204595e-01
2.386259879225326230e+00 1.694489726558414233e+00 7.225758173068839163e-01 4.658617829208210881e-01 4.124027397289523611e-01 3.873924813920556209e-01
2.392847482171683637e+00 1.699803335301004470e+00 7.361424146228017218e-01 4.616902865622886099e-01 4.122392405098476709e-01 3.870357935274866268e-01
2.393373173861609970e+00 1.726161755671058895e+00 7.423264337662525136e-01 4.569849423792811671e-01 4.122623226547189046e-01 3.874015148819676124e-01
2.400781754993397410e+00 1.706949174209366760e+00 7.506784972517354104e-01 4.577786658316082002e-01 4.120414168295808977e-01 3.866066502897816393e-01
2.401001116148473891e+00 1.733125994897031452e+00 7.576248637787914575e-01 4.533216989498606853e-01 4.120801833541059001e-01 3.868574528489350794e-01
2.400791197432330826e+00 1.761078049259388711e+00 7.647135589509682640e-01 4.490986895018723168e-01 4.121372791553162274e-01 3.870283429062996716e-01
2.410217586831954861e+00 1.742228348392863779e+00 7.731371515846454656e-01 4.499251383971405449e-01 4.118590555733035452e-01 3.862249114660023519e-01
2.409881991481060748e+00 1.770097335768617164e+00 7.808344034475563911e-01 4.459949327407954911e-01 4.119386675241768492e-01 3.862562671498464550e-01
2.420836470059127610e+00 1.781564181509483813e+00 7.974356605316754720e-01 4.431317597313255696e-01 4.117116146606794591e-01 3.853944410031312495e-01
2.420356546280089560e+00 1.811350609378057142e+00 8.063767034906481612e-01 4.396745979549627203e-01 4.118363504077555137e-01 3.851660045181349856e-01
2.433840313932812638e+00 1.795755063310431110e+00 8.146640425229578764e-01 4.404514025590319792e-01 4.114542338298559088e-01 3.844558665425282795e-01
2.433602803107580037e+00 1.825685281014282291e+00 8.245489594886065143e-01 4.371911281983353881e-01 4.115965345459854929e-01 3.840783123879786820e-01
2.433457161410211178e+00 1.857597222230135126e+00 8.348186811756018733e-01 4.341310940080376213e-01 4.117478107578821378e-01 3.835900232049338499e-01
2.449234596694156885e+00 1.843088240355154062e+00 8.432224893289596013e-01 4.348409301989473730e-01 4.113194249830346427e-01 3.829351523576330907e-01
2.449617493344071306e+00 1.875289702071349263e+00 8.546415566313720902e-01 4.319782128654973685e-01 4.114752610017571866e-01 3.823161935052633575e-01
2.468543282998596489e+00 1.896407041690108874e+00 8.751471186453569917e-01 4.299247294508875550e-01 4.111571721545379532e-01 3.810238226934411498e-01
2.470123571667264262e+00 1.931103484648647672e+00 8.881593018703951570e-01 4.274602684053578905e-01 4.112982850938525226e-01 3.801927329280341827e-01
2.490454969277335895e+00 1.921235753473973018e+00 8.961622634154404743e-01 4.279457937944188828e-01 4.107865876843136976e-01 3.797365924616244448e-01
2.493068577291381871e+00 1.956488932397223879e+00 9.102560666052905702e-01 4.256407982333186291e-01 4.109056163438743470e-01 3.788027906007441770e-01
2.496477597132338744e+00 1.994002442525676377e+00 9.247000500519247934e-01 4.235363554823272092e-01 4.109981127321963856e-01 3.777797773087995803e-01
2.519444178523690514e+00 1.986005021520269809e+00 9.328160706326560359e-01 4.238523001878879426e-01 4.104471182736784129e-01 3.774444233667184623e-01
2.524252087530211686e+00 2.024368788903533112e+00 9.485641551351362555e-01 4.218782140428162797e-01 4.105015090439736447e-01 3.763354303974800752e-01
2.555930127340323654e+00 2.059385998362189163e+00 9.734889515278494221e-01 4.202172163766629831e-01 4.099230343461246484e-01 3.749422424913933516e-01
2.563620784839556688e+00 2.101433120793205767e+00 9.916941848817765193e-01 4.185321086375456967e-01 4.098935910903264146e-01 3.736710059148353191e-01
2.591767654893792461e+00 2.099506524599480173e+00 9.997852661240363981e-01 4.185394481554187140e-01 4.092606332726601015e-01 3.735980482764979516e-01
2.601492956824499103e+00 2.142894622965504148e+00 1.020034958976531847e+00 4.169491663807057269e-01 4.091855134537514260e-01 3.722592003829185980e-01
2.612815284663425164e+00 2.189054360475789274e+00 1.041145034834309646e+00 4.155070423299910276e-01 4.090699191086236142e-01 3.708435919014436144e-01
2.644052880184716958e+00 2.190001951364926480e+00 1.049757781637037590e+00 4.153325645200111604e-01 4.083960546025999783e-01 3.709033373450542070e-01
2.657859792983512826e+00 2.237778066764567697e+00 1.072892159368809661e+00 4.139678316871118757e-01 4.082388329198146093e-01 3.694305471838874033e-01
2.708181431772853642e+00 2.292731639271948563e+00 1.106012253325791672e+00 4.123849378571776692e-01 4.073368303559260495e-01 3.680877470555933839e-01
2.726937845077190836e+00 2.345500682344205501e+00 1.132402711560562825e+00 4.112131428502341368e-01 4.071235420227575230e-01 3.665292895300262810e-01
2.764142080267678381e+00 2.354506548831419632e+00 1.140723635682550530e+00 4.107600733462686837e-01 4.063737081892414005e-01 3.668221810400500438e-01
2.786259452702555262e+00 2.409706884059006793e+00 1.169874518596987878e+00 4.096461675921140300e-01 4.061359823398863478e-01 3.652354877238722097e-01
2.810929683061544448e+00 2.468530568823854132e+00 1.200334590127568379e+00 4.086306779003870959e-01 4.058847086753075706e-01 3.636388168459722126e-01
2.852032886588584670e+00 2.481961083359640607e+00 1.209428291139631462e+00 4.080338225606757185e-01 4.051001925478613930e-01 3.640194905969243999e-01
2.880778998682905545e+00 2.544059455445347506e+00 1.242832522749923951e+00 4.070615664449040438e-01 4.048209943203197048e-01 3.624088537599102766e-01
2.958141284715145147e+00 2.628911124943291266e+00 1.287683410778579285e+00 4.054494254351799221e-01 4.037115606984462146e-01 3.612595811147640834e-01
2.994824075366125715e+00 2.698826691387806953e+00 1.326079171571965087e+00 4.045924617346886021e-01 4.033724803738643061e-01 3.596522283311379131e-01
3.043690283799407759e+00 2.723894855300893258e+00 1.335252476870908867e+00 4.038065344632235654e-01 4.025599000381645531e-01 3.601881733903490868e-01
3.085938026886367425e+00 2.798079049084106984e+00 1.377694110621491053e+00 4.029819798423210919e-01 4.021841770479439582e-01 3.585715441545967996e-01
3.132112668624020824e+00 2.876802337784730490e+00 1.422219265407504540e+00 4.022159034785415810e-01 4.017685493546088171e-01 3.569883320891218403e-01
3.186689734363241211e+00 2.909055709851693816e+00 1.432712736393345621e+00 4.013517015001994426e-01 4.009613116234729269e-01 3.575633012822074797e-01
3.239607069158175090e+00 2.993212408338090214e+00 1.482055631707545951e+00 4.006149467568942968e-01 4.005089928875431582e-01 3.559757618748001229e-01
3.358607277150189141e+00 3.123596311046352714e+00 1.546171852317338224e+00 3.992274478302277885e-01 3.990045148738732839e-01 3.550383585131871578e-01
3.424419855645981947e+00 3.219661327318417143e+00 1.603917249877285789e+00 3.987073943925699693e-01 3.983392117389307208e-01 3.535021441432404932e-01
3.490405507624309678e+00 3.269721166310892269e+00 1.614986155490018449e+00 3.979279171106726021e-01 3.973962225949075888e-01 3.541628508482229654e-01
3.565753812958077695e+00 3.373663649965100486e+00 1.679409073565500288e+00 3.973813018591952351e-01 3.967632354443852982e-01 3.526253964114079986e-01
3.647387345191080321e+00 3.483964790282596535e+00 1.747654429254207109e+00 3.968056777651302602e-01 3.961591712692888456e-01 3.511625413695375064e-01
3.722929410197368671e+00 3.546777359652501183e+00 1.761110809936455190e+00 3.960552531701378443e-01 3.952024518896631866e-01 3.518115749953563687e-01
3.816565704899095746e+00 3.667181420093391431e+00 1.837731659758064406e+00 3.954617748223827056e-01 3.946277691710348146e-01 3.503506146887333528e-01
4.005707344202856568e+00 3.874172043525589970e+00 1.935667525298610192e+00 3.941287669930936821e-01 3.931287531942062041e-01 3.495886128344483645e-01
4.122405276610147773e+00 4.015117719673557239e+00 2.027259577549024971e+00 3.935058375286812349e-01 3.926036560680705723e-01 3.482129164301332458e-01
4.217714812983905937e+00 4.108873166261055587e+00 2.042338015376636839e+00 3.928189795266032180e-01 3.916693591269860830e-01 3.488665741813142818e-01
4.352695613904927541e+00 4.265839958304811219e+00 2.146559097605219790e+00 3.921939974954846142e-01 3.911728537292452068e-01 3.474907610762865695e-01
4.499114595188129506e+00 4.433137549944204281e+00 2.258755553379473646e+00 3.915607035019216253e-01 3.906942166226314295e-01 3.462017977031481841e-01
4.612996916017840121e+00 4.552692428041423156e+00 2.278452863885132906e+00 3.909187969683598496e-01 3.898037476868687068e-01 3.468150092029173570e-01
4.783799528800360079e+00 4.741705837396176015e+00 2.407220888601964592e+00 3.902920153732792885e-01 3.893535386127067177e-01 3.455373302318149875e-01
5.109271284359263809e+00 5.098806168137324235e+00 2.573036260972906497e+00 3.890743752523973531e-01 3.880952608716522478e-01 3.449578371535844679e-01
5.330768028146057880e+00 5.328575575848995882e+00 2.735356918433494933e+00 3.884653699607986121e-01 3.876928999925685071e-01 3.438148976286440894e-01
5.514755941435356412e+00 5.483580480013205971e+00 2.759276441802636537e+00 3.879133270802105904e-01 3.869238383571843576e-01 3.445026405762077748e-01
5.784925520141936950e+00 5.744744537159169440e+00 2.949425947790631941e+00 3.873238591448310286e-01 3.865634427807342899e-01 3.434194524129807191e-01
6.075855071393220896e+00 6.031613960432882671e+00 3.158207673539591642e+00 3.867528813046296476e-01 3.862119324424418410e-01 3.424760691570296056e-01
6.322599743813237083e+00 6.231024753044887454e+00 3.193270792913414091e+00 3.862568986750448130e-01 3.855542044820044478e-01 3.433733392233272452e-01
6.669796629578105041e+00 6.579171021079448956e+00 3.442887401640714717e+00 3.857206890044970748e-01 3.852594081368750367e-01 3.424108800111321238e-01
7.389449648232406354e+00 7.233338790588343059e+00 3.774066794053960727e+00 3.848082608319547404e-01 3.844888131786817209e-01 3.432343491068940988e-01
7.852557997801793199e+00 7.713737851139676138e+00 4.114837393834214652e+00 3.843831210710081381e-01 3.842850009237013809e-01 3.431517716496412240e-01
8.274808413738291790e+00 8.025530249249163361e+00 4.162998854909400137e+00 3.840202651710923343e-01 3.840097587811879820e-01 3.460665422713721795e-01
8.861571384345429792e+00 8.636828957251015737e+00 4.589305961350979679e+00 3.837107683638799616e-01 3.837504740053617747e-01 3.471677865764677962e-01
9.511095980798700111e+00 9.332485198409660399e+00 5.080348160105806699e+00 3.837278076373017988e-01 3.839071638966064515e-01 3.555380989818412996e-01
1.015187529256360932e+01 9.797336004945433885e+00 5.166093357021656729e+00 3.832831238430376430e-01 3.835053339181432319e-01 3.572880032268211381e-01
1.101903641027965186e+01 1.072589372298700461e+01 5.811029463855067689e+00 3.834162826481707920e-01 3.837310081952086116e-01 3.686373008593229472e-01
1.306021511261839585e+01 1.257687409194809014e+01 6.745675793156721944e+00 3.840871111416667705e-01 3.839596742359203674e-01 3.948317427375326316e-01
1.446844953205637019e+01 1.412741183464290096e+01 7.824629172774697494e+00 3.849356803571121755e-01 3.847463949286415996e-01 4.350508221712411361e-01
1.594183494552110858e+01 1.513249310473951326e+01 7.974663146809190195e+00 3.839223459893711388e-01 3.848151343457579809e-01 4.490473941875734454e-01
1.815965098328257454e+01 1.751533153674539989e+01 9.586340547601812645e+00 3.872959470989086328e-01 3.867502763252381737e-01 5.007027487707345070e-01
2.085316112244614573e+01 2.055543445466575392e+01 1.170659496746867667e+01 3.890980234752527411e-01 3.876644059998660685e-01 5.147037315677559510e-01
2.416807888434912499e+01 2.285988195252017618e+01 1.219144703155063070e+01 3.898206943695715632e-01 3.905759154286998491e-01 5.374461843027753538e-01
2.936108384368053947e+01 2.858838934440032276e+01 1.609754117336910895e+01 3.941642589220357151e-01 3.915501234312682710e-01 5.549108656213402879e-01
4.878073554559948377e+01 4.607315109484044768e+01 2.493578448864308683e+01 4.000626130009993231e-01 3.986570742161124614e-01 5.825784838059875348e-01
7.385924277594432397e+01 7.385937619365648743e+01 4.370783319847338788e+01 4.044091372267479834e-01 4.052182271883269515e-01 6.218813170361593423e-01
9.950072849790518603e+01 9.950096670628194317e+01 4.565960156312598173e+01 4.044380148589342694e-01 4.050049462982024950e-01 6.329158786455024721e-01
