3.133934309065823598e+00 3.133934305849507496e+00 6.385317374398749024e-01 4.622588570188423951e-01 3.931549737949937007e-01 3.931549742985522844e-01
3.133862802774437295e+00 3.133862801647949059e+00 6.404247920927103044e-01 4.614936686477651984e-01 3.931725147397470699e-01 3.931725188186219189e-01
3.133780587815700791e+00 3.133780585334125401e+00 6.435540066737210907e-01 4.602499820170013467e-01 3.932012496181997441e-01 3.932012499228245694e-01
3.133742594235904733e+00 3.133742585058409080e+00 6.478848735009251625e-01 4.585698668221424579e-01 3.932404221240177744e-01 3.932404252158440694e-01
3.133824567146173745e+00 3.133824559320983472e+00 6.533765177281847247e-01 4.565029850915913734e-01 3.932889756022171501e-01 3.932889797272388632e-01
3.134122419680188898e+00 3.134122409493929950e+00 6.599871907651037040e-01 4.541053339304444991e-01 3.933455924018665062e-01 3.933456041099374634e-01
3.134750021013171573e+00 3.134750014811795715e+00 6.676776688426474538e-01 4.514333622080445863e-01 3.934086982272058663e-01 3.934087076877715305e-01
3.135839259116598221e+00 3.135839251391397298e+00 6.764158996528760737e-01 4.485397455661543908e-01 3.934764966658057528e-01 3.934765064471895113e-01
3.137537740480198512e+00 3.137537729765455641e+00 6.861777904201055156e-01 4.454722214348683651e-01 3.935470124737812658e-01 3.935470230423271931e-01
3.140007627912395183e+00 3.140007611139685739e+00 6.969490779749135667e-01 4.422727644239691225e-01 3.936181121160532981e-01 3.936181207593583697e-01
3.143424249304813678e+00 3.143424233592799322e+00 7.087262738584999555e-01 4.389773599624304246e-01 3.936875007160443030e-01 3.936875112780912622e-01
3.147975479733800874e+00 3.147975470475046222e+00 7.215162714409608657e-01 4.356163516102630195e-01 3.937528184659792596e-01 3.937528161412205407e-01
3.153858761097558805e+00 3.153858762234428514e+00 7.353355261352467753e-01 4.322149168266260499e-01 3.938114676045397222e-01 3.938114646247263817e-01
3.161283326651363357e+00 3.161283336442759051e+00 7.502097662869592343e-01 4.287937940418125038e-01 3.938609335015377799e-01 3.938609217815549068e-01
3.170467751919129995e+00 3.170467760450964345e+00 7.661730877403978290e-01 4.253699337266088620e-01 3.938986154449727328e-01 3.938986060920081078e-01
3.181640323089640621e+00 3.181640332845276031e+00 7.832682091695964965e-01 4.219570958092778157e-01 3.939219452352323847e-01 3.939219348256015607e-01
3.195039249915768487e+00 3.195039259603687842e+00 8.015472619375355601e-01 4.185663890724917735e-01 3.939283862390630664e-01 3.939283732901053270e-01
3.210913338964392238e+00 3.210913343525400254e+00 8.210728583594822938e-01 4.152067778689431665e-01 3.939154748397800665e-01 3.939154698301924884e-01
3.229523009832317548e+00 3.229523017931222650e+00 8.419180295699181249e-01 4.118854744870290019e-01 3.938809073331350219e-01 3.938809046050562590e-01
3.251141778400914895e+00 3.251141783682450104e+00 8.641652550153884338e-01 4.086082953457242373e-01 3.938225077949793484e-01 3.938225044591273649e-01
3.276058207150188473e+00 3.276058220086185191e+00 8.879070751479163359e-01 4.053799623702520338e-01 3.937383190191022786e-01 3.937383140086636590e-01
3.304571235939821605e+00 3.304571249874245886e+00 9.132486894230751329e-01 4.022042299166448398e-01 3.936265803697816534e-01 3.936265791243762635e-01
3.337021360484985433e+00 3.337021382154097715e+00 9.403093749461435280e-01 3.990844381810426111e-01 3.934858792825448037e-01 3.934858799238483695e-01
3.373753039933824027e+00 3.373753052541854647e+00 9.692232555221208523e-01 3.960231091032783701e-01 3.933150264851685840e-01 3.933150215169703978e-01
3.415146049576689435e+00 3.415146055118754020e+00 1.000142379312615848e+00 3.931131737190776687e-01 3.931131739846863704e-01 3.930224683744530934e-01
3.461614174806929789e+00 3.461614184912072290e+00 1.033237460537222319e+00 3.928798336532277613e-01 3.928798325069536301e-01 3.900843997541474373e-01
3.513611494855375827e+00 3.513611502770195294e+00 1.068699391874225579e+00 3.926148459594360762e-01 3.926148531837029276e-01 3.872105688181607941e-01
3.571639782624092874e+00 3.571639790597156416e+00 1.106744351245641633e+00 3.923184494196254035e-01 3.923184504120841298e-01 3.844024958341196729e-01
3.636249256327308110e+00 3.636249259314652260e+00 1.147617530415440790e+00 3.919911975975884921e-01 3.919911948812155877e-01 3.816615940093003312e-01
3.708080646582410100e+00 3.708080654674830168e+00 1.191597215985563674e+00 3.916339921503587118e-01 3.916339886086216970e-01 3.789891716845694702e-01
3.787831972095689448e+00 3.787831974676230562e+00 1.238999694779236327e+00 3.912480693420017364e-01 3.912480656673251733e-01 3.763865570765081436e-01
3.876303736933744748e+00 3.876303729330667913e+00 1.290188130542469835e+00 3.908349675349601093e-01 3.908349635371512476e-01 3.738550435968526209e-01
3.974410410506803437e+00 3.974410402290101896e+00 1.345580347397435039e+00 3.903965437800830385e-01 3.903965431715155088e-01 3.713958797973715975e-01
4.083203407731129886e+00 4.083203398254941163e+00 1.405659560788755424e+00 3.899349659480693675e-01 3.899349591742534149e-01 3.690103855745807682e-01
4.203898222217644864e+00 4.203898211851369027e+00 1.470985178133906279e+00 3.894526387339396489e-01 3.894526284842785846e-01 3.666998153393917770e-01
4.337914296306717432e+00 4.337914284351070293e+00 1.542212369977203901e+00 3.889522522920301761e-01 3.889522503844521362e-01 3.644655143720204604e-01
4.486913218105126333e+00 4.486913207841094930e+00 1.620107222077925124e+00 3.884367199646087121e-01 3.884367151094664794e-01 3.623088331665788031e-01
4.652859245052584747e+00 4.652859223081686757e+00 1.705576848372784227e+00 3.879091278508370322e-01 3.879091174945902831e-01 3.602310733797940423e-01
4.838090942185920618e+00 4.838090928606049168e+00 1.799701442619890956e+00 3.873727067792320788e-01 3.873727033834106770e-01 3.582336315124958759e-01
5.045415578165354020e+00 5.045415563512155366e+00 1.903777573202169560e+00 3.868308479702468050e-01 3.868308430215315896e-01 3.563178221679999536e-01
5.278232974893649398e+00 5.278232964352272738e+00 2.019374694993074204e+00 3.862869821591027319e-01 3.862869816795210798e-01 3.544850496555777553e-01
5.540700806648648502e+00 5.540700793135323821e+00 2.148412047826298465e+00 3.857446214967085729e-01 3.857446171470058083e-01 3.527366231371452110e-01
5.837958028140312727e+00 5.837958012086834181e+00 2.293261009423540386e+00 3.852072808996025999e-01 3.852072779755294496e-01 3.510739383847997219e-01
6.176432016470759123e+00 6.176432006116468365e+00 2.456885037191441246e+00 3.846784793535679148e-01 3.846784735848660097e-01 3.494982386559201681e-01
6.564268584559425967e+00 6.564268569085719207e+00 2.643039401732828253e+00 3.841616757628952827e-01 3.841616712951632095e-01 3.480108673676012843e-01
7.011946063321867761e+00 7.011946055493292640e+00 2.856550233804762140e+00 3.836602740816158486e-01 3.836602661861101549e-01 3.466130498123626835e-01
7.533172822887644671e+00 7.533172829766061618e+00 3.103728071763506957e+00 3.831775664713337748e-01 3.831775532738701529e-01 3.453059833079322738e-01
8.146233454532419316e+00 8.146233459842655122e+00 3.392983002888320776e+00 3.827167080435182056e-01 3.827167014586046467e-01 3.440908492160467125e-01
8.876069098371250021e+00 8.876069109437345617e+00 3.735800557383639919e+00 3.822807443929057136e-01 3.822807369662969967e-01 3.429686960273817253e-01
9.757605922502724738e+00 9.757605934392140412e+00 4.148244615260152202e+00 3.818725314741528987e-01 3.818725260587485515e-01 3.419404759989206899e-01
1.084130234692161920e+01 1.084130234503223100e+01 4.653523430054719690e+00 3.814947309845174162e-01 3.814947234807641308e-01 3.410073164034027604e-01
1.220285687579427147e+01 1.220285688006174674e+01 5.286449047424650161e+00 3.811498275542562486e-01 3.811498158996390884e-01 3.401698663300074532e-01
1.396123750407640429e+01 1.396123750884623860e+01 6.101726664764303365e+00 3.808400417104639279e-01 3.808400306830944104e-01 3.394291180316548751e-01
1.631473968715138767e+01 1.631473969892043030e+01 7.190531615723149805e+00 3.805673917103241655e-01 3.805673805887782590e-01 3.387856376414540849e-01
1.962031463667578990e+01 1.962031463703105061e+01 8.716980444978620568e+00 3.803336416049387658e-01 3.803336262424376057e-01 3.382401051942429127e-01
2.459190013887869952e+01 2.459190014341634267e+01 1.100930531343235685e+01 3.801402983753514597e-01 3.801402833349055155e-01 3.377930881677146946e-01
3.289536080486976743e+01 3.289536081416114399e+01 1.483338415558963241e+01 3.799886204854786009e-01 3.799885960616647407e-01 3.374450756156748832e-01
4.952832125916804529e+01 4.952832127239940263e+01 2.248689967969766101e+01 3.798796088893133249e-01 3.798795597135450341e-01 3.371967386460849592e-01
9.947903284066816809e+01 9.947903283928773988e+01 4.545803656333455933e+01 3.798140096704887836e-01 3.798138582483454595e-01 3.370541695180086506e-01
0.000000000000000000e+00 0.000000000000000000e+00 0.000000000000000000e+00 3.797919154406766973e-01 3.797919082525273993e-01 3.797919155861448903e-01
7.382777034699549290e+01 7.382777034393240001e+01 4.348764620434670292e+01 3.798464938273444780e-01 3.798463378622781716e-01 3.370250380115046296e-01
3.668849616102171041e+01 3.668849616152196802e+01 2.150326053086581979e+01 3.800094271886806374e-01 3.800093677845972628e-01 3.370884505056429004e-01
2.431971923871041241e+01 2.431971924132068352e+01 1.417936221567108213e+01 3.802802337652299025e-01 3.802802012892914085e-01 3.372020900317858061e-01
1.814366415371751629e+01 1.814366416309360375e+01 1.052059099293966149e+01 3.806574767650918734e-01 3.806574637304887543e-01 3.373619496951909547e-01
1.444478437001474802e+01 1.444478437576912988e+01 8.327839309175807614e+00 3.811392818071609456e-01 3.811392633485777837e-01 3.375679708371413512e-01
1.198457254248539350e+01 1.198457255997866433e+01 6.868077251160769947e+00 3.817231965502371205e-01 3.817231814443040050e-01 3.378204028956352523e-01
1.023227070893256752e+01 1.023227071161235990e+01 5.827148783116885333e+00 3.824061983720448143e-01 3.824061810173303710e-01 3.381196172827903856e-01
8.922515353992809040e+00 8.922515353773642133e+00 5.047973618708041066e+00 3.831847363507517867e-01 3.831847244697783594e-01 3.384660814501407322e-01
7.907896421811158483e+00 7.907896411368676937e+00 4.443283324675407542e+00 3.840546829618469715e-01 3.840546709097392153e-01 3.388603428064835832e-01
7.099979842994942558e+00 7.099979835902852088e+00 3.960714699638826275e+00 3.850113264695245729e-01 3.850113165948018668e-01 3.393030723201654331e-01
6.442501664006091033e+00 6.442501645776006924e+00 3.566943795816578167e+00 3.860493924407691901e-01 3.860493841713557028e-01 3.397951075395506670e-01
5.897964478992399506e+00 5.897964476064304407e+00 3.239752948974397473e+00 3.871630154494066223e-01 3.871630057093290445e-01 3.403373697106253370e-01
5.440419857494567246e+00 5.440419845605092952e+00 2.963759598119156458e+00 3.883457550738154684e-01 3.883457476199081437e-01 3.409309395449553470e-01
5.051343714476386637e+00 5.051343710883164917e+00 2.727975463742957185e+00 3.895906097383599609e-01 3.895905995078615680e-01 3.415770541182592823e-01
4.717161709543595371e+00 4.717161696831622564e+00 2.524341503504415662e+00 3.908900002831658393e-01 3.908899947716382162e-01 3.422771082303787127e-01
4.427702411586842857e+00 4.427702400195483889e+00 2.346812673320329168e+00 3.922358242328798927e-01 3.922358241664770651e-01 3.430326784272803575e-01
4.175196736614482873e+00 4.175196732035788116e+00 2.190765523085292266e+00 3.936194573595248603e-01 3.936194551397392827e-01 3.438455195958852739e-01
3.953620300443813740e+00 3.953620294044110750e+00 2.052606207834458907e+00 3.950317889035471763e-01 3.950317834976855291e-01 3.447176329451326349e-01
3.758196763691657782e+00 3.758196753262747603e+00 1.929490217817846576e+00 3.964632953685977013e-01 3.964632955710472584e-01 3.456512228987387858e-01
3.585141453281770474e+00 3.585141446903529872e+00 1.819147649155528068e+00 3.979040653871159794e-01 3.979040674790719212e-01 3.466487264944935198e-01
3.431388117549507122e+00 3.431388115117770088e+00 1.719738332925793811e+00 3.993439014762281691e-01 3.993438971688307859e-01 3.477128389641127582e-01
3.294435801661779628e+00 3.294435790799949526e+00 1.629758727869946133e+00 4.007723949358993343e-01 4.007723894553616439e-01 3.488465304675826828e-01
3.172221649442676927e+00 3.172221639506813684e+00 1.547962814234377760e+00 4.021790126715507063e-01 4.021790052597262188e-01 3.500529665880230956e-01
3.063035368288979488e+00 3.063035367489230332e+00 1.473316313751177109e+00 4.035532495725686619e-01 4.035532476274499847e-01 3.513356535335235842e-01
2.965444125867199521e+00 2.965444134000181808e+00 1.404949085154415300e+00 4.048847284219551645e-01 4.048847256764616653e-01 3.526983009807042047e-01
2.878239569571253931e+00 2.878239575885459089e+00 1.342125023411503415e+00 4.061633372492051142e-01 4.061633348720671277e-01 3.541449197516772784e-01
2.800395431706391935e+00 2.800395436743476907e+00 1.284217400020911670e+00 4.073793773882024016e-01 4.073793775678832274e-01 3.556797719573292493e-01
2.731034238844059381e+00 2.731034238873478959e+00 1.230689469193809282e+00 4.085237585580988040e-01 4.085237460308880908e-01 3.573073536737370048e-01
2.669400567186912543e+00 2.669400576425464688e+00 1.181079061015199105e+00 4.095880724032365250e-01 4.095880750215520893e-01 3.590324836782624041e-01
2.614839629440115498e+00 2.614839637847512055e+00 1.134985870296971511e+00 4.105648229476322464e-01 4.105648291269840544e-01 3.608601580664949071e-01
2.566779644630293067e+00 2.566779648517787837e+00 1.092061983540201897e+00 4.114475459901177912e-01 4.114475424345844234e-01 3.627956498593399859e-01
2.524717332977316264e+00 2.524717339370546210e+00 1.052003686623177892e+00 4.122309115337791652e-01 4.122309080347053012e-01 3.648445277729628899e-01
2.488205929283767492e+00 2.488205931945489446e+00 1.014544744933373543e+00 4.129108861603654757e-01 4.129108925491093429e-01 3.670125454541413035e-01
2.456844953698082090e+00 2.456844954959183980e+00 9.794514977832525782e-01 4.134848092917490225e-01 4.134848188846779182e-01 3.693056704853212024e-01
2.430271624921125362e+00 2.430271625057933260e+00 9.465173468457778183e-01 4.139514481373802179e-01 4.139514526282237483e-01 3.717300438673610263e-01
2.408153424485399263e+00 2.408153413546763044e+00 9.155580401566906223e-01 4.143110457870179952e-01 4.143110577572020059e-01 3.742920811426280747e-01
2.390181568265578260e+00 2.390181559855156124e+00 8.864103444403290677e-01 4.145653349343591532e-01 4.145653398739827522e-01 3.769982380380489384e-01
2.376065418720824773e+00 2.376065408951264502e+00 8.589296646830332227e-01 4.147174476651319108e-01 4.147174633755956741e-01 3.798552365446762891e-01
2.365527419542518661e+00 2.365527415356878382e+00 8.329871379094584416e-01 4.147719258213657945e-01 4.147719333334016767e-01 3.828698272222829657e-01
2.358298702673343517e+00 2.358298696994985733e+00 8.084681691756663291e-01 4.147345436560386789e-01 4.147345536338757910e-01 3.860489886268870241e-01
2.354115112195443782e+00 2.354115106147619763e+00 7.852696786744884916e-01 4.146122572371992998e-01 4.146122659883250683e-01 3.893997563344054336e-01
2.352713806018047915e+00 2.352713797992404210e+00 7.632988044641827452e-01 4.144130425444016996e-01 4.144130418888587464e-01 3.929291323249144985e-01
2.353830269590149626e+00 2.353830261081388819e+00 7.424750489910522111e-01 4.141457225282754728e-01 4.141457262180845977e-01 3.966440277246363610e-01
2.357195834678402324e+00 2.357195828846767593e+00 7.227262107635159527e-01 4.138198272563381463e-01 4.138198457908046635e-01 4.005511645937311349e-01
2.362535778652744778e+00 2.362535772914398091e+00 7.039818873003904631e-01 4.134454029950972997e-01 4.134454083831167193e-01 4.046569715815060975e-01
2.369568006520154757e+00 2.369567998055086999e+00 6.861786335078509103e-01 4.130328046367656714e-01 4.130328226921958223e-01 4.089673831227635392e-01
2.378002437312122463e+00 2.378002434803453191e+00 6.692671190706128703e-01 4.134875817456407643e-01 4.125925976551934049e-01 4.125926001639669272e-01
2.387541245205467622e+00 2.387541241219747423e+00 6.532052398796048820e-01 4.182215694674246698e-01 4.121352541460816532e-01 4.121352576608972584e-01
2.397884971482135974e+00 2.397884964552180698e+00 6.379525956756819660e-01 4.231716930376756558e-01 4.116711133899743635e-01 4.116711115008837019e-01
2.408713864096965640e+00 2.408713853010526318e+00 6.234753264924278726e-01 4.283375664941207472e-01 4.112100223915424735e-01 4.112100113213098540e-01
2.419722368651224809e+00 2.419722367054302214e+00 6.097511057550402125e-01 4.337148717318171087e-01 4.107614816137823976e-01 4.107614686500888901e-01
2.430601933225531308e+00 2.430601940803256422e+00 5.967666343185129563e-01 4.392925656684403268e-01 4.103344142994154731e-01 4.103343985335678457e-01
2.441051305950443950e+00 2.441051315979749337e+00 5.845211856342809043e-01 4.450488628028079208e-01 4.099370590955128679e-01 4.099370452432137824e-01
2.450782348098119456e+00 2.450782363838806432e+00 5.730358473285053211e-01 4.509443390274053831e-01 4.095768939907303285e-01 4.095768855937644837e-01
2.459526462852893225e+00 2.459526497780049503e+00 5.623663626133816873e-01 4.569088966885185288e-01 4.092605853135363736e-01 4.092605867604030001e-01
2.467041280243007950e+00 2.467041310315361002e+00 5.526264380077340332e-01 4.628163754429142074e-01 4.089938777346680543e-01 4.089938829342829596e-01
2.473117319591130236e+00 2.473117338082239769e+00 5.440346283148524975e-01 4.684378939948954934e-01 4.087815331078822889e-01 4.087815367163347147e-01
2.477583327413638070e+00 2.477583342602831529e+00 5.369942925804636058e-01 4.733619173841620009e-01 4.086272550709573737e-01 4.086272581260974035e-01
2.480314963324552924e+00 2.480315005617634849e+00 5.321802905824506436e-01 4.769083982147716005e-01 4.085336902936758108e-01 4.085336908147997881e-01
2.481234228599710434e+00 2.481234241081428316e+00 5.304316799935642202e-01 4.782348587758072922e-01 4.085023280924386380e-01 4.085023270803712636e-01
2.481234228599710434e+00 2.481234241081428316e+00 5.304316799935642202e-01 4.782348587758072922e-01 4.085023280924386380e-01 4.085023270803712636e-01
2.478524882968422549e+00 2.477113577804327171e+00 5.307281910002733527e-01 4.784998231321839213e-01 4.085077979554244121e-01 4.083663707148403321e-01
2.470462023338044322e+00 2.464874530024970145e+00 5.316120021987646993e-01 4.792928122081065445e-01 4.085251500839156558e-01 4.079633532094146808e-01
2.457237323762941017e+00 2.444876701929812324e+00 5.330663366591161800e-01 4.806082410482542810e-01 4.085570309178767068e-01 4.073072787074917267e-01
2.439158928026047501e+00 2.417690126910377213e+00 5.350649241435700976e-01 4.824372171997521885e-01 4.086074301069300696e-01 4.064199384775319390e-01
2.416632965261603871e+00 2.384053608219662834e+00 5.375736826070959262e-01 4.847677799896961681e-01 4.086811033069369103e-01 4.053288120385416526e-01
2.390146247124982359e+00 2.344829028635279755e+00 5.405532453682834193e-01 4.875856659720435582e-01 4.087829929700623754e-01 4.040649185578124580e-01
2.360241436509156188e+00 2.300949213923193959e+00 5.439607402481764220e-01 4.908744917556894238e-01 4.089176449169006355e-01 4.026606347019819898e-01
2.327492039116064060e+00 2.253368647582443707e+00 5.477513667820147480e-01 4.946159736667974371e-01 4.090887040783081074e-01 4.011479739743733508e-01
2.292491521311128988e+00 2.203031215008090182e+00 5.518797199696187095e-01 4.987901395308858010e-01 4.092986839542411270e-01 3.995573993124098000e-01
2.255819371150843633e+00 2.150826405081466053e+00 5.563001734328436587e-01 5.033749207373069412e-01 4.095486602972738255e-01 3.979169517796454780e-01
2.218036231462201524e+00 2.097575526842416327e+00 5.609672978427922008e-01 5.083459306036280934e-01 4.098382451020866069e-01 3.962519197883973554e-01
2.179670329959841446e+00 2.044016716315243620e+00 5.658358316922980080e-01 5.136759168012069443e-01 4.101656435255591759e-01 3.945846974850437117e-01
2.141209912770059898e+00 1.990799552638386816e+00 5.708604596101378714e-01 5.193340881958755650e-01 4.105277334604697237e-01 3.929348490210050060e-01
2.103098860346242827e+00 1.938486170983676704e+00 5.759954727148276499e-01 5.252853057819558691e-01 4.109202163876159442e-01 3.913192855737392395e-01
2.065735227856290823e+00 1.887556989468228918e+00 5.811944993883731980e-01 5.314892306968165281e-01 4.113378336486941955e-01 3.897524951745394706e-01
2.029471913315631593e+00 1.838419183390117562e+00 5.864101546785717156e-01 5.378993631917655671e-01 4.117745204453633900e-01 3.882468331570851361e-01
1.994618996351234186e+00 1.791416551237324795e+00 5.915938217487193285e-01 5.444620859978569483e-01 4.122236144087763066e-01 3.868127354668498552e-01
1.961447114169821315e+00 1.746839859376299264e+00 5.966954867213611902e-01 5.511157413320889598e-01 4.126780341651061779e-01 3.854590215749236215e-01
1.930191393560040769e+00 1.704936978181873952e+00 6.016637793403218915e-01 5.577897976442297567e-01 4.131304826712764444e-01 3.841931015328665100e-01
1.901055431472920887e+00 1.665922330429880915e+00 6.064461799295043365e-01 5.644043252925374787e-01 4.135736051460871532e-01 3.830211591710669383e-01
1.874215184399922185e+00 1.629985094569684101e+00 6.109893465419863334e-01 5.708699917673104585e-01 4.140001433012882592e-01 3.819483549051276849e-01
1.849822396558765014e+00 1.597295822917672137e+00 6.152397282896056030e-01 5.770886042521671255e-01 4.144030922695606245e-01 3.809789795588624517e-01
1.828007614968393035e+00 1.568011329223284678e+00 6.191443679168600056e-01 5.829543356967062939e-01 4.147758183476132898e-01 3.801165604167341949e-01
1.808882605895471896e+00 1.542277588835807123e+00 6.226519705717922237e-01 5.883557324948409661e-01 4.151122018740369124e-01 3.793639963139374682e-01
1.792542207349510752e+00 1.520230646724366697e+00 6.257140744991220860e-01 5.931789532701908785e-01 4.154067177540785027e-01 3.787236427242723358e-01
1.779065607167143348e+00 1.501995631304482659e+00 6.282864390135932675e-01 5.973122953265485036e-01 4.156545433693198954e-01 3.781973577333493930e-01
1.768517193742374038e+00 1.487683892925822704e+00 6.303304046157585105e-01 6.006519002283190467e-01 4.158516114470454661e-01 3.777865977000761100e-01
1.760946933636591272e+00 1.477388990776855815e+00 6.318142143619047690e-01 6.031080112222674261e-01 4.159947230588573186e-01 3.774924609782497331e-01
1.756390498458038740e+00 1.471182166992254015e+00 6.327142414137424398e-01 6.046111302607477533e-01 4.160815349437037014e-01 3.773156832107277259e-01
1.754868315655630839e+00 1.469107476683761293e+00 6.330157958028342913e-01 6.051170984679615783e-01 4.161105814169515082e-01 3.772566714657399345e-01
1.755698083330406556e+00 1.469733562298686458e+00 6.336055494876402516e-01 6.043475038732785132e-01 4.161029946866421914e-01 3.772699167621999528e-01
1.757483456667618071e+00 1.471255911320197729e+00 6.338266923348586657e-01 6.035298731993128385e-01 4.160811622774663876e-01 3.773121224956681452e-01
1.761155567794865373e+00 1.473837353204666689e+00 6.348939559475036409e-01 6.015056935907597824e-01 4.160446828240789707e-01 3.773799663909228053e-01
1.761155569022391676e+00 1.473837352815427604e+00 6.348939549332717203e-01 6.015056944085751534e-01 4.160446824332832416e-01 3.773799652886624112e-01
1.766208600645596594e+00 1.476964870779732264e+00 6.352313039294975594e-01 5.997914846486562812e-01 4.159954303409358345e-01 3.774751295752021840e-01
1.773440215792360108e+00 1.480842518125767837e+00 6.361302798635500855e-01 5.971855559011181036e-01 4.159329157414261569e-01 3.775942620505992053e-01
1.773440215368925710e+00 1.480842519345632491e+00 6.361302845192188249e-01 5.971855570192353690e-01 4.159329146664120236e-01 3.775942604189295171e-01
1.782481765433749255e+00 1.484851252150861889e+00 6.361524508748931384e-01 5.950605185027330046e-01 4.158600143907472124e-01 3.777379905550032890e-01
1.793986533414386075e+00 1.489245521027180219e+00 6.366154462736574038e-01 5.922223721505309735e-01 4.157760124976162541e-01 3.779030618778412287e-01
1.793986532131674805e+00 1.489245522277948153e+00 6.366154445086579239e-01 5.922223734004798956e-01 4.157760136390438177e-01 3.779030640404911767e-01
1.807639739831991665e+00 1.493376917963002537e+00 6.361804198229600305e-01 5.899336343313212883e-01 4.156849307922594883e-01 3.780889094794456229e-01
1.823925073365470606e+00 1.497572861938756494e+00 6.361658862376754486e-01 5.870306613398412754e-01 4.155855486865581705e-01 3.782925292275586271e-01
1.823925074426600457e+00 1.497572861275929812e+00 6.361658858328360644e-01 5.870306616569328506e-01 4.155855489490868360e-01 3.782925281900269554e-01
1.842496691866145619e+00 1.501230970623056882e+00 6.352844454963318954e-01 5.847097975065679298e-01 4.154831288976623127e-01 3.785120173182868197e-01
1.863660385431008759e+00 1.504756803719023761e+00 6.348542645878227919e-01 5.818349127270461274e-01 4.153756638721585182e-01 3.787448484504354895e-01
1.863660387463866197e+00 1.504756804706536943e+00 6.348542650789742448e-01 5.818349160236224726e-01 4.153756655824947241e-01 3.787448503199275507e-01
1.886986763499795883e+00 1.507633359473570023e+00 6.336077754209804569e-01 5.795643930472765826e-01 4.152696697203440701e-01 3.789876972911955244e-01
1.912628181401007543e+00 1.510315505993619301e+00 6.328669865137727113e-01 5.767809229417468764e-01 4.151620154678021812e-01 3.792387906394654729e-01
1.912628180592436111e+00 1.510315504653817920e+00 6.328669847888409583e-01 5.767809199200197856e-01 4.151620138648713931e-01 3.792387894725414155e-01
1.940056943190646921e+00 1.512370026897823960e+00 6.313650930614794765e-01 5.746219424621996641e-01 4.150603812604717335e-01 3.794933493902272192e-01
1.969311389281560354e+00 1.514256666644417493e+00 6.304315583422500646e-01 5.719809095570904667e-01 4.149601604722045756e-01 3.797507080110421596e-01
1.969311390811365081e+00 1.514256669573875058e+00 6.304315577331539577e-01 5.719809116910090641e-01 4.149601597885388959e-01 3.797507080639420662e-01
1.999766960738526000e+00 1.515606990880302263e+00 6.287894161500785506e-01 5.699847421952114468e-01 4.148700448271919750e-01 3.800046657662077831e-01
2.031379262572722944e+00 1.516851038270357277e+00 6.277776533527966718e-01 5.675316825252407771e-01 4.147836303494519816e-01 3.802560287274143191e-01
2.031379260315865132e+00 1.516851039528857248e+00 6.277776563133027343e-01 5.675316838716755186e-01 4.147836306055442401e-01 3.802560288856163817e-01
2.063429282018966582e+00 1.517668061177217309e+00 6.261035682020651416e-01 5.657442603245586010e-01 4.147104048616679917e-01 3.804972917272074762e-01
2.095809493943280533e+00 1.518441898315100236e+00 6.251163366273012612e-01 5.635215227391269233e-01 4.146419577900927744e-01 3.807310732073794224e-01
2.095809497112619990e+00 1.518441897004537466e+00 6.251163374879670220e-01 5.635215239432745937e-01 4.146419570983479463e-01 3.807310693828707127e-01
2.127711957116271702e+00 1.518888748096349994e+00 6.235054925418849203e-01 5.619850419313283663e-01 4.145883573966563374e-01 3.809486994975260776e-01
2.158984854762168837e+00 1.519343410318566345e+00 6.226299480408338249e-01 5.600321542807145114e-01 4.145391394544804542e-01 3.811548156595692127e-01
2.158984850518248955e+00 1.519343409612697204e+00 6.226299471079514980e-01 5.600321554419289694e-01 4.145391369174265539e-01 3.811548156066090765e-01
2.188750104381232742e+00 1.519552192013353231e+00 6.211617781690076390e-01 5.587850908021442242e-01 4.145048426197789904e-01 3.813397817927999256e-01
2.216842673752088544e+00 1.519805365465916935e+00 6.204683166159787877e-01 5.571380523649981376e-01 4.144731647495413784e-01 3.815103141465797654e-01
2.216842672714397278e+00 1.519805365937679120e+00 6.204683138606881254e-01 5.571380544926661793e-01 4.144731644928397740e-01 3.815103166174594884e-01
2.242355034577236950e+00 1.519873722314776021e+00 6.192059090514338004e-01 5.562143161855879203e-01 4.144551049279949217e-01 3.816559650514587676e-01
2.265159017912028894e+00 1.520010684561194036e+00 6.187484033337391498e-01 5.549042924291504031e-01 4.144369828713372339e-01 3.817853340691797492e-01
2.265159017839215139e+00 1.520010681639851313e+00 6.187484066767370283e-01 5.549042936178181229e-01 4.144369858248163618e-01 3.817853357347273935e-01
2.284381608985930789e+00 1.520005732689168498e+00 6.177389284239718226e-01 5.543319337540606462e-01 4.144303840348870782e-01 3.818873345743820646e-01
2.299997739632284155e+00 1.520084181008557023e+00 6.175555973041101376e-01 5.533836905068520995e-01 4.144208634298647831e-01 3.819720994778146306e-01
2.299997739784384709e+00 1.520084181169671256e+00 6.175555934141900849e-01 5.533836908216009931e-01 4.144208621480828802e-01 3.819720964683342435e-01
2.311245978212278285e+00 1.520047822599600584e+00 6.168312126107234894e-01 5.531833415490634565e-01 4.144207693270352544e-01 3.820280486573142675e-01
2.318268459914551105e+00 1.520102617932510780e+00 6.169454987946560998e-01 5.526136200073530347e-01 4.144155880767863565e-01 3.820663620194920118e-01
2.318268459239986701e+00 1.520102618872040345e+00 6.169454995031478095e-01 5.526136224027908828e-01 4.144155865212622025e-01 3.820663630115498366e-01
2.320490105489669386e+00 1.520055765723126839e+00 6.165240717238339441e-01 5.527971657245562831e-01 4.144185358516792594e-01 3.820752232690113881e-01
2.320490105489669386e+00 1.520055765723126839e+00 6.165240717238339441e-01 5.527971657245562831e-01 4.144185358516792594e-01 3.820752232690113881e-01
2.326662000444959411e+00 1.538428399318010342e+00 6.119322719096812468e-01 5.508183540231065267e-01 4.142288605420131886e-01 3.827676786777197693e-01
2.320907367334626770e+00 1.520249799670093660e+00 6.178839710510922734e-01 5.516941829026582589e-01 4.144046607317456443e-01 3.820870330487617372e-01
2.327379976331726219e+00 1.538704351938829928e+00 6.147732301615692618e-01 5.485391895633633386e-01 4.142056821271418166e-01 3.827882954857941278e-01
2.328826349560928488e+00 1.539279593920017009e+00 6.199254822691232514e-01 5.445064854841189517e-01 4.141591657868729515e-01 3.828286625412952171e-01
2.335676114349042543e+00 1.559473752763923748e+00 6.190323447334412643e-01 5.395623241700692185e-01 4.139437663656203581e-01 3.835727993206882180e-01
2.331012243111780791e+00 1.540200272841211415e+00 6.267312178469641726e-01 5.393692109022883985e-01 4.140890097298244865e-01 3.828870376099496875e-01
2.337833477595299581e+00 1.560207885474367284e+00 6.267621236641468530e-01 5.339299235007911593e-01 4.138773410270601416e-01 3.836290102668203361e-01
2.344609542426255633e+00 1.581880790275238091e+00 6.273823976283354753e-01 5.280417162022033040e-01 4.136631494098078621e-01 3.844026913481699559e-01
2.340662673926128701e+00 1.561290008327844703e+00 6.354501750899612667e-01 5.279147148013075830e-01 4.137906979533557128e-01 3.836959650867172167e-01
2.347215021278753255e+00 1.582651253425467752e+00 6.367089628722572003e-01 5.218822382872493337e-01 4.135879255670027455e-01 3.844585598030926255e-01
2.350456230491283272e+00 1.583826704150091080e+00 6.466482769910724127e-01 5.157057084830708460e-01 4.134948715170730926e-01 3.845156546922804952e-01
2.356365311998470879e+00 1.606392541086621106e+00 6.488039587096070537e-01 5.095192489749067466e-01 4.133155972311675086e-01 3.852814869128742825e-01
2.354393110284727086e+00 1.585539474546838523e+00 6.570684771203308960e-01 5.096244069598533377e-01 4.133826139986167547e-01 3.845689504468340347e-01
2.359862062678727668e+00 1.607685365911169617e+00 6.597167950034231731e-01 5.035344527185582342e-01 4.132237080464842838e-01 3.853063221942333860e-01
2.364831046731704411e+00 1.631369742419429114e+00 6.626171200666020056e-01 4.974419995191201593e-01 4.130797428166340102e-01 3.860547562681018730e-01
2.364081274230570351e+00 1.609652169374752750e+00 6.710219990833239390e-01 4.977493029932564816e-01 4.131131541122199380e-01 3.853145670398497868e-01
2.368518844589510230e+00 1.632891540147318521e+00 6.744006931233316182e-01 4.918219081971482165e-01 4.129936132149159556e-01 3.860208695770573351e-01
2.373003442426091070e+00 1.635267384879446784e+00 6.865417283723960207e-01 4.864502140861889923e-01 4.128878239714299236e-01 3.859558810451543254e-01
2.376265306815831480e+00 1.659607096142449389e+00 6.906269255632784265e-01 4.807986183008520209e-01 4.128143036082621564e-01 3.866044308064742197e-01
2.378393203081568874e+00 1.638696404080633773e+00 6.990009056819833644e-01 4.813377602388443366e-01 4.127596726151994688e-01 3.858533929393684336e-01
2.381101468231883622e+00 1.662622141354109573e+00 7.036128809069477352e-01 4.758999046983815595e-01 4.127129185075577023e-01 3.864348832973780179e-01
2.383159831519519933e+00 1.688119162973051424e+00 7.084243556483769133e-01 4.705960628221050324e-01 4.126883049269622350e-01 3.869945781089353942e-01
2.386986301714407954e+00 1.666927923138583623e+00 7.169222014151209743e-01 4.712712775293621537e-01 4.125860364072955755e-01 3.862129544509413370e-01
2.388541937811755833e+00 1.692068703819520126e+00 7.223043954313509429e-01 4.661987471971912322e-01 4.125874746304905027e-01 3.866872745074732554e-01
2.395162096571788801e+00 1.697578013757895299e+00 7.365321945949394600e-01 4.620701665489871379e-01 4.124566167495451463e-01 3.863140217508244101e-01
2.395714623587421155e+00 1.724065147970492040e+00 7.427491266102259626e-01 4.574050000387330783e-01 4.125034666775185266e-01 3.866446921934035275e-01
2.403169200917559589e+00 1.704889863706972930e+00 7.510891830148780368e-01 4.581995983256522686e-01 4.122921736661362968e-01 3.858726952725122783e-01
2.403409944080002081e+00 1.731159360051092611e+00 7.579879989215069225e-01 4.537760051839281328e-01 4.123603189664992730e-01 3.860909393457000460e-01
2.403220586701966255e+00 1.759161127300929106e+00 7.651249455801075738e-01 4.495486417064222806e-01 4.124462527137467971e-01 3.862396219196647662e-01
2.412737531003517955e+00 1.740361824219577302e+00 7.735954407967700064e-01 4.503880736847817312e-01 4.121776961465655753e-01 3.854630420700844717e-01
2.412420951121125867e+00 1.768270627818719243e+00 7.814895290729826360e-01 4.464039174242021568e-01 4.122799288484175206e-01 3.854834433501630464e-01
2.423534053907602459e+00 1.779814758915764239e+00 7.982794824410517354e-01 4.434737146613834669e-01 4.120675102805928525e-01 3.846546992616442506e-01
2.423064160141952250e+00 1.809589360713470763e+00 8.072905046205314239e-01 4.399425059939572336e-01 4.121929463654037673e-01 3.844461406581707319e-01
2.436734834485051238e+00 1.794066557188571220e+00 8.154910991520544217e-01 4.407328915710513328e-01 4.118057248289083705e-01 3.837629679195728727e-01
2.436502328527895500e+00 1.823970473200617892e+00 8.254259195533036886e-01 4.374283358885424078e-01 4.119373104302637145e-01 3.834172431229992961e-01
2.436359954456994270e+00 1.855867871418867221e+00 8.356979636381637322e-01 4.343495306659589383e-01 4.120725984401977793e-01 3.829598635098200865e-01
2.452350531926023702e+00 1.841417056122494511e+00 8.440646667960020055e-01 4.350632746697016828e-01 4.116256166362125546e-01 3.823413142794118147e-01
2.452727927714420719e+00 1.873626574913641596e+00 8.553742452909920413e-01 4.321929850654241401e-01 4.117592958549157189e-01 3.817495418249304828e-01
2.471857929523208153e+00 1.894832012154511913e+00 8.756568910540002415e-01 4.301395288066791611e-01 4.113835231225059785e-01 3.805159701876489886e-01
2.473417733442783817e+00 1.929660627817323171e+00 8.885285437042599321e-01 4.276780092974114544e-01 4.115037922198320763e-01 3.796843140586487753e-01
2.493951311969342832e+00 1.919796422506404587e+00 8.965649758435918493e-01 4.281606316126033707e-01 4.109436801054575650e-01 3.792756776681104336e-01
2.496522749047532130e+00 1.955244698946759563e+00 9.107133062300020176e-01 4.258630494249499021e-01 4.110501174434280647e-01 3.783327380444704291e-01
2.499884450041804040e+00 1.993040614555124046e+00 9.253662820303837355e-01 4.237696578328121744e-01 4.111410817839486476e-01 3.772843920395732020e-01
2.522995075010989297e+00 1.985021394259341987e+00 9.336638554938323509e-01 4.240792740417105300e-01 4.105276812571816425e-01 3.770007817129020222e-01
2.527731162487910854e+00 2.023691347177105193e+00 9.497634986478540320e-01 4.221195849558740942e-01 4.105970579869119286e-01 3.758603932506002221e-01
2.559387501618958449e+00 2.059014763477506893e+00 9.751000748878602131e-01 4.204639982257590280e-01 4.099810140428160055e-01 3.744794495769812048e-01
2.566980696620630109e+00 2.101334545101959161e+00 9.934404251286063081e-01 4.187930612598518842e-01 4.099987902444446330e-01 3.731783527471326800e-01
2.595109721170748784e+00 2.099405640662244998e+00 1.001432278879140325e+00 4.187884280445346441e-01 4.092943457584184985e-01 3.731505327118298521e-01
2.604715125479851512e+00 2.143041390700565429e+00 1.021575013953079925e+00 4.172096269905590238e-01 4.092807914808692660e-01 3.717864884485994614e-01
2.615912205528502454e+00 2.189496107531078817e+00 1.042497418451663993e+00 4.157786161858652019e-01 4.092343670257391208e-01 3.703645249687963492e-01
2.647056132943843565e+00 2.190410042233702725e+00 1.050935911691287750e+00 4.155858624853045469e-01 4.084921015110135611e-01 3.704604177639763130e-01
2.660733788129506561e+00 2.238556139568734338e+00 1.073924548518713440e+00 4.142258187427981242e-01 4.084094698850480598e-01 3.689916021987670880e-01
2.710792138599508849e+00 2.293971762412856830e+00 1.106861751399896843e+00 4.126220725724091820e-01 4.075160154730451678e-01 3.676923139117270756e-01
2.729417600857376058e+00 2.347258324823487285e+00 1.133158005565506388e+00 4.114418315372589396e-01 4.073561201411752264e-01 3.661541556778483697e-01
2.766469554223232485e+00 2.356319376006569932e+00 1.141422560213197102e+00 4.109686340712833674e-01 4.065588895657966106e-01 3.664664639860527595e-01
2.788475621976344243e+00 2.412002209667482244e+00 1.170343193236138335e+00 4.098398033620734848e-01 4.063591573883891805e-01 3.648976087372616806e-01
2.813035628641848085e+00 2.471170758305188730e+00 1.200509095799662029e+00 4.088067622792083133e-01 4.061173308565957374e-01 3.633220420160941377e-01
2.853989891320293459e+00 2.484623581325028141e+00 1.209539734356759988e+00 4.081899623695467438e-01 4.053041995412415832e-01 3.637152324835223882e-01
2.882624143298222474e+00 2.546801094281316846e+00 1.242772301624804676e+00 4.071992929923028415e-01 4.050222701959680371e-01 3.621177262126870633e-01
2.959699894976540513e+00 2.631469860621704626e+00 1.287534168544797186e+00 4.055511429042881755e-01 4.038769737216811317e-01 3.609855574659724398e-01
2.996245422627183519e+00 2.701175939912150437e+00 1.325878648804567517e+00 4.046750287346297936e-01 4.035138368009711929e-01 3.593859538648783158e-01
3.044924547797814629e+00 2.726133373833255824e+00 1.335012630135715472e+00 4.038722129966079155e-01 4.026891643965787027e-01 3.599211136731048088e-01
3.087015765784607346e+00 2.800108500194193439e+00 1.377381835684344802e+00 4.030331480346396322e-01 4.022895935935088541e-01 3.583075271157940556e-01
3.133021692393899382e+00 2.878615032830097675e+00 1.421844111313231851e+00 4.022521369393113333e-01 4.018499843657087345e-01 3.567298305704451611e-01
3.187422004704603573e+00 2.910740375077797371e+00 1.432296222968630461e+00 4.013725437619134473e-01 4.010332896259211632e-01 3.572928318900156497e-01
3.240181775850757617e+00 2.994629566529595444e+00 1.481597957315950342e+00 4.006252524530938275e-01 4.005616757483821400e-01 3.557070549114011992e-01
3.358905363643138298e+00 3.124541551407554962e+00 1.545672607472843296e+00 3.992531282026265949e-01 3.989928656246281569e-01 3.547439545821813867e-01
3.424594639318462086e+00 3.220262707731658125e+00 1.603435701590655738e+00 3.987192479262194889e-01 3.983222791243580252e-01 3.532074975431273023e-01
3.490488476301234488e+00 3.270154038822702169e+00 1.614506619825651024e+00 3.979334276377877733e-01 3.973674368273862334e-01 3.538352146854999991e-01
3.565735999933796752e+00 3.373786828825257711e+00 1.678949584945168993e+00 3.973772249126565348e-01 3.967293443602495917e-01 3.522976420275712450e-01
3.647282437885465800e+00 3.483823084221071120e+00 1.747184323456340893e+00 3.967936077549810703e-01 3.961228075863203468e-01 3.508304375099823291e-01
3.722751125305558961e+00 3.546489180578833000e+00 1.760611721291644782e+00 3.960370051316717821e-01 3.951566100196706177e-01 3.514389187285099636e-01
3.816326017392409398e+00 3.666736738256425987e+00 1.837215176627820856e+00 3.954386621133308410e-01 3.945809481713690725e-01 3.499761221679519307e-01
4.005375512384826919e+00 3.873565297020929332e+00 1.935320059570682760e+00 3.940988171148742114e-01 3.930717845504146379e-01 3.491704351495967806e-01
4.122056132553443497e+00 4.014541231789175768e+00 2.027414597908392402e+00 3.934736375921561446e-01 3.925487710662579621e-01 3.478002459861566642e-01
4.217340641763618336e+00 4.108226815099845552e+00 2.042497905229422539e+00 3.927829126317690656e-01 3.916068398493360303e-01 3.484091597312861111e-01
4.352339145476849858e+00 4.265253011958950680e+00 2.147051056866036589e+00 3.921556857505556493e-01 3.911137450061837884e-01 3.470511724712030954e-01
4.498801780528601135e+00 4.432636952801531471e+00 2.259295557620590422e+00 3.915200278231063535e-01 3.906357982486036717e-01 3.457895234887497504e-01
4.612695255182210907e+00 4.552077581661860606e+00 2.279011102313799331e+00 3.908745325432897433e-01 3.897335606359005888e-01 3.463454672401063417e-01
4.783535382751995968e+00 4.741144845910183037e+00 2.407851937595614000e+00 3.902454356636201327e-01 3.892851762988646658e-01 3.451008177528362419e-01
5.108951481871567779e+00 5.097960142830936014e+00 2.573643051743072618e+00 3.890199566841716639e-01 3.879988736259431525e-01 3.444551771258828610e-01
5.329821432331572240e+00 5.328153003770315976e+00 2.735553681139048177e+00 3.884055980665831465e-01 3.875906489108597031e-01 3.433369885364694341e-01
5.513539940235869352e+00 5.483092838319518769e+00 2.759439562902351373e+00 3.878510272351450849e-01 3.867863818585602909e-01 3.438493982446443886e-01
5.783642044113758374e+00 5.744114204046663730e+00 2.949181961507526317e+00 3.872557641457335387e-01 3.864072638984155650e-01 3.427555788168493711e-01
6.074649025019611237e+00 6.030881846591253925e+00 3.157674083938630805e+00 3.866722514524387200e-01 3.860365887470004753e-01 3.417748856653421985e-01
6.321187065624815915e+00 6.230265247565065501e+00 3.192492713461402065e+00 3.861732985613416935e-01 3.853051804321720453e-01 3.422146981101730767e-01
6.668402988699495104e+00 6.578306917000883658e+00 3.442005447888282443e+00 3.856166333421356951e-01 3.849651580777386228e-01 3.412612082682551229e-01
7.387821367392172434e+00 7.232349313904384402e+00 3.772863471094675347e+00 3.846381191973272662e-01 3.839815001798683736e-01 3.407889545872890835e-01
7.850765313177747728e+00 7.712453395683037449e+00 4.113820641150695678e+00 3.841344497016471737e-01 3.836805259498011211e-01 3.399837154720022347e-01
8.272401203119317259e+00 8.024156434832828921e+00 4.161045074889032414e+00 3.837421484906307079e-01 3.830933926663554479e-01 3.403552258902075578e-01
8.858517174778540948e+00 8.634867037231071407e+00 4.587282899578110751e+00 3.832754630137931717e-01 3.828234088277972513e-01 3.395827610217267978e-01
9.507277046837490531e+00 9.329493507998853019e+00 5.077863232496366841e+00 3.828376024713683323e-01 3.825622342708140944e-01 3.389321635155070345e-01
1.014648214591144715e+01 9.793589395463673242e+00 5.162102140442830667e+00 3.825067499797772941e-01 3.820665017363336635e-01 3.392215785821385832e-01
1.101165747874773437e+01 1.072023134925010091e+01 5.806362730029475117e+00 3.821115574253836633e-01 3.818397553412645751e-01 3.386039842821295665e-01
1.305043286156550941e+01 1.256798997133579654e+01 6.738720564618288833e+00 3.814822025986335241e-01 3.812209812484052551e-01 3.383170354274055991e-01
1.445670324056816902e+01 1.411601237574388179e+01 7.815861127606737568e+00 3.811683989982344034e-01 3.810391844501520575e-01 3.378584038779278154e-01
1.592999786590194411e+01 1.511956285410216871e+01 7.959987452560232768e+00 3.809528028179078318e-01 3.807132198767805842e-01 3.380673748649656307e-01
1.814325631484331680e+01 1.750064965049469379e+01 9.570377585220620986e+00 3.806881221100195112e-01 3.805652294636541755e-01 3.376462309770805192e-01
2.083305568580243872e+01 2.053860755030969187e+01 1.169038375004388719e+01 3.804634684875572437e-01 3.804285526728828359e-01 3.373508695554663372e-01
2.413110112421728815e+01 2.283244485378222066e+01 1.215533634369845650e+01 3.803120620208859104e-01 3.802036588337264211e-01 3.374731955614562739e-01
2.934988031920663687e+01 2.858011260601390546e+01 1.607044420470441537e+01 3.801394905657130563e-01 3.801061923721193447e-01 3.372125105193032324e-01
4.874598679686678793e+01 4.604916735112213644e+01 2.476921611667426859e+01 3.799226179495861500e-01 3.798951937652121913e-01 3.371169941338700293e-01
7.382777034688778883e+01 7.382777034394450766e+01 4.348764620435510153e+01 3.798464938662284296e-01 3.798463379354563574e-01 3.370250343392918735e-01
9.947903284067915308e+01 9.947903283947452735e+01 4.545803656335107945e+01 3.798140098631632711e-01 3.798138586747679679e-01 3.370541776887254204e-01
