3.133847058095566851e+00 3.132326680639236915e+00 6.419104996019748821e-01 4.617971411878085686e-01 3.942933003470421305e-01 3.938648810434440262e-01
3.136175953174167752e+00 3.134754788483398613e+00 6.432282150353066941e-01 4.604559807803536020e-01 3.941365367058787261e-01 3.944355006823331289e-01
3.135957892007161352e+00 3.132798261902770776e+00 6.457856833624011639e-01 4.586726551491139836e-01 3.939551343204334977e-01 3.946346449226911801e-01
3.132204633743981059e+00 3.137401367762368665e+00 6.507783081070541709e-01 4.574328745357128523e-01 3.944613315824400668e-01 3.942826021474323817e-01
3.137008193497221153e+00 3.132460735463536761e+00 6.558523972688842241e-01 4.554739482090758851e-01 3.940651245371722955e-01 3.948161805889849330e-01
3.132422632220869030e+00 3.137508335735473608e+00 6.627068547724722647e-01 4.530868646455351034e-01 3.941304937860173330e-01 3.948095683418814117e-01
3.132808118884442994e+00 3.137768317364687309e+00 6.703360328515090005e-01 4.505055600548528716e-01 3.943980684985607943e-01 3.946257852656274157e-01
3.137305816879626619e+00 3.134472992316292839e+00 6.790510383152439378e-01 4.478316929680029590e-01 3.947429345309932391e-01 3.943410010422008227e-01
3.135622998205252809e+00 3.137133297461858206e+00 6.890650914113467529e-01 4.448254409257169639e-01 3.943743856134070969e-01 3.947347771473148081e-01
3.137438020723974041e+00 3.137715299265521285e+00 7.003377078752480722e-01 4.419164004528093881e-01 3.946267711870858896e-01 3.944814120253640755e-01
3.141082448723942377e+00 3.140624637335515779e+00 7.116079882344921170e-01 4.384821074458370438e-01 3.945364751476532206e-01 3.946656889252997402e-01
3.146768643886896921e+00 3.146713998554850455e+00 7.228477969047741869e-01 4.347458665356943031e-01 3.948765163064845152e-01 3.945975921470328829e-01
3.151891907124086512e+00 3.153863011475999123e+00 7.359885345465897455e-01 4.314728075809137753e-01 3.949421086785250279e-01 3.946322050792234193e-01
3.159159516259035794e+00 3.158653302618655623e+00 7.515686226526319125e-01 4.284666986523173460e-01 3.946563577864972694e-01 3.948151601598506311e-01
3.168487243784299690e+00 3.168392053334636138e+00 7.669159623729583375e-01 4.254123311430145216e-01 3.947786066284170725e-01 3.947023223891615862e-01
3.180781200723697300e+00 3.179780434134692246e+00 7.834086493727185907e-01 4.217926473874164528e-01 3.946932166507342576e-01 3.948605065731161656e-01
3.193129261400431851e+00 3.192839439548646574e+00 8.021516533485453238e-01 4.188444670511870527e-01 3.947491635751541050e-01 3.947027868630038627e-01
3.209584363808820395e+00 3.209133549890947901e+00 8.209488248937597543e-01 4.156315090107124410e-01 3.946832621230491056e-01 3.947431908354809837e-01
3.227803935632201693e+00 3.227784650882341566e+00 8.419331602741140230e-01 4.122460462510048607e-01 3.946438080649572466e-01 3.946871207118368141e-01
3.249604777767251651e+00 3.249795027299950512e+00 8.641962439634920390e-01 4.092394868766043858e-01 3.945794488827927271e-01 3.946043154119007190e-01
3.274547332765055163e+00 3.274624120119227655e+00 8.880139971657327047e-01 4.059799196462776094e-01 3.945148174388111717e-01 3.944873908158817999e-01
3.303428553392261158e+00 3.303314134666892610e+00 9.131237332664010609e-01 4.029408886184241978e-01 3.943806545767939986e-01 3.943717886159560648e-01
3.335899888534969104e+00 3.335888785579221416e+00 9.398476839857166087e-01 3.998624506446399884e-01 3.942291163260462361e-01 3.942214222252743983e-01
3.372837734978014979e+00 3.372950431807707261e+00 9.681125133352905809e-01 3.968525487829223652e-01 3.940380747073265466e-01 3.940405347420689042e-01
3.414432251959312659e+00 3.414447931688298077e+00 9.985566461816021144e-01 3.938191139307956057e-01 3.938173609595183033e-01 3.939143745692627041e-01
3.461117290916849054e+00 3.461132445412076208e+00 1.031639332494603378e+00 3.935615749898451754e-01 3.935621812031598887e-01 3.910146081395307061e-01
3.513333777112823686e+00 3.513339489694318196e+00 1.067305698629060551e+00 3.932713412964227717e-01 3.932720071419736341e-01 3.881905513654583251e-01
3.571582436461383736e+00 3.571613942890416560e+00 1.105612952850409503e+00 3.929533021119622216e-01 3.929519565009099713e-01 3.854219914284424675e-01
3.636438901122847955e+00 3.636481743781672105e+00 1.147163820995189099e+00 3.926089834242603716e-01 3.926080763234168769e-01 3.827136089964446319e-01
3.708529266010407444e+00 3.708572157291438742e+00 1.192490722793751790e+00 3.922427261286972056e-01 3.922414626720278630e-01 3.800585105771432937e-01
3.788583351815552280e+00 3.788587414654328800e+00 1.240956441526918086e+00 3.918558846324354250e-01 3.918546698297774578e-01 3.774625789487937588e-01
3.877326878903274654e+00 3.877368259668430017e+00 1.292656859591769125e+00 3.914463169814771937e-01 3.914450245223440317e-01 3.749225377033805207e-01
3.975712809795722169e+00 3.975715601821741441e+00 1.347978407038938453e+00 3.910169799069235785e-01 3.910124112458073231e-01 3.724197540457015454e-01
4.084736828895635163e+00 4.084774372778369411e+00 1.408114554164865639e+00 3.905584836991483066e-01 3.905641950250955952e-01 3.699859230400555643e-01
4.205634954632000877e+00 4.205676667702769933e+00 1.473784524008064478e+00 3.900932469607145681e-01 3.900826685500324298e-01 3.675962447723628013e-01
4.339851639824216178e+00 4.339866133018823291e+00 1.545703839705978133e+00 3.895894099993630344e-01 3.896017992511253691e-01 3.652685521890785547e-01
4.489064703708371518e+00 4.489078352227094726e+00 1.624176857318143874e+00 3.890789916180824592e-01 3.890983577601196397e-01 3.630134036998858282e-01
4.655266380458341402e+00 4.655315917365768108e+00 1.709916843951869492e+00 3.885798913034842483e-01 3.885571933565438729e-01 3.607904151541800886e-01
4.840846185554177339e+00 4.841003290391288516e+00 1.804647203740790795e+00 3.880265829194098903e-01 3.880466955209189717e-01 3.587493561134473263e-01
5.048790925731945656e+00 5.048897600116938555e+00 1.908820221691094110e+00 3.874918316952774555e-01 3.875027909241104962e-01 3.567694067452966689e-01
5.282433752198107513e+00 5.282400275653365007e+00 2.022845720625169985e+00 3.869252942184693289e-01 3.869788968418697017e-01 3.550494686307628656e-01
5.545889040184560415e+00 5.545731871347259201e+00 2.150711339715255299e+00 3.864283682277072085e-01 3.863799631077663999e-01 3.534812083317402931e-01
5.843851383351251094e+00 5.844123851017820392e+00 2.294287623207587057e+00 3.858575236110556306e-01 3.858534091822322099e-01 3.521675374250637369e-01
6.183154537416567287e+00 6.183426194523841346e+00 2.455205698832801264e+00 3.853105298440811510e-01 3.853123044711575518e-01 3.509598857257884008e-01
6.571582249576552570e+00 6.572192831148572445e+00 2.643481981270601189e+00 3.847454330860622940e-01 3.847979615363572026e-01 3.498717675118346859e-01
7.019961857653505000e+00 7.020704791543542100e+00 2.859342513591649926e+00 3.842231493290222955e-01 3.842704574279421914e-01 3.489316542649132380e-01
7.542039445354630445e+00 7.543046313326866148e+00 3.109855311674178058e+00 3.837674033083909864e-01 3.837296770065965479e-01 3.480178908222249512e-01
8.157873020299250655e+00 8.156706227085042116e+00 3.402864186628516308e+00 3.832587637885089826e-01 3.832607728472126607e-01 3.471570476482871981e-01
8.888530453327476266e+00 8.888927003901040180e+00 3.746200038827988799e+00 3.828449242078057480e-01 3.828483562861803025e-01 3.463938839464361652e-01
9.781564096860503099e+00 9.773820169492710264e+00 4.163178235512639880e+00 3.823637706161546745e-01 3.824187781132221686e-01 3.456385138833387716e-01
1.086235963422362438e+01 1.086197931883566170e+01 4.672438810819859789e+00 3.819488944659224505e-01 3.822731805874990951e-01 3.456757904327037445e-01
1.222907114019068509e+01 1.224160280704841242e+01 5.313989224899067665e+00 3.815202708856926805e-01 3.818636822072935533e-01 3.448136306785968275e-01
1.398642902526787246e+01 1.399501846472298716e+01 6.133290929454745743e+00 3.812052927932361168e-01 3.817395895585643517e-01 3.452464806681684317e-01
1.635195287999124503e+01 1.634554820592023816e+01 7.236947171411138413e+00 3.812733573826313505e-01 3.813785831929848436e-01 3.460956365218088582e-01
1.964512823347274306e+01 1.965609970040996046e+01 8.775106070622411991e+00 3.814192047807462016e-01 3.816789170419574440e-01 3.478423982360888123e-01
2.463623807614552064e+01 2.460003063374938037e+01 1.109515814112491761e+01 3.812896438394844933e-01 3.815896970000447475e-01 3.495969110367585508e-01
3.293843155445157578e+01 3.293851936316570317e+01 1.494813501369104358e+01 3.812331882056502197e-01 3.811218833654782534e-01 3.495339390501401300e-01
4.961667175970629984e+01 4.961681074590048013e+01 2.251775255271672549e+01 3.816017908795383273e-01 3.811853894397526088e-01 3.503994986944008461e-01
9.957236490909274096e+01 9.957257930727250539e+01 4.631371896354867346e+01 3.821583516673923708e-01 3.811714197952641991e-01 3.564572609534427117e-01
0.000000000000000000e+00 0.000000000000000000e+00 0.000000000000000000e+00 3.804849851573128827e-01 3.804850262559304475e-01 3.804861914713627558e-01
7.396277909991934507e+01 7.396291091618186897e+01 4.442162877960090128e+01 3.821960883296445233e-01 3.810400373824412990e-01 3.568107420853118827e-01
3.676482499468283294e+01 3.676487302090960441e+01 2.168487040975760038e+01 3.815348028621161625e-01 3.808524260900845726e-01 3.489785415322989026e-01
2.437133479782944789e+01 2.439068087094608117e+01 1.424567005228769290e+01 3.808513236864690676e-01 3.815711131257223387e-01 3.479697319212251561e-01
1.819652254551102999e+01 1.822193720846940934e+01 1.056799636543709120e+01 3.814596033983889689e-01 3.813791614565311128e-01 3.424866153471528007e-01
1.448959353230431901e+01 1.452053736755434343e+01 8.362118386988532492e+00 3.820920445142721444e-01 3.816302073802031458e-01 3.416213377494802805e-01
1.204598508002961488e+01 1.202657761898308841e+01 6.891440007896948217e+00 3.823755655341238291e-01 3.824434592244679298e-01 3.397173702323306732e-01
1.027623589380713831e+01 1.025948397141651292e+01 5.840573987752373242e+00 3.831093989377856168e-01 3.830584938935657213e-01 3.392406645039666158e-01
8.946180369277799471e+00 8.939879450458764865e+00 5.052999265802442075e+00 3.838848780992677456e-01 3.838348547912884268e-01 3.394476346252616739e-01
7.920027574655555291e+00 7.916129610122164983e+00 4.444767205551757527e+00 3.847107685117853171e-01 3.847308468801600156e-01 3.398127632150701460e-01
7.107346276568016208e+00 7.106386116444399548e+00 3.961551502160167271e+00 3.856749792016357370e-01 3.856658603384632289e-01 3.402549622283196906e-01
6.448200454889359001e+00 6.448195320710835787e+00 3.568112548685437702e+00 3.866972263218170780e-01 3.867016465475062170e-01 3.407440096075867175e-01
5.902476635254296333e+00 5.902484000220964866e+00 3.240900540057071400e+00 3.878049894400547037e-01 3.878024372859286695e-01 3.412786298530535722e-01
5.443268166324312318e+00 5.443244997211472480e+00 2.964168313153670020e+00 3.889762554107473735e-01 3.889751029760022405e-01 3.418627678561468319e-01
5.052462923285289342e+00 5.052446858400819529e+00 2.727584911432942238e+00 3.902099534755103516e-01 3.902085930468841557e-01 3.425016791873471411e-01
4.717064624066351186e+00 4.717114131300215618e+00 2.523114921572612968e+00 3.914961662907094353e-01 3.914961496761473203e-01 3.431962467908923897e-01
4.427047658270350183e+00 4.427000336788839974e+00 2.345191381455159263e+00 3.928287791580175603e-01 3.928293222678295726e-01 3.439478950155983594e-01
4.174005251256494908e+00 4.174059513542763611e+00 2.189141261327590460e+00 3.941986030803316110e-01 3.941982930394695162e-01 3.447568923855365841e-01
3.951898866544757638e+00 3.951943685875383583e+00 2.051634593643631543e+00 3.955955782590788172e-01 3.955953018382533104e-01 3.456234832004709823e-01
3.756014752569057258e+00 3.755940093540554248e+00 1.930422740521250624e+00 3.970101790538376751e-01 3.970099665920243104e-01 3.465479061588489507e-01
3.582336275395165526e+00 3.582290694583738500e+00 1.821656945255494930e+00 3.984320964700033274e-01 3.984317999939340771e-01 3.475327172090733607e-01
3.427836903587872186e+00 3.427790799735543015e+00 1.722566204741006191e+00 3.998529656487914696e-01 3.998523339323623027e-01 3.485806163670777114e-01
3.289979156487502721e+00 3.289988444182819549e+00 1.632307824339151781e+00 4.012605572350445571e-01 4.012597139075659847e-01 3.496955951084813607e-01
3.166844878301270150e+00 3.166819959847043453e+00 1.550315327398884113e+00 4.026455452124386158e-01 4.026425355816353746e-01 3.508824068871805313e-01
3.056682129955448524e+00 3.056707734216665084e+00 1.475542715108200342e+00 4.039943326428757642e-01 4.039936982734377846e-01 3.521462156829697765e-01
2.958286445076307558e+00 2.958306300110525644e+00 1.407072938830469688e+00 4.053012574461511974e-01 4.053005760992063888e-01 3.534926236740658090e-01
2.870534908726502632e+00 2.870555024317597681e+00 1.343985215393447952e+00 4.065544458127557381e-01 4.065537239153418358e-01 3.549245997084374826e-01
2.792423874969605091e+00 2.792416625514133610e+00 1.285428278668338420e+00 4.077447753106522854e-01 4.077441885026377166e-01 3.564478318876495577e-01
2.722943561021306635e+00 2.722956054222633870e+00 1.230962787821359816e+00 4.088671650235239374e-01 4.088625672271951617e-01 3.580680964861132076e-01
2.661304325110536162e+00 2.661294627326777462e+00 1.180414875197897118e+00 4.099036059282274991e-01 4.099074464493095982e-01 3.597907431062130068e-01
2.606851990367012650e+00 2.606843619317988470e+00 1.133528963778478893e+00 4.108585107146696114e-01 4.108608060913583326e-01 3.616189036152101521e-01
2.559025935346851632e+00 2.559030924618614478e+00 1.090077450091923028e+00 4.117232839896736163e-01 4.117197806742423083e-01 3.635589304184082549e-01
2.517351895943617635e+00 2.517340430653043803e+00 1.049742124457611503e+00 4.124873242349652580e-01 4.124824617251499070e-01 3.656174769598266039e-01
2.481295142281850108e+00 2.481295950459125876e+00 1.012280358656676649e+00 4.131456585729501585e-01 4.131458074459109509e-01 3.678006368208057153e-01
2.450428144677255560e+00 2.450446143882158090e+00 9.776541410189910630e-01 4.136990612321974070e-01 4.137056270336584296e-01 3.701169898864692387e-01
2.424350439490591924e+00 2.424339748720029331e+00 9.454485719505976160e-01 4.141542316584270744e-01 4.141515756934699422e-01 3.725654137926843190e-01
2.402652656187660440e+00 2.402667420537212717e+00 9.150185754706071650e-01 4.144980795523961481e-01 4.145041349491769833e-01 3.751552680346921798e-01
2.385062513746157187e+00 2.385070595226629564e+00 8.862038512312463423e-01 4.147540642866799909e-01 4.147474772422601874e-01 3.778804135286256694e-01
2.371248634443756220e+00 2.371263228592250805e+00 8.589323057007607343e-01 4.149030143621825761e-01 4.149104089082063518e-01 3.807494687315369775e-01
2.360960666631245708e+00 2.360955396566782660e+00 8.330555848525798002e-01 4.149750633017263435e-01 4.149751115378307875e-01 3.837523625266327509e-01
2.353898970382627187e+00 2.353911274228175365e+00 8.086111040438185293e-01 4.149588690375040079e-01 4.149618025573997282e-01 3.869138627980691636e-01
2.349823001539725453e+00 2.349826961612415666e+00 7.855709175913297981e-01 4.148668793604138871e-01 4.148676303958705458e-01 3.902397202696933354e-01
2.348463963440181601e+00 2.348433237860363398e+00 7.637170449852522802e-01 4.147033264473486969e-01 4.147012962069460684e-01 3.937385881305136004e-01
2.349503555425660473e+00 2.349519237898331614e+00 7.431594162363519551e-01 4.144709801008628069e-01 4.144728458734985299e-01 3.974131731215385099e-01
2.352742231552326757e+00 2.352750014058759831e+00 7.239839369136232827e-01 4.141847877631180119e-01 4.141880440678203934e-01 4.012722157285689706e-01
2.357873154371688429e+00 2.357878930765765269e+00 7.058423738895732713e-01 4.138552635137947577e-01 4.138580026823507896e-01 4.053238761453669126e-01
2.364643965836508155e+00 2.364625319258076619e+00 6.882458540873127584e-01 4.134939637331228046e-01 4.134970372099930347e-01 4.095756205363289548e-01
2.372787601466041618e+00 2.372719153400726366e+00 6.713829222111332706e-01 4.140365423388964738e-01 4.131163981868829493e-01 4.131173483355354836e-01
2.381890525596607411e+00 2.382040943733126248e+00 6.555690859399462278e-01 4.187049709215228122e-01 4.127336147659876886e-01 4.127334876740103575e-01
2.392212670984096956e+00 2.391850600274882499e+00 6.405653194129968808e-01 4.235638895881835286e-01 4.123863465028451691e-01 4.123301042564805896e-01
2.402694799685282767e+00 2.402826272976197330e+00 6.260084331750536135e-01 4.286039572033114586e-01 4.119750745626715172e-01 4.120071562500141060e-01
2.414219868986684059e+00 2.413315449304850979e+00 6.122645152958182679e-01 4.338465465754830497e-01 4.115855973150989722e-01 4.116822084293393913e-01
2.426354348573280806e+00 2.423308973005473099e+00 5.994224404879976431e-01 4.393155985459868407e-01 4.112908705678915977e-01 4.112627472636660730e-01
2.433491828162304138e+00 2.437438206760333514e+00 5.873011293232902608e-01 4.449353901675563439e-01 4.109566706674295244e-01 4.109105697108640931e-01
2.443290763223801676e+00 2.445964597949997987e+00 5.758898183732832354e-01 4.506725600922811825e-01 4.107625762713021933e-01 4.104829256689290218e-01
2.454326334629096440e+00 2.451027333870172242e+00 5.652650484651595697e-01 4.566225527487285940e-01 4.104304918694437476e-01 4.102353509964726808e-01
2.462374120179726678e+00 2.457442062715232023e+00 5.554764930356461683e-01 4.626192719905555806e-01 4.102039066798642275e-01 4.099312020950832136e-01
2.467728083086630164e+00 2.463497864219541977e+00 5.467670157369215467e-01 4.684452627317293172e-01 4.099869937930407660e-01 4.097092779308265653e-01
2.467118277249967129e+00 2.471994972074492480e+00 5.396171414635574370e-01 4.736139829648290944e-01 4.097025679968452905e-01 4.096463435434907208e-01
2.470172179773213461e+00 2.473370566281680727e+00 5.345967358975846073e-01 4.773183802050066649e-01 4.098026622967141930e-01 4.092534713396247525e-01
2.472274914301022974e+00 2.471128293962172595e+00 5.318730068284873713e-01 4.786430827462146986e-01 4.092620914318652603e-01 4.095470257838531580e-01
2.472274914301022974e+00 2.471128293962172595e+00 5.318730068284873713e-01 4.786430827462146986e-01 4.092620914318652603e-01 4.095470257838531580e-01
2.468362870348350224e+00 2.466380556405635360e+00 5.270194218443053913e-01 4.786643924024603369e-01 4.088793476018436346e-01 4.087431820178839548e-01
2.460542434523412592e+00 2.454207507316232828e+00 5.296115377240537825e-01 4.794703696930875392e-01 4.090407745656058913e-01 4.084921846666002554e-01
2.447844258216007596e+00 2.435335521583141372e+00 5.321513949710131586e-01 4.808309526225540420e-01 4.092220282447835422e-01 4.080171173356371139e-01
2.430469438022616835e+00 2.408848337175470977e+00 5.348443260433569657e-01 4.827080102520194815e-01 4.092741667479191658e-01 4.071218529879290782e-01
2.408926856189695265e+00 2.377199104787592443e+00 5.373848351035396265e-01 4.850704753836829752e-01 4.092726508158028298e-01 4.060007297998775022e-01
2.383477640232034567e+00 2.339044770731946166e+00 5.406326086404280584e-01 4.879405740401764890e-01 4.094511805563252338e-01 4.048042631205986952e-01
2.354939468069408903e+00 2.297977232615793231e+00 5.444530471799943205e-01 4.912501722501537715e-01 4.095632739066649708e-01 4.034094177631225020e-01
2.323456688275809423e+00 2.251927369388230460e+00 5.485080465758872537e-01 4.950427672568853965e-01 4.097437508262662953e-01 4.019242485060525727e-01
2.289783559247832834e+00 2.203373972157302241e+00 5.527376952029556811e-01 4.992572213800463565e-01 4.099221874936797572e-01 4.003419200508572806e-01
2.254309058403305421e+00 2.152384473756648653e+00 5.572855128936961000e-01 5.038836278560825388e-01 4.101535805172054627e-01 3.987200311452845369e-01
2.217554401817537713e+00 2.100150116807637080e+00 5.620812362220914959e-01 5.089001311726231158e-01 4.104126153065899008e-01 3.970703325122479921e-01
2.180046783446409897e+00 2.047442313119691271e+00 5.670592981334960925e-01 5.142760677562315808e-01 4.107055416815824089e-01 3.954186397043770729e-01
2.142348887068615593e+00 1.995030945019890645e+00 5.722017570944625264e-01 5.199905200897099178e-01 4.110249263447988133e-01 3.937871792158676998e-01
2.104975368920111833e+00 1.943317417208779707e+00 5.774533715114289478e-01 5.260774779191363937e-01 4.113856975285526407e-01 3.921921595519269887e-01
2.068368614153600404e+00 1.892665710862297956e+00 5.827640725919082110e-01 5.324288746610065237e-01 4.117804090645007520e-01 3.906486365888810486e-01
2.032864596097787135e+00 1.843538617557766379e+00 5.880896437465078508e-01 5.390404027596822356e-01 4.121828454838015188e-01 3.891676694129774794e-01
1.998697246693601270e+00 1.796418973080938564e+00 5.933787691585651336e-01 5.458634289958579355e-01 4.126039860654786007e-01 3.877613973729895358e-01
1.966073453862617892e+00 1.751684721174891601e+00 5.985774907959009461e-01 5.528224527915155395e-01 4.130299137054943559e-01 3.864356723584673747e-01
1.935196623593229193e+00 1.709636860123091573e+00 6.036328348831851986e-01 5.597947072053395257e-01 4.134586445771036289e-01 3.852014467536818421e-01
1.906272564735228325e+00 1.670498796185525769e+00 6.084819141803919917e-01 5.666342219052532547e-01 4.138800603393247290e-01 3.840606233539927139e-01
1.879523134299186493e+00 1.634471597950604815e+00 6.130773621065386259e-01 5.732299331466255143e-01 4.142881702227977359e-01 3.830180259408185184e-01
1.855146349422905905e+00 1.601744697000223150e+00 6.173674020192390088e-01 5.795224087317374373e-01 4.146752436674104869e-01 3.820792329741749538e-01
1.833302120919587219e+00 1.572473343843884708e+00 6.212976497430789946e-01 5.854543792111146505e-01 4.150342788266270788e-01 3.812447924959954659e-01
1.814129973087748926e+00 1.546775289076411486e+00 6.248142383838598546e-01 5.909330983387968139e-01 4.153591312231599830e-01 3.805160607582320220e-01
1.797732049957001310e+00 1.524742317957772153e+00 6.278706083680269945e-01 5.958406269154034041e-01 4.156439204892590777e-01 3.798959989788595060e-01
1.784197537037460535e+00 1.506500973476481819e+00 6.304234853913497361e-01 6.000493399099033898e-01 4.158840243890000177e-01 3.793857148104872734e-01
1.773588972431553001e+00 1.492162952094139294e+00 6.324401829931632912e-01 6.034434617028802128e-01 4.160745809446473320e-01 3.789875477320059360e-01
1.765979465795022074e+00 1.481823134888191396e+00 6.338987134647918742e-01 6.059300148240818196e-01 4.162134024076624139e-01 3.787025684692439942e-01
1.761406449616473191e+00 1.475580722949116241e+00 6.347802298083822237e-01 6.074459578532982462e-01 4.162973619860466656e-01 3.785306480539548102e-01
1.759877313376911667e+00 1.473487137626766863e+00 6.350764543753929514e-01 6.079542952775999209e-01 4.163252058923763155e-01 3.784719684035909859e-01
1.760709275546703978e+00 1.474120705527049324e+00 6.356976870783053180e-01 6.071737620917069256e-01 4.163180429390071491e-01 3.784791210097826486e-01
1.762502436963543140e+00 1.475649000770486108e+00 6.359410770904938559e-01 6.063452398560275070e-01 4.162976493059994954e-01 3.785154712797588195e-01
1.766187416914444253e+00 1.478248477659724669e+00 6.370607133287219392e-01 6.042832103254262011e-01 4.162628526912424687e-01 3.785664962845853854e-01
1.766192518987530935e+00 1.478249028936071241e+00 6.370609622200557043e-01 6.042840189847544785e-01 4.162634567229351878e-01 3.785677318558162696e-01
1.771264848324455965e+00 1.481388089999551516e+00 6.374285563866286530e-01 6.025324651273630261e-01 4.162160375726915440e-01 3.786452945051209107e-01
1.778528652571012003e+00 1.485280703610008413e+00 6.383665822733117778e-01 5.998598899765490433e-01 4.161566939405118015e-01 3.787427121545112185e-01
1.778522932615294927e+00 1.485282691971795854e+00 6.383669088464321018e-01 5.998595289104541317e-01 4.161570201012096404e-01 3.787430200558306592e-01
1.787603631413325234e+00 1.489301683396785370e+00 6.384109096756515056e-01 5.976769800342291994e-01 4.160878814789636393e-01 3.788657391156285414e-01
1.799149210581051372e+00 1.493716048752102843e+00 6.388977942627618312e-01 5.947571645621901881e-01 4.160097740653522225e-01 3.790094315994618768e-01
1.799153583654316213e+00 1.493710292347361301e+00 6.388976824691295908e-01 5.947575971870247002e-01 4.160095885758314793e-01 3.790101095501074435e-01
1.812846395916690501e+00 1.497857297128427634e+00 6.384774031730560129e-01 5.924078331554818444e-01 4.159245766152033785e-01 3.791763068624791067e-01
1.829159128173936333e+00 1.502076673279813868e+00 6.384761644139496095e-01 5.894293627493981669e-01 4.158324699768389809e-01 3.793606749307528725e-01
1.829162809200836071e+00 1.502070012128373433e+00 6.384759279908963636e-01 5.894297836257351708e-01 4.158326773433462797e-01 3.793613364104119201e-01
1.847737515986998202e+00 1.505760680570408239e+00 6.376055723587139568e-01 5.870614366301607490e-01 4.157383526154139752e-01 3.795644059460424602e-01
1.868860183063230318e+00 1.509313648091753057e+00 6.371847543973622185e-01 5.841330811071367979e-01 4.156408429484937384e-01 3.797815638889795453e-01
1.868856606598968906e+00 1.509317451044373648e+00 6.371851870621817460e-01 5.841329282665606026e-01 4.156408074575974609e-01 3.797818506755022416e-01
1.892074197858047313e+00 1.512216671584192706e+00 6.359491083172711390e-01 5.818378314629287784e-01 4.155457935706831640e-01 3.800097572679278501e-01
1.917508579616464370e+00 1.514924296294148043e+00 6.352195287323610939e-01 5.790191826332460323e-01 4.154519483249577982e-01 3.802443753970555229e-01
1.917505765039585031e+00 1.514922449940328653e+00 6.352196552866228307e-01 5.790186598692422804e-01 4.154514707315598576e-01 3.802432890922235464e-01
1.944608812870022962e+00 1.516999626371623888e+00 6.337300833752395057e-01 5.768480146426938626e-01 4.153643423838741522e-01 3.804839418019879127e-01
1.973404618068909322e+00 1.518905036621913229e+00 6.328100819559127066e-01 5.741756259223319558e-01 4.152800097629457676e-01 3.807249730862178883e-01
1.973406973353929672e+00 1.518908592717781003e+00 6.328101258758436209e-01 5.741759622500846039e-01 4.152803096098092173e-01 3.807251265091528003e-01
2.003308445087160106e+00 1.520271631057537709e+00 6.311801566907841998e-01 5.721650940037673605e-01 4.152073415871292417e-01 3.809628123562043278e-01
2.034295587172217257e+00 1.521530580470020988e+00 6.301823340323821077e-01 5.696605804513855675e-01 4.151385900689052444e-01 3.811961328511874747e-01
2.034296467001301068e+00 1.521530194930224678e+00 6.301821481730851549e-01 5.696605282462995357e-01 4.151385302094170449e-01 3.811967520925835240e-01
2.065694629926279724e+00 1.522356568892075046e+00 6.285184087244956030e-01 5.678372923292879237e-01 4.150829964377232839e-01 3.814220331412691567e-01
2.097414845481730516e+00 1.523139697830499184e+00 6.275430906879763127e-01 5.655322170214659439e-01 4.150321131730876911e-01 3.816384377542629824e-01
2.097414068309209956e+00 1.523138996129339340e+00 6.275429755633563644e-01 5.655318835348449591e-01 4.150318277263790323e-01 3.816381864757267262e-01
2.128673144084528790e+00 1.523594095305638829e+00 6.259370104256720690e-01 5.639351220542035970e-01 4.149946964874555166e-01 3.818405060101739412e-01
2.159309893555939830e+00 1.524053884339141351e+00 6.250674500422002122e-01 5.618691500941305206e-01 4.149578616693845867e-01 3.820297094325517118e-01
2.159309788613132053e+00 1.524053735873340809e+00 6.250673632846310834e-01 5.618684496261964201e-01 4.149578919838095570e-01 3.820292035821621912e-01
2.188475354400724715e+00 1.524265603744459963e+00 6.235970935365757750e-01 5.605502470224106304e-01 4.149341939010610103e-01 3.822005516387377289e-01
2.216023025769934485e+00 1.524520989862247378e+00 6.229046824890650536e-01 5.587772074970108749e-01 4.149089495706351771e-01 3.823576862904932150e-01
2.216022409954037542e+00 1.524521757495474583e+00 6.229059186568525197e-01 5.587771764053897083e-01 4.149092310865730715e-01 3.823586966693707789e-01
2.241055310973732340e+00 1.524593143255259076e+00 6.216311479262091044e-01 5.577845534407435135e-01 4.148964153618009965e-01 3.824931880855557131e-01
2.263436516359520922e+00 1.524731234461006446e+00 6.211773519930560150e-01 5.563565464197636201e-01 4.148811013857382490e-01 3.826142636970925048e-01
2.263439704561245325e+00 1.524730250519363173e+00 6.211763190114307776e-01 5.563573221405263558e-01 4.148813987023059480e-01 3.826146408706291857e-01
2.282267948368454480e+00 1.524723733601865083e+00 6.201490908301662275e-01 5.557357121475607897e-01 4.148786482817704568e-01 3.827109337967180558e-01
2.297533987898809471e+00 1.524800270078740194e+00 6.199682259718294342e-01 5.546942037358828514e-01 4.148725387813325671e-01 3.827948475859940802e-01
2.297531077809730871e+00 1.524803812847165707e+00 6.199725672793157116e-01 5.546938822732735419e-01 4.148723074952614942e-01 3.827918832483278022e-01
2.308523394389430994e+00 1.524764895249934415e+00 6.192329485348319063e-01 5.544793916282155788e-01 4.148750869988814260e-01 3.828513299831592942e-01
2.315384990022136158e+00 1.524816435500263134e+00 6.193448369437188905e-01 5.538542469538711988e-01 4.148703316740644520e-01 3.828889225990666501e-01
2.315381708527324722e+00 1.524819577478557786e+00 6.193518834880786805e-01 5.538559557881037598e-01 4.148711916344089978e-01 3.828893979581815543e-01
2.317556529999763804e+00 1.524771728976375140e+00 6.189122847643599989e-01 5.540552321607921105e-01 4.148730451296723798e-01 3.829054587527727094e-01
2.317556529999763804e+00 1.524771728976375140e+00 6.189122847643599989e-01 5.540552321607921105e-01 4.148730451296723798e-01 3.829054587527727094e-01
2.323594906095829415e+00 1.543107661589638413e+00 6.142288535625998191e-01 5.520719239330522665e-01 4.146938341676067452e-01 3.835944741126732782e-01
2.317951307332128508e+00 1.524968375493134021e+00 6.203140247899765480e-01 5.528489030762613332e-01 4.148619435360940133e-01 3.829195772229043726e-01
2.324303781409853276e+00 1.543390662325774931e+00 6.171588056099740482e-01 5.495572876967589337e-01 4.146696898711559331e-01 3.836159913746134964e-01
2.325715520256184110e+00 1.543966009660012295e+00 6.224093194878899116e-01 5.452618473793617859e-01 4.146234955298686020e-01 3.836665843576855806e-01
2.332420009794204940e+00 1.564135669231053738e+00 6.215058731874599784e-01 5.401343877636046731e-01 4.144167419971963584e-01 3.844148665087405714e-01
2.327856857911856370e+00 1.544890136856776008e+00 6.292695445766262052e-01 5.399773844742887796e-01 4.145500327638991234e-01 3.837221535429813368e-01
2.334535012631279383e+00 1.564881779454023292e+00 6.293035852233598293e-01 5.344039089257215380e-01 4.143438764231499039e-01 3.844654678176470664e-01
2.341155907436662797e+00 1.586553605219201524e+00 6.299035995014136136e-01 5.284082456485373891e-01 4.141320868027961177e-01 3.852494015394709592e-01
2.337311952173803054e+00 1.565994460750069983e+00 6.379549083118346564e-01 5.283186307908848134e-01 4.142454733583507687e-01 3.845277359729459277e-01
2.343711218927730489e+00 1.587359976606378176e+00 6.391886109273626770e-01 5.221888076598308892e-01 4.140394752454603644e-01 3.852979743433231907e-01
2.346896728785450748e+00 1.588594502207223869e+00 6.490074873875186778e-01 5.159379830793218158e-01 4.139232195664205305e-01 3.853478096129416275e-01
2.352657850470051937e+00 1.611192146949401938e+00 6.511297833806510837e-01 5.096841563596451463e-01 4.137309924362063129e-01 3.861211940750358118e-01
2.350766874944200779e+00 1.590378883553675848e+00 6.592915229841976865e-01 5.097859740563063236e-01 4.137823330711488112e-01 3.853971686111456463e-01
2.356104635085673582e+00 1.612563217174082464e+00 6.619074777124387410e-01 5.036357190261360195e-01 4.136086750035752879e-01 3.861403407675710331e-01
2.360937856689744319e+00 1.636273428077390957e+00 6.647764887335778639e-01 4.974933450039821792e-01 4.134510670912392993e-01 3.868967587643729611e-01
2.360260873050509023e+00 1.614590059487900353e+00 6.731342106442326223e-01 4.977952237082445275e-01 4.134720118026293245e-01 3.861508530926058835e-01
2.364581752084894184e+00 1.637831827204432988e+00 6.764804229520319234e-01 4.918250564243593081e-01 4.133411530815171431e-01 3.868627589012235690e-01
2.368999434956157391e+00 1.640238314216083459e+00 6.885230147188724503e-01 4.864233241608990066e-01 4.132164401445528323e-01 3.868035588529653013e-01
2.372169960336348193e+00 1.664541438694694842e+00 6.925579629461323661e-01 4.807611054812787610e-01 4.131365792035389672e-01 3.874566191319104291e-01
2.374308164893303541e+00 1.643690044985115950e+00 7.007511329669049438e-01 4.812999060486691238e-01 4.130750155520524491e-01 3.867059274923609902e-01
2.376940216421776775e+00 1.667548294691815425e+00 7.052586329043969426e-01 4.758449678972150876e-01 4.130231669906758163e-01 3.872955717299423339e-01
2.378935177892381070e+00 1.692984387089414122e+00 7.099441714231976563e-01 4.705344788902338093e-01 4.129939586390034556e-01 3.878642965842080126e-01
2.382717401185863171e+00 1.671838830182284408e+00 7.181527206588761425e-01 4.712009830737879379e-01 4.128895394591611812e-01 3.870854377541677049e-01
2.384223539025425165e+00 1.696903401048285520e+00 7.233944321097692809e-01 4.661234370708833841e-01 4.128858724614657971e-01 3.875690598462910308e-01
2.390699775836583996e+00 1.702373311155555680e+00 7.373139395137360275e-01 4.619852416673679296e-01 4.127470007547572872e-01 3.872061220993243125e-01
2.391219301825471266e+00 1.728776036731719978e+00 7.434738779570410072e-01 4.573280770620288815e-01 4.127856419966086099e-01 3.875463785251821447e-01
2.398502794642993319e+00 1.709634972457155122e+00 7.517384452387523286e-01 4.581114139154096598e-01 4.125747371695526744e-01 3.867726397960670748e-01
2.398718238477938414e+00 1.735818652570374043e+00 7.586052981097824999e-01 4.537045660695448457e-01 4.126325314503462849e-01 3.870004900610986009e-01
2.398507427213212750e+00 1.763743677647919617e+00 7.656875506055061953e-01 4.495136029076294282e-01 4.127079555876581596e-01 3.871551283238054419e-01
2.407779359154917032e+00 1.744961822591578393e+00 7.740862754498415432e-01 4.503395515621960166e-01 4.124403959553809007e-01 3.863760637996526137e-01
2.407443125592688915e+00 1.772790668410557657e+00 7.818877707116290710e-01 4.464116345990162271e-01 4.125337357775978320e-01 3.863986306447459995e-01
2.418209462638387208e+00 1.784265523918798113e+00 7.985423041705782543e-01 4.435303624420862123e-01 4.123193615572296467e-01 3.855629671879147180e-01
2.417724820118864137e+00 1.813971792251252602e+00 8.074955462512904969e-01 4.400475866773312927e-01 4.124422680649873496e-01 3.853463155261321327e-01
2.430984699653563563e+00 1.798442322633232893e+00 8.156881340332448049e-01 4.408305190253099526e-01 4.120620048848071537e-01 3.846592746491184767e-01
2.430735800658153867e+00 1.828277258409462203e+00 8.255698967161071433e-01 4.375566665534370014e-01 4.121941525220512714e-01 3.843022131592102597e-01
2.430573457730460518e+00 1.860057967597840811e+00 8.357987606682516502e-01 4.344955327854034821e-01 4.123315277672149892e-01 3.838355446071867183e-01
2.446083386558174144e+00 1.845626184692003902e+00 8.441417972144226178e-01 4.352073935216800860e-01 4.118959208763484092e-01 3.832089145344699799e-01
2.446438943138092625e+00 1.877682189657736478e+00 8.554314426798111937e-01 4.323495111124840418e-01 4.120332095259010563e-01 3.826107945210859840e-01
2.465015553677875726e+00 1.898698828603382349e+00 8.756718144102714207e-01 4.303057792030154372e-01 4.116776519970749559e-01 3.813644664542743534e-01
2.466546221388310922e+00 1.933188647761290957e+00 8.884978593382168999e-01 4.278530312865857499e-01 4.118012233001811517e-01 3.805390964835794754e-01
2.486525739278654168e+00 1.923391153915424034e+00 8.964700678529325950e-01 4.283372418143465699e-01 4.112617710944169169e-01 3.801159375080274128e-01
2.489079142811189360e+00 1.958411886669570112e+00 9.104733164652676347e-01 4.260474443280572454e-01 4.113693984631303646e-01 3.791823558905863534e-01
2.492416199312431857e+00 1.995646151067975271e+00 9.249004823334416869e-01 4.239612884881419075e-01 4.114590088632712472e-01 3.781493416817057196e-01
2.515005990511451461e+00 1.987714667142440383e+00 9.330683992888660905e-01 4.242739770422464529e-01 4.108706314911834134e-01 3.778488430755549965e-01
2.519738134594011303e+00 2.025770851391130556e+00 9.488514471208268075e-01 4.223208210794914819e-01 4.109344554140523242e-01 3.767255375243213633e-01
2.550966515693304348e+00 2.060486624362337871e+00 9.737715441516077153e-01 4.206771111992931855e-01 4.103362349570711665e-01 3.753466983143296520e-01
2.558576502589042789e+00 2.102151860593186594e+00 9.918694606592683982e-01 4.190135609675612050e-01 4.103403696918455634e-01 3.740613212290938017e-01
2.586390289496730333e+00 2.100243039844182924e+00 9.998832312918878307e-01 4.190157579738055249e-01 4.096648110126616116e-01 3.740181616088897876e-01
2.596050374568064090e+00 2.143216594717900492e+00 1.019931015330278523e+00 4.174454284935634751e-01 4.096341849310343730e-01 3.726680954042355109e-01
2.607305006447300233e+00 2.188899116304834358e+00 1.040842661442353601e+00 4.160228987817467527e-01 4.095689276714326588e-01 3.712529969063564916e-01
2.638292541534256852e+00 2.189844152709352176e+00 1.049411808741363084e+00 4.158402612226766992e-01 4.088554589553766716e-01 3.713369615668279389e-01
2.652053132056831686e+00 2.237066711809592157e+00 1.072469843369280751e+00 4.144908581671590819e-01 4.087529434346721113e-01 3.698713577313614831e-01
2.702170540576514401e+00 2.291293086236727117e+00 1.105667684117139782e+00 4.129116956350111778e-01 4.078688048521936227e-01 3.685625180803133172e-01
2.720907943366962733e+00 2.343273205124484004e+00 1.132168618424048034e+00 4.117461521249515810e-01 4.076958440849217102e-01 3.670212938447597328e-01
2.758029081401151661e+00 2.352125816185101748e+00 1.140614725199840196e+00 4.112858909675315977e-01 4.069225962153248943e-01 3.673290842692572000e-01
2.780140427267028702e+00 2.406429552960945184e+00 1.170048141010991971e+00 4.101738793599816746e-01 4.067146960569473779e-01 3.657580847572826643e-01
2.804808126306381766e+00 2.464340548223404870e+00 1.200961345304205175e+00 4.091578035490346932e-01 4.064735904722101556e-01 3.641784541164553857e-01
2.845909483606471557e+00 2.477544454599059698e+00 1.210247720813196315e+00 4.085550979240946678e-01 4.056793336354655444e-01 3.645709454786436043e-01
2.874685360886413577e+00 2.538896312979900038e+00 1.244163159778459038e+00 4.075812606314014874e-01 4.054021695541751846e-01 3.629722556235924213e-01
2.952201013078042280e+00 2.623093497124393991e+00 1.289551274209808751e+00 4.059632156618829257e-01 4.042824322664584913e-01 3.618415421398367138e-01
2.988990890652237109e+00 2.692779035519703879e+00 1.328223232241009466e+00 4.051026431314450060e-01 4.039312753436042347e-01 3.602417226694508146e-01
3.038057223380256300e+00 2.717804532966697550e+00 1.337502835015302871e+00 4.043142568026991124e-01 4.031206226633108347e-01 3.607821320618976868e-01
3.080488863407207401e+00 2.791960248386256893e+00 1.380123002442354530e+00 4.034885519006691235e-01 4.027332496035785914e-01 3.591698319924246374e-01
3.126889124464208525e+00 2.870768626233175080e+00 1.424724115121046575e+00 4.027204252048675603e-01 4.023063213590025722e-01 3.575920864038386604e-01
3.181762511689518291e+00 2.903152446420816712e+00 1.435297742622153150e+00 4.018553801220149935e-01 4.015025140581964247e-01 3.581646045943547851e-01
3.234954202781564980e+00 2.987618896933966539e+00 1.484637343093094586e+00 4.011192036654607773e-01 4.010423861389551536e-01 3.565799127518163858e-01
3.354574856657441817e+00 3.118844791141468065e+00 1.548758648087193768e+00 3.997575139326133842e-01 3.995111949591806932e-01 3.556323409121314172e-01
3.420708927715152115e+00 3.215584011693298550e+00 1.606409421477792199e+00 3.992338739753090171e-01 3.988494178930976908e-01 3.540975731917123115e-01
3.487020099652565097e+00 3.266182098352487184e+00 1.617509474953205295e+00 3.984589477795189016e-01 3.979084475279751065e-01 3.547413318658780845e-01
3.562706708526084398e+00 3.370843652617931951e+00 1.681825163868931439e+00 3.979117375068699225e-01 3.972787311540484922e-01 3.532057206055602139e-01
3.644682970538936750e+00 3.481809893648621479e+00 1.749965785551502506e+00 3.973368701982490925e-01 3.966793840341269473e-01 3.517415887663641882e-01
3.720567245843863002e+00 3.545272440045634355e+00 1.763465077980821416e+00 3.965902487903533169e-01 3.957260972148968770e-01 3.523683820092557428e-01
3.814541911468726454e+00 3.666170250855976143e+00 1.839913520603810637e+00 3.959995505824138173e-01 3.951566126988833028e-01 3.509081156752165143e-01
4.004331266356231822e+00 3.874128658913427170e+00 1.937342938271262360e+00 3.946751806611993874e-01 3.936656698014481814e-01 3.501228258922546854e-01
4.121294724251719721e+00 4.015210826544555189e+00 2.027847216100282957e+00 3.940567644891181387e-01 3.931468056400206357e-01 3.487529862317754747e-01
4.216912397958700431e+00 4.109666901120378135e+00 2.042929017856658369e+00 3.933738640240209139e-01 3.922160783994237954e-01 3.493791750849140065e-01
4.352108419854188170e+00 4.266723214592158087e+00 2.145997222390950032e+00 3.927530104651110188e-01 3.917262042551018508e-01 3.480183430221387986e-01
4.498733090637596632e+00 4.434107789162409219e+00 2.257448699870442166e+00 3.921235420260413274e-01 3.912519687959494785e-01 3.467514726314221418e-01
4.612912459447951363e+00 4.554548006196431409e+00 2.277010547850937705e+00 3.914848368873662388e-01 3.903603801842682741e-01 3.473231585279490941e-01
4.784038634744459451e+00 4.743851568566910260e+00 2.405061393924392554e+00 3.908612440494277362e-01 3.899142437058126243e-01 3.460709695288997079e-01
5.110514424551791279e+00 5.102865462912206773e+00 2.570284824468007212e+00 3.896473173354866315e-01 3.886417519276441634e-01 3.454333254478234028e-01
5.335500778989255011e+00 5.330574848838903534e+00 2.733294949499133875e+00 3.890379454961585548e-01 3.882360876585352893e-01 3.443078472111302801e-01
5.521220121620037169e+00 5.486179359756541807e+00 2.756811947263012375e+00 3.884883153649965615e-01 3.874404845202507608e-01 3.448397939982546512e-01
5.791834007561202924e+00 5.748149599221099137e+00 2.947898579608058789e+00 3.878968099732457153e-01 3.870659926468055789e-01 3.437408168594951463e-01
6.082821845356185086e+00 6.035698133028685852e+00 3.157474808221912177e+00 3.873177715069565652e-01 3.866986674730578111e-01 3.427572397931684667e-01
6.330989337776978587e+00 6.235444399548224048e+00 3.192077776840871461e+00 3.868223798282507953e-01 3.859767060330762112e-01 3.432462473309904616e-01
6.677892822652061078e+00 6.583998814304397484e+00 3.442163335300710614e+00 3.862671811194931526e-01 3.856446480356115480e-01 3.422337900346862916e-01
7.398485459704536638e+00 7.238688112756497262e+00 3.772888874988131747e+00 3.853034032612376314e-01 3.846890502502200992e-01 3.417479359901537950e-01
7.861257250655057760e+00 7.719408688548698549e+00 4.114173646570776555e+00 3.847912437341223790e-01 3.843998714696230667e-01 3.408346574868448275e-01
8.285375267092769391e+00 8.031538763254506108e+00 4.161868818334441222e+00 3.844406235727046983e-01 3.839610910761591112e-01 3.410471480660990373e-01
8.872983318356427063e+00 8.643549084039628738e+00 4.589014195983897260e+00 3.839754072078218616e-01 3.835538705497483769e-01 3.407059797786995414e-01
9.523224172339460836e+00 9.341023977193463779e+00 5.081198041240724272e+00 3.836423822907668035e-01 3.835049178031858519e-01 3.403233958906354828e-01
1.016999411849062973e+01 9.808001941940966972e+00 5.167527187181200077e+00 3.831362157753145370e-01 3.828210850627740136e-01 3.408951187538761252e-01
1.103937749671851165e+01 1.074007551852201203e+01 5.813539237393301917e+00 3.829137112697929002e-01 3.827420898165662666e-01 3.403845479944713204e-01
1.309099040573841322e+01 1.259947427558134869e+01 6.749881591759636201e+00 3.823377451996662346e-01 3.821441066195057079e-01 3.414069120932096135e-01
1.449806547517816924e+01 1.415300805208577017e+01 7.831996686311813782e+00 3.821469934025652493e-01 3.816813683900380227e-01 3.424035043081318785e-01
1.597311855683557624e+01 1.516025271114337514e+01 7.984332816134585009e+00 3.816570085932206591e-01 3.813905318188042792e-01 3.429376471649075442e-01
1.818451953462617254e+01 1.754048870668113835e+01 9.593163572070265488e+00 3.819872388389901618e-01 3.813424186594616128e-01 3.457966232694512643e-01
2.088115236138883191e+01 2.057736246889225740e+01 1.172180352211690391e+01 3.815633801304120776e-01 3.810878006054910783e-01 3.462032499291198828e-01
2.422393798608512583e+01 2.289706438114101772e+01 1.223521656675697855e+01 3.811407894025750642e-01 3.813812435127107991e-01 3.478293078877895961e-01
2.940211292918284514e+01 2.861971917179354463e+01 1.612324284170964006e+01 3.815442864700337444e-01 3.805793711491248232e-01 3.488628195829898693e-01
4.889521324200041619e+01 4.615236048693619608e+01 2.527307710588844358e+01 3.816463936730101203e-01 3.810860065286202358e-01 3.528391536331499378e-01
7.396277909981162679e+01 7.396291091619397662e+01 4.442162877960929990e+01 3.819727631559747816e-01 3.819200476415327561e-01 3.568526666244462575e-01
9.957236490910374016e+01 9.957257930745929286e+01 4.631371896356518647e+01 3.818190455072394962e-01 3.818283574213077181e-01 3.565210976746234217e-01
