-4.618131190875997818e-06 3.054297170585886579e-06 4.274383084056614141e-06 1.105626209457655023e+02 1.955747573957224859e+02 1.955747573957225995e+02
2.104191119599366049e-03 6.515952816570975692e-01 1.000379776242104946e+00 1.105620694358324982e+02 1.955731692688630403e+02 1.955762040560341859e+02
8.416760976083275531e-03 1.303146920918518026e+00 2.000770835693374661e+00 1.105604146778873371e+02 1.955684054668428189e+02 1.955805420544900528e+02
1.893761947776173571e-02 1.954611269382303007e+00 3.001184405379435649e+00 1.105576559875710529e+02 1.955604677251605779e+02 1.955877654462008479e+02
3.366664050230331467e-02 2.605944666539838472e+00 4.001631599949302398e+00 1.105537922245499658e+02 1.955493589357300550e+02 1.955978643315057468e+02
5.260364342491351264e-02 3.257103433739875875e+00 5.002123365746940387e+00 1.105488217929133015e+02 1.955350831460026768e+02 1.956108248686836646e+02
7.574839267000772758e-02 3.908043868219307715e+00 6.002670425127203835e+00 1.105427426417299444e+02 1.955176455577406216e+02 1.956266292917144654e+02
1.031005966339578195e-01 4.558722237076851869e+00 7.003283221160848449e+00 1.105355522657653609e+02 1.954970525254380789e+02 1.956452559330490431e+02
1.346599053639355170e-01 5.209094771341421293e+00 8.003971862751150468e+00 1.105272477063593612e+02 1.954733115543927511e+02 1.956666792513434530e+02
1.704259078646062353e-01 5.859117660040701558e+00 9.004746070315391648e+00 1.105178255524650837e+02 1.954464312984253240e+02 1.956908698640989712e+02
2.103981292840814976e-01 6.508747044342897858e+00 1.000561512210040149e+01 1.105072819418508629e+02 1.954164215572490946e+02 1.957177945851387051e+02
2.545760273766757287e-01 7.157939011715440003e+00 1.100658780118600433e+01 1.104956125624657091e+02 1.953832932734872259e+02 1.957474164668464880e+02
3.029589887054129904e-01 7.806649590173067921e+00 1.200767234329858013e+01 1.104828126539692903e+02 1.953470585293409556e+02 1.957796948470786162e+02
3.555463245609534195e-01 8.454834742574066198e+00 1.300887638550158520e+01 1.104688770094286951e+02 1.953077305429039825e+02 1.958145854006542379e+02
4.123372663200111088e-01 9.102450360983548094e+00 1.401020691583900657e+01 1.104537999771825838e+02 1.952653236641266972e+02 1.958520401953172154e+02
4.733309606250474255e-01 9.749452261132807607e+00 1.501167022401732432e+01 1.104375754628751167e+02 1.952198533704291492e+02 1.958920077520606355e+02
5.385264640717748463e-01 1.039579617694513836e+01 1.601327185319517099e+01 1.104201969316605556e+02 1.951713362619607892e+02 1.959344331096876033e+02
6.079227376437394970e-01 1.104143775516582338e+01 1.701501655295690085e+01 1.104016574105811657e+02 1.951197900565084069e+02 1.959792578934828384e+02
6.815186407079232289e-01 1.168633255009036276e+01 1.801690823353871451e+01 1.103819494911197978e+02 1.950652335840521516e+02 1.960264203878583373e+02
7.593129247995892284e-01 1.233043601839712089e+01 1.901894992137725993e+01 1.103610653319296944e+02 1.950076867809668784e+02 1.960758556128290877e+02
8.413042269712949217e-01 1.297370351410333988e+01 2.002114371604294973e+01 1.103389966617428541e+02 1.949471706838716898e+02 1.961274954041718388e+02
9.274910628905357335e-01 1.361609028363743512e+01 2.102349074861770717e+01 1.103157347824597139e+02 1.948837074231239797e+02 1.961812684971099259e+02
1.017871819641563258e+00 1.425755146105107229e+01 2.202599114158414295e+01 1.102912705724226186e+02 1.948173202159589152e+02 1.962371006133646745e+02
1.112444748197081168e+00 1.489804206336840942e+01 2.302864397026783294e+01 1.102655944898742462e+02 1.947480333592740465e+02 1.962949145514104430e+02
1.211207955637190636e+00 1.553751698608738607e+01 2.403144722590453242e+01 1.102386965766046103e+02 1.946758722220569382e+02 1.963546302797606415e+02
1.314159397096569037e+00 1.617593099883863061e+01 2.503439778035419394e+01 1.102105664617881615e+02 1.946008632374552860e+02 1.964161650331143107e+02
1.421296867445494438e+00 1.681323874121727613e+01 2.603749135253778491e+01 1.101811933660136589e+02 1.945230338944892594e+02 1.964794334111870455e+02
1.532617992735153312e+00 1.744939471878906190e+01 2.704072247661634876e+01 1.101505661055090712e+02 1.944424127294033724e+02 1.965443474800450758e+02
1.648120221393283957e+00 1.808435329928894575e+01 2.804408447195798004e+01 1.101186730965642653e+02 1.943590293166584502e+02 1.966108168757651242e+02
1.767800815223958821e+00 1.871806870901656694e+01 2.904756941493616651e+01 1.100855023601531002e+02 1.942729142595604230e+02 1.966787489102337645e+02
1.891656840175597543e+00 1.935049502944064059e+01 3.005116811257598641e+01 1.100510415267583824e+02 1.941840991805253225e+02 1.967480486789041834e+02
2.019685156924239333e+00 1.998158619402582659e+01 3.105487007809167110e+01 1.100152778414008168e+02 1.940926167109787457e+02 1.968186191703255190e+02
2.151882411282507679e+00 2.061129598529196372e+01 3.205866350833031930e+01 1.099781981688756360e+02 1.939985004808870031e+02 1.968903613772584720e+02
2.288245024412445705e+00 2.123957803211692408e+01 3.306253526314915803e+01 1.099397889991974893e+02 1.939017851079190962e+02 1.969631744091952612e+02
2.428769182911879376e+00 2.186638580728951808e+01 3.406647084674079196e+01 1.099000364532576697e+02 1.938025061862354903e+02 1.970369556060959724e+02
2.573450828739164198e+00 2.249167262533936196e+01 3.507045439092528483e+01 1.098589262886940503e+02 1.937007002749036246e+02 1.971116006531620428e+02
2.722285649018455711e+00 2.311539164064154050e+01 3.607446864041671830e+01 1.098164439059774367e+02 1.935964048859345610e+02 1.971870036964629094e+02
2.875269065716347328e+00 2.373749584581500827e+01 3.707849494007801638e+01 1.097725743547148340e+02 1.934896584719397197e+02 1.972630574592372454e+02
3.032396225227374398e+00 2.435793807043116743e+01 3.808251322416043649e+01 1.097273023401727698e+02 1.933805004134048886e+02 1.973396533586918338e+02
3.193661987865552110e+00 2.497667098004041719e+01 3.908650200754109250e+01 1.096806122300214668e+02 1.932689710055753665e+02 1.974166816231211214e+02
3.359060917271956104e+00 2.559364707553397622e+01 4.009043837894660101e+01 1.096324880613026096e+02 1.931551114449526096e+02 1.974940314091796267e+02
3.528587269774371205e+00 2.620881869285697974e+01 4.109429799616826529e+01 1.095829135476213452e+02 1.930389638153953058e+02 1.975715909191348771e+02
3.702234983674870694e+00 2.682213800308417007e+01 4.209805508325536749e+01 1.095318720865645332e+02 1.929205710738214918e+02 1.976492475179371695e+02
3.879997668524904242e+00 2.743355701287617521e+01 4.310168242967902330e+01 1.094793467673464988e+02 1.927999770355092721e+02 1.977268878499466211e+02
4.061868594346922379e+00 2.804302756532904795e+01 4.410515139145639552e+01 1.094253203786836650e+02 1.926772263589878662e+02 1.978043979551573841e+02
4.247840680868466556e+00 2.865050134123730174e+01 4.510843189421549937e+01 1.093697754168986762e+02 1.925523645305180480e+02 1.978816633847680464e+02
4.437906486741951539e+00 2.925592986078318347e+01 4.611149243818913135e+01 1.093126940942556331e+02 1.924254378481539618e+02 1.979585693159496884e+02
4.632058198777366798e+00 2.985926448566909741e+01 4.711430010511134725e+01 1.092540583475271347e+02 1.922964934053819093e+02 1.980350006656665585e+02
4.830287621203530612e+00 3.046045642171101520e+01 4.811682056699888932e+01 1.091938498467931851e+02 1.921655790743313617e+02 1.981108422034118632e+02
5.032586164956256880e+00 3.105945672190964046e+01 4.911901809679223874e+01 1.091320500044734985e+02 1.920327434885498121e+02 1.981859786627219933e+02
5.238944837022600609e+00 3.165621629001910975e+01 5.012085558082593906e+01 1.090686399845930481e+02 1.918980360253388540e+02 1.982602948513435308e+02
5.449354229832018781e+00 3.225068588462318075e+01 5.112229453310445848e+01 1.090036007122810986e+02 1.917615067876415083e+02 1.983336757599256828e+02
5.663804510720685137e+00 3.284281612374793724e+01 5.212329511134937832e+01 1.089369128835043909e+02 1.916232065854766233e+02 1.984060066691200177e+02
5.882285411475080217e+00 3.343255749002077692e+01 5.312381613478430609e+01 1.088685569750338118e+02 1.914831869169127856e+02 1.984771732549755257e+02
6.104786217955628480e+00 3.401986033639518325e+01 5.412381510362759940e+01 1.087985132546450444e+02 1.913414999485740680e+02 1.985470616925178433e+02
6.331295759822809899e+00 3.460467489246452288e+01 5.512324822025192361e+01 1.087267617915524198e+02 1.911981984956716190e+02 1.986155587574108381e+02
6.561802400370366328e+00 3.518695127137647205e+01 5.612207041197455482e+01 1.086532824670763802e+02 1.910533360015527933e+02 1.986825519256030645e+02
6.796294026466367377e+00 3.576663947737121418e+01 5.712023535544090436e+01 1.085780549855429342e+02 1.909069665167605194e+02 1.987479294708646478e+02
7.034758038622006993e+00 3.634368941396176211e+01 5.811769550255760208e+01 1.085010588854155316e+02 1.907591446775955717e+02 1.988115805601279078e+02
7.277181341188756036e+00 3.691805089277114860e+01 5.911440210793473682e+01 1.084222735506584883e+02 1.906099256841739020e+02 1.988733953465515469e+02
7.523550332692785503e+00 3.748967364304953520e+01 6.011030525779497680e+01 1.083416782223303869e+02 1.904593652779705053e+02 1.989332650602255796e+02
7.773850896311613745e+00 3.805850732188849150e+01 6.110535390030295844e+01 1.082592520104076073e+02 1.903075197188440484e+02 1.989910820964521463e+02
8.028068390503031893e+00 3.862450152514395540e+01 6.209949587727044928e+01 1.081749739058366089e+02 1.901544457615319175e+02 1.990467401015282860e+02
8.286187639788284542e+00 3.918760579909859842e+01 6.309267795719386385e+01 1.080888227928137439e+02 1.900002006316101983e+02 1.991001340559735979e+02
8.548192925694570121e+00 3.974776965286633157e+01 6.408484586956897999e+01 1.080007774612917615e+02 1.898448420009094662e+02 1.991511603551419398e+02
8.814067977866283599e+00 4.030494257156906457e+01 6.507594434044558795e+01 1.079108166197123779e+02 1.896884279623802456e+02 1.991997168871663746e+02
9.083795965341789014e+00 4.085907403028962648e+01 6.606591712916323900e+01 1.078189189079625976e+02 1.895310170044004394e+02 1.992457031081887919e+02
9.357359488003332615e+00 4.141011350882899222e+01 6.705470706622429589e+01 1.077250629105550956e+02 1.893726679845176193e+02 1.992890201148304641e+02
9.634740568204355426e+00 4.195801050727374815e+01 6.804225609225241556e+01 1.076292271700305463e+02 1.892134401026197565e+02 1.993295707138642854e+02
9.915920642571025567e+00 4.250271456239275381e+01 6.902850529798553225e+01 1.075313902005814555e+02 1.890533928735291340e+02 1.993672594890555558e+02
1.020088055398577609e+01 4.304417526487420531e+01 7.001339496525254447e+01 1.074315305018960345e+02 1.888925860990127319e+02 1.994019928651374585e+02
1.048960054375068296e+01 4.358234227741726130e+01 7.099686460888104023e+01 1.073296265732217876e+02 1.887310798392048241e+02 1.994336791688981805e+02
1.078206024392591189e+01 4.411716535369046710e+01 7.197885301948505798e+01 1.072256569276471510e+02 1.885689343834372949e+02 1.994622286873549513e+02
1.107823866985690842e+01 4.464859435816492805e+01 7.295929830708094244e+01 1.071196001066013963e+02 1.884062102204736959e+02 1.994875537229968359e+02
1.137811421287331193e+01 4.517657928683129853e+01 7.393813794547513396e+01 1.070114346945719461e+02 1.882429680081456809e+02 1.995095686460810498e+02
1.168166463316847548e+01 4.570107028881116662e+01 7.491530881737699588e+01 1.069011393340381630e+02 1.880792685423873252e+02 1.995281899439710855e+02
1.198886705285311827e+01 4.622201768886569084e+01 7.589074726017656758e+01 1.067886927406226505e+02 1.879151727256703737e+02 1.995433362675105684e+02
1.229969794917976778e+01 4.673937201080724435e+01 7.686438911234003513e+01 1.066740737184588852e+02 1.877507415348371751e+02 1.995549284744244289e+02
1.261413314793674267e+01 4.725308400181567237e+01 7.783616976036491053e+01 1.065572611757768726e+02 1.875860359883352544e+02 1.995628896697498362e+02
1.293214781700280902e+01 4.776310465766265168e+01 7.880602418624513916e+01 1.064382341407059727e+02 1.874211171128561091e+02 1.995671452432962383e+02
1.325371646006241910e+01 4.826938524883805570e+01 7.977388701538961868e+01 1.063169717772977805e+02 1.872560459093817826e+02 1.995676229041398528e+02
1.357881291047028860e+01 4.877187734757740856e+01 8.073969256494311253e+01 1.061934534017688350e+02 1.870908833186467461e+02 1.995642527121604530e+02
1.390741032526072907e+01 4.927053285578674036e+01 8.170337489245396512e+01 1.060676584989659972e+02 1.869256901860220239e+02 1.995569671066308501e+02
1.423948117929288948e+01 4.976530403384959556e+01 8.266486784483699068e+01 1.059395667390563460e+02 1.867605272258313107e+02 1.995457009318712380e+02
1.457499725952622249e+01 5.025614353031227921e+01 8.362410510757673876e+01 1.058091579944452292e+02 1.865954549851110187e+02 1.995303914599860491e+02
1.491392965940847404e+01 5.074300441243107684e+01 8.458102025412030400e+01 1.056764123569246152e+02 1.864305338068278672e+02 1.995109784106996074e+02
1.525624877337625662e+01 5.122584019755910845e+01 8.553554679540280858e+01 1.055413101550572321e+02 1.862658237925695914e+02 1.994874039683119804e+02
1.560192429144605164e+01 5.170460488536490828e+01 8.648761822945735389e+01 1.054038319718003578e+02 1.861013847647279817e+02 1.994596127957988756e+02
1.595092519389134011e+01 5.217925299084701152e+01 8.743716809105265497e+01 1.052639586623751029e+02 1.859372762281930136e+02 1.994275520460786595e+02
1.630321974598467705e+01 5.264973957812664906e+01 8.838413000130849184e+01 1.051216713723874818e+02 1.857735573315841009e+02 1.993911713704766271e+02
1.665877549279636227e+01 5.311602029498784105e+01 8.932843771723653958e+01 1.049769515562087179e+02 1.856102868280412963e+02 1.993504229244143460e+02
1.701755925402659742e+01 5.357805140812687483e+01 9.027002518115259022e+01 1.048297809956225137e+02 1.854475230356078441e+02 1.993052613703552254e+02
1.737953711885979757e+01 5.403578983908028732e+01 9.120882656991177839e+01 1.046801418187491208e+02 1.852853237972338718e+02 1.992556438780419796e+02
1.774467444081752632e+01 5.448919320078803707e+01 9.214477634391177219e+01 1.045280165192559991e+02 1.851237464404356672e+02 1.992015301220591539e+02
1.811293583259209328e+01 5.493821983474669679e+01 9.307780929581542750e+01 1.043733879758673879e+02 1.849628477366503887e+02 1.991428822767594511e+02
1.848428516083835049e+01 5.538282884870834266e+01 9.400786059894232949e+01 1.042162394721850802e+02 1.848026838603236115e+02 1.990796650085930821e+02
1.885868554089883276e+01 5.582298015486687603e+01 9.493486585527500665e+01 1.040565547168349525e+02 1.846433103477758380e+02 1.990118454658801284e+02
1.923609933143992023e+01 5.625863450848242309e+01 9.585876114303549400e+01 1.038943178639558056e+02 1.844847820558950389e+02 1.989393932660698852e+02
1.961648812896875782e+01 5.668975354687655965e+01 9.677948306377570020e+01 1.037295135340469443e+02 1.843271531207040823e+02 1.988622804805299324e+02
1.999981276220448834e+01 5.711629982874200095e+01 9.769696878893881831e+01 1.035621268351952722e+02 1.841704769158589841e+02 1.987804816169134767e+02
2.038603328627054623e+01 5.753823687369023787e+01 9.861115610583715352e+01 1.033921433847021660e+02 1.840148060111330892e+02 1.986939735991499560e+02
2.077510897667708889e+01 5.795552920197132352e+01 9.952198346299989851e+01 1.032195493311345587e+02 1.838601921309490592e+02 1.986027357451103512e+02
2.116699832305555162e+01 5.836814237428570351e+01 1.004293900148431931e+02 1.030443313768254257e+02 1.837066861130213056e+02 1.985067497419973108e+02
2.156165902260930878e+01 5.877604303160685362e+01 1.013333156656123890e+02 1.028664768008523538e+02 1.835543378671770540e+02 1.984059996195126132e+02
2.195904797323764157e+01 5.917919893493663608e+01 1.022337011125492126e+02 1.026859734825250570e+02 1.834031963344245639e+02 1.983004717208564784e+02
2.235912126629003183e+01 5.957757900489575320e+01 1.025028099254159315e+02 1.031304878882374538e+02 1.832533094463436782e+02 1.981901546716141809e+02
2.276183417890375793e+01 5.997115336106680417e+01 1.023169752819703717e+02 1.040236184020794639e+02 1.831047240848741069e+02 1.980750393465881700e+02
2.316714116587393946e+01 6.035989336098729297e+01 1.021284593787375741e+02 1.049130359808548150e+02 1.829574860425798875e+02 1.979551188346325432e+02
2.357499585100258344e+01 6.074377163869982610e+01 1.019372527422664092e+02 1.057986849083178669e+02 1.828116399834737251e+02 1.978303884015531366e+02
2.398535101786626100e+01 6.112276214275377129e+01 1.017433466257134427e+02 1.066805104637855948e+02 1.826672294044852265e+02 1.977008454511342279e+02
2.439815859994329728e+01 6.149684017355447452e+01 1.015467330362169207e+02 1.075584589596689398e+02 1.825242965976584344e+02 1.975664894843539798e+02
2.481336967003003835e+01 6.186598241995569936e+01 1.013474047630932660e+02 1.084324777779061293e+02 1.823828826131707501e+02 1.974273220568576050e+02
2.523093442887562787e+01 6.223016699497977555e+01 1.011453554069183696e+02 1.093025154052465524e+02 1.822430272232611514e+02 1.972833467347521150e+02
2.565080219295725072e+01 6.258937347055943690e+01 1.009405794095623747e+02 1.101685214673443198e+02 1.821047688871629191e+02 1.971345690487937929e+02
2.607292138131092329e+01 6.294358291118510351e+01 1.007330720852510524e+02 1.110304467616142716e+02 1.819681447171339244e+02 1.969809964470382795e+02
2.649723950132919370e+01 6.329277790634073853e+01 1.005228296527350409e+02 1.118882432888049863e+02 1.818331904456792643e+02 1.968226382460252353e+02
2.692370313342627242e+01 6.363694260161776128e+01 1.003098492686546450e+02 1.127418642832450644e+02 1.816999403940631623e+02 1.966595055805736081e+02
2.735225791446745092e+01 6.397606272838347508e+01 1.000941290621953783e+02 1.135912642417156349e+02 1.815684274422060014e+02 1.964916113522623391e+02
2.778284851984725989e+01 6.431012563189361231e+01 9.987566817113895468e+01 1.144363989509048878e+02 1.814386830000619284e+02 1.963189701766758333e+02
2.821541864409440947e+01 6.463912029772605194e+01 9.965446677942261999e+01 1.152772255133986192e+02 1.813107369805749727e+02 1.961415983294953662e+02
2.864991097987109825e+01 6.496303737642735143e+01 9.943052615633075675e+01 1.161137023721607022e+02 1.811846177743066164e+02 1.959595136915172304e+02
2.908626719522091619e+01 6.528186920624865763e+01 9.920384869745312528e+01 1.169457893334575829e+02 1.810603522258302291e+02 1.957727356926859557e+02
2.952442790891249658e+01 6.559560983386619171e+01 9.897443796755659662e+01 1.177734475881792378e+02 1.809379656119843389e+02 1.955812852552274705e+02
2.996433266370667425e+01 6.590425503296857812e+01 9.874229874553036268e+01 1.185966397315098249e+02 1.808174816220748085e+02 1.953851847359748604e+02
3.040591989736542544e+01 6.620780232060754145e+01 9.850743707157863582e+01 1.194153297808981051e+02 1.806989223401135973e+02 1.951844578679785798e+02
3.084912691120416284e+01 6.650625097120351370e+01 9.826986029685220103e+01 1.202294831922786216e+02 1.805823082291794890e+02 1.949791297014984934e+02
3.129388983596943064e+01 6.679960202810730152e+01 9.802957713572497767e+01 1.210390668744936846e+02 1.804676581179812729e+02 1.947692265444766804e+02
3.174014359480736402e+01 6.708785831261870669e+01 9.778659772094351865e+01 1.218440492018604857e+02 1.803549891897015982e+02 1.945547759025946846e+02
3.218782186306694371e+01 6.737102443036960153e+01 9.754093366189648862e+01 1.226444000248321800e+02 1.802443169731944295e+02 1.943358064190222763e+02
3.263685702465991056e+01 6.764910677498642144e+01 9.729259810627463878e+01 1.234400906786933234e+02 1.801356553366046853e+02 1.941123478139687109e+02
3.308718012467148384e+01 6.792211352894703680e+01 9.704160580541729075e+01 1.242310939902311873e+02 1.800290164834732423e+02 1.938844308241536396e+02
3.353872081789283044e+01 6.819005466155851991e+01 9.678797318366805769e+01 1.250173842823190995e+02 1.799244109513847434e+02 1.936520871423160770e+02
3.399140731291200268e+01 6.845294192398743860e+01 9.653171841209409365e+01 1.257989373763467427e+02 1.798218476132109060e+02 1.934153493568920510e+02
3.444516631136865925e+01 6.871078884127825859e+01 9.627286148695596069e+01 1.265757305924240939e+02 1.797213336809939221e+02 1.931742508919899706e+02
3.489992294194183131e+01 6.896361070131038673e+01 9.601142431335139804e+01 1.273477427472848120e+02 1.796228747125090024e+02 1.929288259478072973e+02
3.535560068859795280e+01 6.921142454063999594e+01 9.574743079449844174e+01 1.281149541498048450e+02 1.795264746205380391e+02 1.926791094416322778e+02
3.581212131258271825e+01 6.945424912719650479e+01 9.548090692716571937e+01 1.288773465940485892e+02 1.794321356848784887e+02 1.924251369495920017e+02
3.626940476759207854e+01 6.969210493979736043e+01 9.521188090380873348e+01 1.296349033497438086e+02 1.793398585671055230e+02 1.921669446493094142e+02
3.672736910750422368e+01 6.992501414446513763e+01 9.494038322202382574e+01 1.303876091500790437e+02 1.792496423280948363e+02 1.919045692636488809e+02
3.718593038599033207e+01 7.015300056753082458e+01 9.466644680199090089e+01 1.311354501767056604e+02 1.791614844483094942e+02 1.916380480057411262e+02
3.764500254726554829e+01 7.037608966552453182e+01 9.439010711264289455e+01 1.318784140418112827e+02 1.790753808508428904e+02 1.913674185254913596e+02
3.810449730715967576e+01 7.059430849185667967e+01 9.411140230737014178e+01 1.326164897671222036e+02 1.789913259272028938e+02 1.910927188577934146e+02
3.856432402361520673e+01 7.080768566031026978e+01 9.383037337014916091e+01 1.333496677596673408e+02 1.789093125658146732e+02 1.908139873726906615e+02
3.902438955562843859e+01 7.101625130536605468e+01 9.354706427307129957e+01 1.340779397841220657e+02 1.788293321832100560e+02 1.905312627277467072e+02
3.948459810955595373e+01 7.122003703939874697e+01 9.326152214634427651e+01 1.348012989315215862e+02 1.787513747578642835e+02 1.902445838229127730e+02
3.994485107160139137e+01 7.141907590678950157e+01 9.297379746194427241e+01 1.355197395841099137e+02 1.786754288666326431e+02 1.899539897582130550e+02
4.040504682518300683e+01 7.161340233500791896e+01 9.268394423221366196e+01 1.362332573760523360e+02 1.786014817237295347e+02 1.896595197945961502e+02
4.086508055175251997e+01 7.180305208272895356e+01 9.239202022482575671e+01 1.369418491497061723e+02 1.785295192221881280e+02 1.893612133183472963e+02
4.132484401349915260e+01 7.198806218505907850e+01 9.209808719567841706e+01 1.376455129070937176e+02 1.784595259777278500e+02 1.890591098094994322e+02
4.178422531621809100e+01 7.216847089595367493e+01 9.180221114143211025e+01 1.383442477561728481e+02 1.783914853749510314e+02 1.887532488147361676e+02
4.224310865045639929e+01 7.234431762791501797e+01 9.150446257357224056e+01 1.390380538514332045e+02 1.783253796157819693e+02 1.884436699253444374e+02
4.270137400886723356e+01 7.251564288907697176e+01 9.120491681605993506e+01 1.397269323282733069e+02 1.782611897700562054e+02 1.881304127608511578e+02
4.315889687750929227e+01 7.268248821777781643e+01 9.090365432883098151e+01 1.404108852305245705e+02 1.781988958281586690e+02 1.878135169590659643e+02
4.361554789861128967e+01 7.284489611474353410e+01 9.060076105961528015e+01 1.410899154303824901e+02 1.781384767556059785e+02 1.874930221733619931e+02
4.407119250209608197e+01 7.300290997300244555e+01 9.029632882677856287e+01 1.417640265398777899e+02 1.780799105494601235e+02 1.871689680781488505e+02
4.452569050291430841e+01 7.315657400566263391e+01 8.999045573613211957e+01 1.424332228128727991e+02 1.780231742964555792e+02 1.868413943836490887e+02
4.497889566097676806e+01 7.330593317169243051e+01 8.968324663491509341e+01 1.430975090363816662e+02 1.779682442327195986e+02 1.865103408612658598e+02
4.543065520020579129e+01 7.345103309984455109e+01 8.937481360642584605e+01 1.437568904098015992e+02 1.779150958049558540e+02 1.861758473810521366e+02
4.588080928294218808e+01 7.359192001087762947e+01 8.906527650906048166e+01 1.444113724103715413e+02 1.778637037329619659e+02 1.858379539630532520e+02
4.632919043565924966e+01 7.372864063822673586e+01 8.875476356380269749e+01 1.450609606428622556e+02 1.778140420733464566e+02 1.854967008446151624e+02
4.677562292165013247e+01 7.386124214728597792e+01 8.844341199449499413e+01 1.457056606711060454e+02 1.777660842843061744e+02 1.851521285661413003e+02
4.721992205607975990e+01 7.398977205346574237e+01 8.813136872549472400e+01 1.463454778285037037e+02 1.777198032913243253e+02 1.848042780782529917e+02
4.766189345854379411e+01 7.411427813919303276e+01 8.781879114156996025e+01 1.469804170040610529e+02 1.776751715536471465e+02 1.844531908738968866e+02
4.810133223806586500e+01 7.423480837002452404e+01 8.750584791509839988e+01 1.476104823997869744e+02 1.776321611313929907e+02 1.840989091496558103e+02
4.853802210532095529e+01 7.435141081004960029e+01 8.719271990577883003e+01 1.482356772543973591e+02 1.775907437531518269e+02 1.837414760014162596e+02
4.897173440682082912e+01 7.446413353675369251e+01 8.687960113811521978e+01 1.488560035271572133e+02 1.775508908839244953e+02 1.833809356606462018e+02
4.940222707588119988e+01 7.457302455552451192e+01 8.656669986184952847e+01 1.494714615343125672e+02 1.775125737932602590e+02 1.830173337789289576e+02
4.982924349545876908e+01 7.467813171397614269e+01 8.625423970025228471e+01 1.500820495288181462e+02 1.774757636234422193e+02 1.826507177701343778e+02
5.025251126846300309e+01 7.477950261626888562e+01 8.594246089066291461e+01 1.506877632118657857e+02 1.774404314575789385e+02 1.822811372218117185e+02
5.067174089199634324e+01 7.487718453760879811e+01 8.563162162082146267e+01 1.512885951619240075e+02 1.774065483874554729e+02 1.819086443901879306e+02
5.108662433325857677e+01 7.497122433909700590e+01 8.532199946325462747e+01 1.518845341634097679e+02 1.773740855810017649e+02 1.815332947967303596e+02
5.149683350669024406e+01 7.506166838311264655e+01 8.501389290813669675e+01 1.524755644125177412e+02 1.773430143492381035e+02 1.811551479488442453e+02
5.190201865448310770e+01 7.514856244940263252e+01 8.470762299249540206e+01 1.530616645717477979e+02 1.773133062125585013e+02 1.807742682132430900e+02
5.230180663603162827e+01 7.523195165204927548e+01 8.440353502018496101e+01 1.536428066368907537e+02 1.772849329662156492e+02 1.803907258783203531e+02
5.269579913645970493e+01 7.531188035749293874e+01 8.410200036248996014e+01 1.542189545699824578e+02 1.772578667448752299e+02 1.800045984520942852e+02
5.308357081027381952e+01 7.538839210377179256e+01 8.380341832330643115e+01 1.547900626381783695e+02 1.772320800861085672e+02 1.796159722558531939e+02
5.346466738374708427e+01 7.546152952114819357e+01 8.350821804529189762e+01 1.553560733803887501e+02 1.772075459926977885e+02 1.792249443917447422e+02
5.383860374912301694e+01 7.553133425428292469e+01 8.321686042389474380e+01 1.559169150991401693e+02 1.771842379936303757e+02 1.788316251869171367e+02
5.420486209543310707e+01 7.559784688611296133e+01 8.292983998446511862e+01 1.564724987420267155e+02 1.771621302036640202e+02 1.784361412499272035e+02
5.456289013491440443e+01 7.566110686358994997e+01 8.264768666345939607e+01 1.570227139917673753e+02 1.771411973813474390e+02 1.780386393204729529e+02
5.491209950086921765e+01 7.572115242542606950e+01 8.237096741789426346e+01 1.575674243211672660e+02 1.771214149853858544e+02 1.776392911562229528e+02
5.525186441236145640e+01 7.577802053199275178e+01 8.210028756765338187e+01 1.581064606817227798e+02 1.771027592292448674e+02 1.772382997880739310e+02
5.558152072317127335e+01 7.583174679751211045e+01 8.183629175322279536e+01 1.586396133711774326e+02 1.768359075985955826e+02 1.770852071338919131e+02
5.590036549634436369e+01 7.588236542467522838e+01 8.157966436751750905e+01 1.591666214496285363e+02 1.764324068541290842e+02 1.770687365785771590e+02
5.620765727035172432e+01 7.592990914181524431e+01 8.133112929578112471e+01 1.596871588212936501e+02 1.760281535734899023e+02 1.770533263495615017e+02
5.650261720650843245e+01 7.597440914276005230e+01 8.109144877390872352e+01 1.602008157329771905e+02 1.756235859822973282e+02 1.770389561867047519e+02
5.678443132720932596e+01 7.601589502948019117e+01 8.086142115563266941e+01 1.607070739054332762e+02 1.752192493367889767e+02 1.770256068278301029e+02
5.705225406707281621e+01 7.605439475764421786e+01 8.064187736648000282e+01 1.612052727280640454e+02 1.748158296867368904e+02 1.770132600507872382e+02
5.730521335958518137e+01 7.608993458518727948e+01 8.043367582190600729e+01 1.616945627909962582e+02 1.744142003034734216e+02 1.770018987131411734e+02
5.754241746484867548e+01 7.612253902398970240e+01 8.023769560400059220e+01 1.621738413351715167e+02 1.740154861924390275e+02 1.769915067894180822e+02
5.776296370371969857e+01 7.615223079476032808e+01 8.005482773147976161e+01 1.626416617637660806e+02 1.736211545469824102e+02 1.769820694058442143e+02
5.796594919462465612e+01 7.617903078520977544e+01 7.988596442667223130e+01 1.630961059931462671e+02 1.732331423652499609e+02 1.769735728725204922e+02
5.815048358799455031e+01 7.620295801159197424e+01 7.973198638456179310e+01 1.635346042070517001e+02 1.728540366665085060e+02 1.769660047129773375e+02
5.831570365915722931e+01 7.622402958368886061e+01 7.959374818304191024e+01 1.639536825749948150e+02 1.724873267459522026e+02 1.769593536910621481e+02
5.846078945822490880e+01 7.624226067330057788e+01 7.947206213584702539e+01 1.643486196593768511e+02 1.721377477435248409e+02 1.769536098351141504e+02
5.858498153586705826e+01 7.625766448630632510e+01 7.936768106926923849e+01 1.647130078249211635e+02 1.718117192131846025e+02 1.769487644593876894e+02
5.868759858458095380e+01 7.627025223834148449e+01 7.928128068304539511e+01 1.650382734228045081e+02 1.715178249202598977e+02 1.769448101826892810e+02
5.876805467974278230e+01 7.628003313414001241e+01 7.921344231113367584e+01 1.653133555082447117e+02 1.712671341081559433e+02 1.769417409441977043e+02
5.882587519994959990e+01 7.628701435058152924e+01 7.916463700286749372e+01 1.655250096684695507e+02 1.710728976575125273e+02 1.769395520164425193e+02
5.886071047694401415e+01 7.629120102347184229e+01 7.913521187419422631e+01 1.656594479941418285e+02 1.709489081047464936e+02 1.769382400154196091e+02
5.887234628939857117e+01 7.629259623808341928e+01 7.912537961472277459e+01 1.657056840929155612e+02 1.709061546213242195e+02 1.769378029078285977e+02
5.887234628939857117e+01 7.629259623808341928e+01 7.912537961472277459e+01 1.657056840929155612e+02 1.709061546213242195e+02 1.769378029078285977e+02
5.887136877218460995e+01 7.631808256134890200e+01 7.912346440452392926e+01 1.656982511518373258e+02 1.708989996313737265e+02 1.769320629612359426e+02
5.886844766721132061e+01 7.639445867943409496e+01 7.911771540533774782e+01 1.656759603236614851e+02 1.708775459374667776e+02 1.769148559936852507e+02
5.886361728921863801e+01 7.652147692603232088e+01 7.910812252091160701e+01 1.656388355933229377e+02 1.708418273367029485e+02 1.768862205961523273e+02
5.885693474512584089e+01 7.669872746343693848e+01 7.909466895584384361e+01 1.655869169350652896e+02 1.707919000551770239e+02 1.768462210012486651e+02
5.884847980723584016e+01 7.692564261132069703e+01 7.907733126299220316e+01 1.655202603120263802e+02 1.707278425945274023e+02 1.767949469547187391e+02
5.883835473507818392e+01 7.720150274998603379e+01 7.905607940960652513e+01 1.654389376767819329e+02 1.706497555174091190e+02 1.767325135355764871e+02
5.882668404526020822e+01 7.752544364968458979e+01 7.903087686194631090e+01 1.653430369739883758e+02 1.705577611722108600e+02 1.766590609249243187e+02
5.881361422853896670e+01 7.789646504681223860e+01 7.900168068808113730e+01 1.652326621466202141e+02 1.704520033574167996e+02 1.765747541235112408e+02
5.879931341317940507e+01 7.831344026457917096e+01 7.896844167850582608e+01 1.651079331476707068e+02 1.703326469261272393e+02 1.764797826181087146e+02
5.878397097354078227e+01 7.877512666065531732e+01 7.893110448414202551e+01 1.649689859595836197e+02 1.701998773313473805e+02 1.763743599967996261e+02
5.876779708273028291e+01 7.888960777123932644e+01 7.928017667734702911e+01 1.648159726241192686e+02 1.700539001127682468e+02 1.762587235133047443e+02
5.875102220808626186e+01 7.884388439263256032e+01 7.982714927068151667e+01 1.646490612858251268e+02 1.698949403258823736e+02 1.761331336004982973e+02
5.873389654820689998e+01 7.879386157475885000e+01 8.041452150254175990e+01 1.644684362528045654e+02 1.697232419143986419e+02 1.759978733333010723e+02
5.871668941023028765e+01 7.873946111979087448e+01 8.104070009363627491e+01 1.642742980790435183e+02 1.695390670270528517e+02 1.758532478411783302e+02
5.869968852609459020e+01 7.868059962219400916e+01 8.170403275334010118e+01 1.640668636731995207e+02 1.693426952800542438e+02 1.756995836705216902e+02
5.868319930657735739e+01 7.861718869897676143e+01 8.240281912393595576e+01 1.638463664394624573e+02 1.691344229665486409e+02 1.755372280972455314e+02
5.866754403202493506e+01 7.854913523286418808e+01 8.313532120023045024e+01 1.636130564569041610e+02 1.689145622146412222e+02 1.753665483899980302e+02
5.865306097884353420e+01 7.847634162759153753e+01 8.389977310963402601e+01 1.633672007046308750e+02 1.686834400956794013e+02 1.751879310244576402e+02
5.864010348103956716e+01 7.839870607448646922e+01 8.469439016154154842e+01 1.631090833410757739e+02 1.684413976846646506e+02 1.750017808492751215e+02
5.862903892636101233e+01 7.831612282948273673e+01 8.551737709729829362e+01 1.628390060469276364e+02 1.681887890748428731e+02 1.748085202043150161e+02
5.862024768691932053e+01 7.822848249968943435e+01 8.636693549251144475e+01 1.625572884425060636e+02 1.679259803486937699e+02 1.746085879919654360e+02
5.861412198454971900e+01 7.813567233862163164e+01 8.724127028147238150e+01 1.622642685918933978e+02 1.676533485077297883e+02 1.744024387024049645e+02
5.861106469160917953e+01 7.803757654918892683e+01 8.813859538867210119e+01 1.619603036078442244e+02 1.673712803636989292e+02 1.741905413938593767e+02
5.861148806840743219e+01 7.793407659352966732e+01 8.905713846468694328e+01 1.616457703734393760e+02 1.670801713939670208e+02 1.739733786290333057e+02
5.861581243901675009e+01 7.782505150877474875e+01 8.999514473306042817e+01 1.613210663986836266e+02 1.667804245640482179e+02 1.737514453690762366e+02
5.862446480781217417e+01 7.771037822782733429e+01 9.095087996129771568e+01 1.609866108327778420e+02 1.664724491204241019e+02 1.735252478266303342e+02
5.863787741974196877e+01 7.758993190424746444e+01 9.192263257288657030e+01 1.606428456556966751e+02 1.661566593569741883e+02 1.732953022797147753e+02
5.865648626802017418e+01 7.746358624033906892e+01 9.290871491856445630e+01 1.602902370759904613e+02 1.658334733585060405e+02 1.730621338484277487e+02
5.868072955365749976e+01 7.733121381754925494e+01 9.390746372409590492e+01 1.599292771654637306e+02 1.655033117250311818e+02 1.728262752366856603e+02
5.871104610199260065e+01 7.719268642830327565e+01 9.491723972886150307e+01 1.595604857655976900e+02 1.651665962805795118e+02 1.725882654414806723e+02
5.874787374214356817e+01 7.704787540841681448e+01 9.593642652481315736e+01 1.591844127053149407e+02 1.648237487704779483e+02 1.723486484324107835e+02
5.879164765605835896e+01 7.689665196924805457e+01 9.696342859907581158e+01 1.588016403749541610e+02 1.644751895511321891e+02 1.721079718045226628e+02
5.884279870458145467e+01 7.673888752877395802e+01 9.799666857589986080e+01 1.584127867071225637e+02 1.641213362764535191e+02 1.718667854078102266e+02
5.890175173866682456e+01 7.657445404080193896e+01 9.903458364505098643e+01 1.580185086213829209e+02 1.637626025851458280e+02 1.716256399570154088e+02
5.896892390452885024e+01 7.640322432155400634e+01 1.000756211543462655e+02 1.576195059964009602e+02 1.633993967931300801e+02 1.713850856256947850e+02
5.904472295212237043e+01 7.622507237289018178e+01 1.011182333342638913e+02 1.572165262400226027e+02 1.630321205954208494e+02 1.711456706288281566e+02
5.912954555686196301e+01 7.603987370146909086e+01 1.021608711128344993e+02 1.568103695344175890e+02 1.626611677817801080e+02 1.709079397985566970e+02
5.922377566491103806e+01 7.584750563317426497e+01 1.032019769700307279e+02 1.564018948393670030e+02 1.622869229704726308e+02 1.706724331579434022e+02
5.932778287268102702e+01 7.564784762216945069e+01 1.042399767735308558e+02 1.559920267411069688e+02 1.619097603644119943e+02 1.704396844979358150e+02
5.944192085136313608e+01 7.544078155397816943e+01 1.052732705334004635e+02 1.555817632356019544e+02 1.615300425339400192e+02 1.702102199629836718e+02
5.956652582736023049e+01 7.522619204201893695e+01 1.063002220138275362e+02 1.551721845318056694e+02 1.611481192304081844e+02 1.699845566510073240e+02
5.970191512938359324e+01 7.500396671706151608e+01 1.073191471482899431e+02 1.547644629496869300e+02 1.607643262346391850e+02 1.697632012336276830e+02
5.984838581272278191e+01 7.477399650910443540e+01 1.083283012242156929e+02 1.543598739657766714e+02 1.603789842442373583e+02 1.695466486027431472e+02
6.000621337078609230e+01 7.453617592121121049e+01 1.093258648395219836e+02 1.539598084205319140e+02 1.599923978035891707e+02 1.693353805496723794e+02
6.017565054343845077e+01 7.429040329487438044e+01 1.103099286933003356e+02 1.535657858399980569e+02 1.596048542802519989e+02 1.691298644831660738e+02
6.035692623094833920e+01 7.403658106651509740e+01 1.112784773653582135e+02 1.531794687300753708e+02 1.592166228912730332e+02 1.689305521926199276e+02
6.055024452149249470e+01 7.377461601475752673e+01 1.122293723755049086e+02 1.528026775639726225e+02 1.588279537828096011e+02 1.687378786627951683e+02
6.075578383917812886e+01 7.350441949815339626e+01 1.131603350065209384e+02 1.524374059890133708e+02 1.584390771662396560e+02 1.685522609462641128e+02
6.097369621843731835e+01 7.322590768306294251e+01 1.140689296387187142e+02 1.520858355137888509e+02 1.580502025137593876e+02 1.683740970996455530e+02
6.120410670945130960e+01 7.293900176143445435e+01 1.149525486914723444e+02 1.517503485881322547e+02 1.576615178162627444e+02 1.682037651894810608e+02
6.144711291798842012e+01 7.264362815825236908e+01 1.158084007045687684e+02 1.514335385499970812e+02 1.572731889060841297e+02 1.680416223733191430e+02
6.170278468171981956e+01 7.233971872845853568e+01 1.166335036126019418e+02 1.511382143921665033e+02 1.568853588469677902e+02 1.678880040612336870e+02
6.197116388372917584e+01 7.202721094317782047e+01 1.174246858366581421e+02 1.508673977300042566e+02 1.564981473933963230e+02 1.677432231625919030e+02
6.225226440258958149e+01 7.170604806511114759e+01 1.181785983671895366e+02 1.506243088012341218e+02 1.561116505211765286e+02 1.676075694224296342e+02
6.254607219705837906e+01 7.137617931298436247e+01 1.188917414125294982e+02 1.504123379276665844e+02 1.557259400309342539e+02 1.674813088512683521e+02
6.285254552217332957e+01 7.103756001496945771e+01 1.195605092457770837e+02 1.502349988100972098e+02 1.553410632259177362e+02 1.673646832516463121e+02
6.317161527233466956e+01 7.069015175102026660e+01 1.201812563476977118e+02 1.500958605623149538e+02 1.549570426652512083e+02 1.672579098440271821e+02
6.350318544585338287e+01 7.033392248408894432e+01 1.207503865479226306e+02 1.499984567852125679e+02 1.545738759935072721e+02 1.671611809941074398e+02
6.384713372444968371e+01 6.996884668021260723e+01 1.212644644187925707e+02 1.499461724296662624e+02 1.541915358471994750e+02 1.670746640428742467e+02
6.420331216031500787e+01 6.959490541748292003e+01 1.217203446956090431e+02 1.499421126772005266e+02 1.538099698385064471e+02 1.669985012400762798e+02
6.457154796261166041e+01 6.921208648393114515e+01 1.221153113640409344e+02 1.499889622002847602e+02 1.534291006162596034e+02 1.669328097810696647e+02
6.495164437468902463e+01 6.882038446438284041e+01 1.224472140873036494e+02 1.500888471320580777e+02 1.530488260039286104e+02 1.668776819462996457e+02
6.534338163284036227e+01 6.841980081635324495e+01 1.227145869982436466e+02 1.502432147226238612e+02 1.526690192140470117e+02 1.668331853419800268e+02
6.574651799711833178e+01 6.801034393507509890e+01 1.229167347143787055e+02 1.504527458259948389e+02 1.522895291382211269e+02 1.667993632398506065e+02
6.616079084455536474e+01 6.759202920776411361e+01 1.230537734122797673e+02 1.507173123833190402e+02 1.519101807115686142e+02 1.667762350132283586e+02
6.658591781510531860e+01 6.716487905724667939e+01 1.231266206580964706e+02 1.510359862074856494e+02 1.515307753501379864e+02 1.667637966659383153e+02
6.672892297508636261e+01 6.702159800070941742e+01 1.231369351575718269e+02 1.511510914595683914e+02 1.514070979075561638e+02 1.667620214501079374e+02
6.628419754436083622e+01 6.746751316809796606e+01 1.230870147716406251e+02 1.507708850129645555e+02 1.518283376086150724e+02 1.667708605682542782e+02
6.583074645225462973e+01 6.792332900624541026e+01 1.229796662601942359e+02 1.503898901956839893e+02 1.522968840060403579e+02 1.667902439545811717e+02
6.536862049264330210e+01 6.838869638979194576e+01 1.228180622565015909e+02 1.500078201144719401e+02 1.528095462531873920e+02 1.668200811299453505e+02
6.489787755885761555e+01 6.886325265021476127e+01 1.226055999672912264e+02 1.496243675681228638e+02 1.533629041888503934e+02 1.668602621245428281e+02
6.441858262682517022e+01 6.934662284706182334e+01 1.223457729012632882e+02 1.492392058766154719e+02 1.539534356030017079e+02 1.669106584620212459e+02
6.393080772879856966e+01 6.983842103213645203e+01 1.220420627644988798e+02 1.488519897654459783e+02 1.545776234034878485e+02 1.669711241984321930e+02
6.343463191788539746e+01 7.033825150012806660e+01 1.216978546153405318e+02 1.484623563016874357e+02 1.552320395921458385e+02 1.670414970092116960e+02
6.293014122360580131e+01 7.084571001981203153e+01 1.213163751419034639e+02 1.480699258781227741e+02 1.559134061880879472e+02 1.671215993172060337e+02
6.241742859870970506e+01 7.136038504057593457e+01 1.209006517781493812e+02 1.476743032416435994e+02 1.566186353830068470e+02 1.672112394546535938e+02
6.189659385749256160e+01 7.188185886966081739e+01 1.204534892510992137e+02 1.472750785619723786e+02 1.573448523365726146e+02 1.673102128519843461e+02
6.136774360585559407e+01 7.240970881612673793e+01 1.199774598229137439e+02 1.468718285366574889e+02 1.580894043487039937e+02 1.674183032463051291e+02
6.083099116336038747e+01 7.294350829815098791e+01 1.194749036842217293e+02 1.464641175282032179e+02 1.588498599526980684e+02 1.675352839025025844e+02
6.028645647753452153e+01 7.348282791084071164e+01 1.189479364292632226e+02 1.460514987291375917e+02 1.596240009988726740e+02 1.676609188400098844e+02
5.973426603068863727e+01 7.402723645228464022e+01 1.183984611229199686e+02 1.456335153507810958e+02 1.604098102187101631e+02 1.677949640584449469e+02
5.917455273950894679e+01 7.457630190607319776e+01 1.178281830431593704e+02 1.452097018314665888e+02 1.612054561858845716e+02 1.679371687555378969e+02
5.860745584769307470e+01 7.512959237898601828e+01 1.172386256904534747e+02 1.447795850599697189e+02 1.620092770823582384e+02 1.680872765310092518e+02
5.803312081190126293e+01 7.568667699297317597e+01 1.166311470747941854e+02 1.443426856099370923e+02 1.628197642585089682e+02 1.682450265703502623e+02
5.745169918129464293e+01 7.624712673094339266e+01 1.160069556190980222e+02 1.438985189811528187e+02 1.636355462479108951e+02 1.684101548027684032e+02
5.686334847093816336e+01 7.681051523622006982e+01 1.153671252643570000e+02 1.434465968435527827e+02 1.644553736506647397e+02 1.685823950279091434e+02
5.626823202934478019e+01 7.737641956583190961e+01 1.147126095405673283e+02 1.429864282799815669e+02 1.652781051203233744e+02 1.687614800063292648e+02
5.566651890044003181e+01 7.794442089807304797e+01 1.140442544925672621e+02 1.425175210237956946e+02 1.661026945641993393e+02 1.689471425090867172e+02
5.505838368022732254e+01 7.851410519499860641e+01 1.133628104343145822e+02 1.420393826875302068e+02 1.669281795822665799e+02 1.691391163222099010e+02
5.444400636843449348e+01 7.908506382071774965e+01 1.126689425596191541e+02 1.415515219789804746e+02 1.677536711152218345e+02 1.693371372022214132e+02
5.382357221542284265e+01 7.965689411651000285e+01 1.119632404704124866e+02 1.410534499011934315e+02 1.685783442390408311e+02 1.695409437793108225e+02
5.319727156464004025e+01 8.022919993392454785e+01 1.112462267017922812e+02 1.405446809330145470e+02 1.694014300250477163e+02 1.697502784051689559e+02
5.256529969089764620e+01 8.080159212712784722e+01 1.105183643311324460e+02 1.400247341870000355e+02 1.699648879429183239e+02 1.702222083763058151e+02
5.192785663475375202e+01 8.137368900584709763e+01 1.097800637599820419e+02 1.394931345416702584e+02 1.701845244969900932e+02 1.710400017495569784e+02
5.128514703328034585e+01 8.194511675031635889e+01 1.090316887547564306e+02 1.389494137452535085e+02 1.704089460812078300e+02 1.718541696745068066e+02
5.063737994749438087e+01 8.251550978967159722e+01 1.082735618270580744e+02 1.383931114882511224e+02 1.706379172237394641e+02 1.726641039872837098e+02
4.998476868672862139e+01 8.308451114526333470e+01 1.075059690280164091e+02 1.378237764423287217e+02 1.708712095079687856e+02 1.734692247012106350e+02
4.932753063021911544e+01 8.365177274036393840e+01 1.067291642240730596e+02 1.372409672632277875e+02 1.711086020487129815e+02 1.742689764448713845e+02
4.866588704618168038e+01 8.421695567774006008e+01 1.059433729146491459e+02 1.366442535555687243e+02 1.713498819035768861e+02 1.750628254043228651e+02
4.800006290864954650e+01 8.477973048654561694e+01 1.051487956454239168e+02 1.360332167976035578e+02 1.715948444195767593e+02 1.758502567129051783e+02
4.733028671234164619e+01 8.533977733996601955e+01 1.043456110646878869e+02 1.354074512241555794e+02 1.718432935154977770e+02 1.766307722382712200e+02
4.665679028582670895e+01 8.589678624501011939e+01 1.035339786645098457e+02 1.347665646661627363e+02 1.720950419007591279e+02 1.774038887218900697e+02
4.597980860324853580e+01 8.645045720581057935e+01 1.027140412432835888e+02 1.341101793454190556e+02 1.723499112318490916e+02 1.781691362313730167e+02
4.529957959487117591e+01 8.700050036174829415e+01 1.018859271216157083e+02 1.334379326232814265e+02 1.726077322076710061e+02 1.789260568905105515e+02
4.461634395670314035e+01 8.754663610167241927e+01 1.010497521394274258e+02 1.327494777022791368e+02 1.728683446053888986e+02 1.796742038559362413e+02
4.393034495945254037e+01 8.808859515543714735e+01 1.002056214585502687e+02 1.320444842797279534e+02 1.731315972585992711e+02 1.804131405128780727e+02
4.324182825706475342e+01 8.862611866392788329e+01 9.935363119194923343e+01 1.313226391526121688e+02 1.733973479798700339e+02 1.811424398655730101e+02
4.255104169508738465e+01 8.915895822869838128e+01 9.849386987795448078e+01 1.305836467731538164e+02 1.736654634298834878e+02 1.818616841006404741e+02
4.185823511910518846e+01 8.968687594228940441e+01 9.762641981549063530e+01 1.298272297546377843e+02 1.739358189355982631e+02 1.825704643040902226e+02
4.116366018348224998e+01 9.020964440025032616e+01 9.675135827421550516e+01 1.290531293272069888e+02 1.742082982600063872e+02 1.832683803147122319e+02
4.046757016064326962e+01 9.072704669583434622e+01 9.586875859167435010e+01 1.282611057434821475e+02 1.744827933262007207e+02 1.839550406984041331e+02
3.977021975112430141e+01 9.123887639829229101e+01 9.497869116801854261e+01 1.274509386339926778e+02 1.747592038985984004e+02 1.846300628295666399e+02
3.907186489461371082e+01 9.174493751564143906e+01 9.408122436748423922e+01 1.266224273125335742e+02 1.750374372242672223e+02 1.852930730670682351e+02
3.837276258220221337e+01 9.224504444274325010e+01 9.317642533466472798e+01 1.257753910316866524e+02 1.753174076374022263e+02 1.859437070134834471e+02
3.767317067005510722e+01 9.226436073260049398e+01 9.273902189548050501e+01 1.249096691888570803e+02 1.755990361300698623e+02 1.865816098473470959e+02
3.697334769471238047e+01 9.134509740884725204e+01 9.322670483178407608e+01 1.240251214832906470e+02 1.758822498924046442e+02 1.872064367190915277e+02
3.627355269021850859e+01 9.041870299493400864e+01 9.370793836022195933e+01 1.231216280246394348e+02 1.761669818254869995e+02 1.878178532021289868e+02
3.557404500727809449e+01 8.948524644397917882e+01 9.418257763682707662e+01 1.221990893937400813e+02 1.764531700301657509e+02 1.884155357912464410e+02
3.487508413462376211e+01 8.854479851068563789e+01 9.465048775080586552e+01 1.212574266563697165e+02 1.767407572751104397e+02 1.889991724411039797e+02
3.417692952278223828e+01 8.759743217745830179e+01 9.511154359973976113e+01 1.202965813308219793e+02 1.770296904473823929e+02 1.895684631381676013e+02
3.347984041041308956e+01 8.664322302998392900e+01 9.556562975486086486e+01 1.193165153102382874e+02 1.773199199888112503e+02 1.901231204998962596e+02
3.278407565338944352e+01 8.568224958526568003e+01 9.601264031695650658e+01 1.183172107407002613e+02 1.776113993214435993e+02 1.906628703954277171e+02
3.208989355678538402e+01 8.471459357481080588e+01 9.645247876343222515e+01 1.172986698561645653e+02 1.779040842653002414e+02 1.911874525823910460e+02
3.139755170992326683e+01 8.374034018541573232e+01 9.688505778703891735e+01 1.162609147713901336e+02 1.781979324516396730e+02 1.916966213548117253e+02
3.070730682463246808e+01 8.275957825978029803e+01 9.731029912674893012e+01 1.152039872340700413e+02 1.784929027348700572e+02 1.921901461973809262e+02
3.001941457685866510e+01 8.177240045900225596e+01 9.772813339124546417e+01 1.141279483374385961e+02 1.787889546061894919e+02 1.926678124416320088e+02
2.933412945175937736e+01 8.077890338884854771e+01 9.813849987547239095e+01 1.130328781946838319e+02 1.790860476119614191e+02 1.931294219198148880e+02
2.865170459241136314e+01 7.977918769157480483e+01 9.854134637067384972e+01 1.119188755765413390e+02 1.793841407797457919e+02 1.935747936124790840e+02
2.797239165224908319e+01 7.877335810495264923e+01 9.893662896833887999e+01 1.107860575134985623e+02 1.796831920548132473e+02 1.940037642859785763e+02
2.729644065134569786e+01 7.776152349008032161e+01 9.932431185845160826e+01 1.096345588640801196e+02 1.799831577498674733e+02 1.944161891162964366e+02
2.662409983663846091e+01 7.674379682947133574e+01 9.970436712243497368e+01 1.084645318507272265e+02 1.802839920105855072e+02 1.948119422957502138e+02
2.595561554619554911e+01 7.572029519686410026e+01 1.000767745211648503e+02 1.072761455648244464e+02 1.805856462994666458e+02 1.951909176192976645e+02
2.529123207761069025e+01 7.469113970013539472e+01 1.004415212784201685e+02 1.060695854424594273e+02 1.808880689003505609e+02 1.955530290472998729e+02
2.463119156060386672e+01 7.365645539867036007e+01 1.007986018601251601e+02 1.048450527125407490e+02 1.811912044458274806e+02 1.958982112417313033e+02
2.397573383389977764e+01 7.261637119650076500e+01 1.011480177497310677e+02 1.036027638189219289e+02 1.814949934696211358e+02 1.962264200729453876e+02
2.332509632644721620e+01 7.157101971250612849e+01 1.014897772200762347e+02 1.023429498182183863e+02 1.817993719858705788e+02 1.965376330942213201e+02
2.267951394303117496e+01 7.052053712894587534e+01 1.010658557550225680e+02 1.018238951020560847e+02 1.821042710970867802e+02 1.968318499814194524e+02
2.203921895432574374e+01 6.946506301958015683e+01 9.977174001625331812e+01 1.021503925504273980e+02 1.824096166323920443e+02 1.971090929351758803e+02
2.140444089142499706e+01 6.840474015862299950e+01 9.846087366639663685e+01 1.024692968070649215e+02 1.827153288174881709e+02 1.973694070431631928e+02
2.077540644487906007e+01 6.733971431176641431e+01 9.713353976541694124e+01 1.027806409619820016e+02 1.830213219776284177e+02 1.976128606000322918e+02
2.015233936825834959e+01 6.627013401050652419e+01 9.579003267113924380e+01 1.030844637124211971e+02 1.833275042746970200e+02 1.978395453827439496e+02
1.953546038625585624e+01 6.519615031099834823e+01 9.443065732791825440e+01 1.033808091203156323e+02 1.836337774793232995e+02 1.980495768790810303e+02
1.892498710733419287e+01 6.411791653866856677e+01 9.305572854343148492e+01 1.036697263684161214e+02 1.839400367787849575e+02 1.982430944672211695e+02
1.832113394090903924e+01 6.303558801981087356e+01 9.166557025544582871e+01 1.039512695153740935e+02 1.842461706212761783e+02 1.984202615443334139e+02
1.772411201906119871e+01 6.194932180138779643e+01 9.026051479042008907e+01 1.042254972500659989e+02 1.845520605969448980e+02 1.985812656022486067e+02
1.713412912274976208e+01 6.085927636027199839e+01 8.884090211582176266e+01 1.044924726454385819e+02 1.848575813559243670e+02 1.987263182483412436e+02
1.655138961250553109e+01 5.976561130314629366e+01 8.740707908804191106e+01 1.047522629121514086e+02 1.851626005634188914e+02 1.988556551698505075e+02
1.597609436356024482e+01 5.866848705830113886e+01 8.595939869780383447e+01 1.050049391522861981e+02 1.854669788917313724e+02 1.989695360399620654e+02
1.540844070536942390e+01 5.756806456055218035e+01 8.449821931496460081e+01 1.052505761133892008e+02 1.857705700489567278e+02 1.990682443640691304e+02
1.484862236547825276e+01 5.646450493051419528e+01 8.302390393461521967e+01 1.054892519431071065e+02 1.860732208439083308e+02 1.991520872647373039e+02
1.429682941766768423e+01 5.535796914946286762e+01 8.153681942638480962e+01 1.057210479446722218e+02 1.863747712866881159e+02 1.992213952040049776e+02
1.375324823431077803e+01 5.424861773101331153e+01 8.003733578885224631e+01 1.059460483334869849e+02 1.866750547241642835e+02 1.992765216417687668e+02
1.321806144287115536e+01 5.313661039085420157e+01 7.852582541097009994e+01 1.061643399950540640e+02 1.869738980094831220e+02 1.993178426291330538e+02
1.269144788645319899e+01 5.202210571575885467e+01 7.700266234239032315e+01 1.063760122444906671e+02 1.872711217046026491e+02 1.993457563357317781e+02
1.217358258832163997e+01 5.090526083311198136e+01 7.546822157457884828e+01 1.065811565878629494e+02 1.875665403147180541e+02 1.993606825101819595e+02
1.166463672028957710e+01 4.978623108217133364e+01 7.392287833458875923e+01 1.067798664855678368e+02 1.878599625533268238e+02 1.993630618729827404e+02
1.116477757487757039e+01 4.866516968828687340e+01 7.236700739334172283e+01 1.069722371179863387e+02 1.881511916365777779e+02 1.993533554413437514e+02
1.067416854113118241e+01 4.754222744129894807e+01 7.080098239025309681e+01 1.071583651536248851e+02 1.884400256054496481e+02 1.993320437856112619e+02
1.019296908398753843e+01 4.641755237932083844e+01 6.922517517600007864e+01 1.073383485199557299e+02 1.887262576742140823e+02 1.992996262171530759e+02
9.721334727062890479e+00 4.529128947910854208e+01 6.763995517520872625e+01 1.075122861771610019e+02 1.890096766035644578e+02 1.992566199077806175e+02
9.259417038751884377e+00 4.416358035421578876e+01 6.604568877079776712e+01 1.076802778949791985e+02 1.892900670967153758e+02 1.992035589410076568e+02
8.807363621485983174e+00 4.303456296210745791e+01 6.444273871167371226e+01 1.078424240328453152e+02 1.895672102167272612e+02 1.991409932956918851e+02
8.365318104040813552e+00 4.190437132140426968e+01 6.283146354542760292e+01 1.079988253235105446e+02 1.898408838232530229e+02 1.990694877628614279e+02
7.933420136733416506e+00 4.077313524040980752e+01 6.121221707763069020e+01 1.081495826603194104e+02 1.901108630268695094e+02 1.989896207968045303e+02
7.511805389378391595e+00 3.964098005804829228e+01 5.958534785926610766e+01 1.082947968883168954e+02 1.903769206591240959e+02 1.989019833017904091e+02
7.100605551852924080e+00 3.850802639832986785e+01 5.795119870377337179e+01 1.084345685993496744e+02 1.906388277564049076e+02 1.988071773560957070e+02
6.699948337121234054e+00 3.737438993942484444e+01 5.631010623510465507e+01 1.085689979313198563e+02 1.908963540557314502e+02 1.987058148753320665e+02
6.309957486565613394e+00 3.624018119840739871e+01 5.466240046812151121e+01 1.086981843717423004e+02 1.911492685005610497e+02 1.985985162174053755e+02
5.930752777469693982e+00 3.510550533269335460e+01 5.300840442257297980e+01 1.088222265657492329e+02 1.913973397547048307e+02 1.984859087317856847e+02
5.562450032498031938e+00 3.397046195916149713e+01 5.134843377180317958e+01 1.089412221286795841e+02 1.916403367224671115e+02 1.983686252561257959e+02
5.205161131010527242e+00 3.283514499190498270e+01 4.968279652724584849e+01 1.090552674633830605e+02 1.918780290731328932e+02 1.982473025636340935e+02
4.858994022061661866e+00 3.169964249951789981e+01 4.801179275965309756e+01 1.091644575823623029e+02 1.921101877679617189e+02 1.981225797649865967e+02
4.524052738907307969e+00 3.056403658276254731e+01 4.633571435789800574e+01 1.092688859348692461e+02 1.923365855878729462e+02 1.979950966689374354e+02
4.200437414876906139e+00 2.942840327342142004e+01 4.465484482607516981e+01 1.093686442390660574e+02 1.925569976600469317e+02 1.978654921061755658e+02
3.888244300437992074e+00 2.829281245504873965e+01 4.296945911949821806e+01 1.094638223193528290e+02 1.927712019817134035e+02 1.977344022213502512e+02
3.587565781301339740e+00 2.715732780630365895e+01 4.127982352006745259e+01 1.095545079489595111e+02 1.929789799394361012e+02 1.976024587385660141e+02
3.298490397401803609e+00 2.602200676743386509e+01 3.958619555134395540e+01 1.096407866978916985e+02 1.931801168222689284e+02 1.974702872060094307e+02
3.021102862600730798e+00 2.488690053043445971e+01 3.788882393353426181e+01 1.097227417863143160e+02 1.933744023271994763e+02 1.973385052257268057e+02
2.755484084960747815e+00 2.375205405327407249e+01 3.618794857843089829e+01 1.098004539434516857e+02 1.935616310553638755e+02 1.972077206748982121e+02
2.501711187420792015e+00 2.261750609854447092e+01 3.448380062423488823e+01 1.098740012720756880e+02 1.937416029975746881e+02 1.970785299252720506e+02
2.259857528747850619e+00 2.148328929672503662e+01 3.277660251000144598e+01 1.099434591186487324e+02 1.939141240077650821e+02 1.969515160676985772e+02
2.029992724599237075e+00 2.034943023419534214e+01 3.106656808932411806e+01 1.100088999491830464e+02 1.940790062630196644e+02 1.968272471489593727e+02
1.812182668555892606e+00 1.921594956599356863e+01 2.935390278270578079e+01 1.100703932308719573e+02 1.942360687089268367e+02 1.967062744282973199e+02
1.606489552991368530e+00 1.808286215320387669e+01 2.763880376790856630e+01 1.101280053195446129e+02 1.943851374890524255e+02 1.965891306612257949e+02
1.412971889647368418e+00 1.695017722473410160e+01 2.592146020742094947e+01 1.101817993529905095e+02 1.945260463574084326e+02 1.964763284183198664e+02
1.231684529761038371e+00 1.581789856312020781e+01 2.420205351202736210e+01 1.102318351501960194e+02 1.946586370728458064e+02 1.963683584467674166e+02
1.062678683650741140e+00 1.468602471386073560e+01 2.248075763930016535e+01 1.102781691165309184e+02 1.947827597743815318e+02 1.962656880824766006e+02
9.060019396294272109e-01 1.355454921765316101e+01 2.075773942569533403e+01 1.103208541549189476e+02 1.948982733365248237e+02 1.961687597205003044e+02
7.616982821174688167e-01 1.242346086477208900e+01 1.903315895078186060e+01 1.103599395830227792e+02 1.950050457037435763e+02 1.960779893514402374e+02
6.298081088625411272e-01 1.129274397069658420e+01 1.730716993197507492e+01 1.103954710564708392e+02 1.951029542032696327e+02 1.959937651713319724e+02
5.103682471893058459e-01 1.016237867195184563e+01 1.557992014803159542e+01 1.104274904981493961e+02 1.951918858355112434e+02 1.959164462722892779e+02
4.034119691200493407e-01 9.032341241033558177e+00 1.385155188941427795e+01 1.104560360335814266e+02 1.952717375414047467e+02 1.958463614209003083e+02
3.089690053398814751e-01 7.902604419100870636e+00 1.212220243350603610e+01 1.104811419324102957e+02 1.953424164460955694e+02 1.957838079310144508e+02
2.270655579350253361e-01 6.773137765068645066e+00 1.039200454255169959e+01 1.105028385560046615e+02 1.954038400784085923e+02 1.957290506371478500e+02
1.577243117347185697e-01 5.643908019584785052e+00 8.661086982089591046e+00 1.105211523111976675e+02 1.954559365656187140e+02 1.956823209742621259e+02
1.009644443805077646e-01 4.514879482246580089e+00 6.929575057519351766e+00 1.105361056101724415e+02 1.954986448031015414e+02 1.956438161691416155e+02
5.680163478737804139e-02 3.386014400391396340e+00 5.197591166407860008e+00 1.105477168365037812e+02 1.955319145984965417e+02 1.956136985480125645e+02
2.524807006375199420e-02 2.257273367644884399e+00 3.465255364014963924e+00 1.105560003173632140e+02 1.955557067900748223e+02 1.955920949644199425e+02
6.312450751797185969e-03 1.128615730355524871e+00 1.732685939472415448e+00 1.105609663018947373e+02 1.955699933390622505e+02 1.955790963507048446e+02
