-1.360999999999999988e+00
-1.360000000000000098e+00
-1.358999999999999986e+00
-1.358000000000000096e+00
-1.356999999999999984e+00
-1.356000000000000094e+00
-1.354999999999999982e+00
-1.354000000000000092e+00
-1.352999999999999980e+00
-1.352000000000000091e+00
-1.350999999999999979e+00
-1.350000000000000089e+00
-1.348999999999999977e+00
-1.348000000000000087e+00
-1.346999999999999975e+00
-1.346000000000000085e+00
-1.345000000000000195e+00
-1.344000000000000083e+00
-1.343000000000000194e+00
-1.342000000000000082e+00
-1.341000000000000192e+00
-1.340000000000000080e+00
-1.339000000000000190e+00
-1.338000000000000078e+00
-1.337000000000000188e+00
-1.336000000000000076e+00
-1.335000000000000187e+00
-1.334000000000000075e+00
-1.333000000000000185e+00
-1.331999999999999851e+00
-1.331000000000000183e+00
-1.329999999999999849e+00
-1.329000000000000181e+00
-1.327999999999999847e+00
-1.327000000000000179e+00
-1.325999999999999845e+00
-1.325000000000000178e+00
-1.323999999999999844e+00
-1.323000000000000176e+00
-1.321999999999999842e+00
-1.321000000000000174e+00
-1.319999999999999840e+00
-1.318999999999999950e+00
-1.318000000000000282e+00
-1.316999999999999948e+00
-1.316000000000000281e+00
-1.314999999999999947e+00
-1.314000000000000279e+00
-1.312999999999999945e+00
-1.312000000000000277e+00
-1.310999999999999943e+00
-1.310000000000000275e+00
-1.308999999999999941e+00
-1.308000000000000274e+00
-1.306999999999999940e+00
-1.306000000000000050e+00
-1.304999999999999938e+00
-1.304000000000000048e+00
-1.302999999999999936e+00
-1.302000000000000046e+00
-1.300999999999999934e+00
-1.300000000000000044e+00
-1.298999999999999932e+00
-1.298000000000000043e+00
-1.296999999999999931e+00
-1.296000000000000041e+00
-1.294999999999999929e+00
-1.294000000000000039e+00
-1.292999999999999927e+00
-1.292000000000000037e+00
-1.290999999999999925e+00
-1.290000000000000036e+00
-1.289000000000000146e+00
-1.288000000000000034e+00
-1.287000000000000144e+00
-1.286000000000000032e+00
-1.285000000000000142e+00
-1.284000000000000030e+00
-1.283000000000000140e+00
-1.282000000000000028e+00
-1.281000000000000139e+00
-1.280000000000000027e+00
-1.279000000000000137e+00
-1.278000000000000025e+00
-1.277000000000000135e+00
-1.276000000000000023e+00
-1.275000000000000133e+00
-1.274000000000000021e+00
-1.273000000000000131e+00
-1.272000000000000020e+00
-1.271000000000000130e+00
-1.270000000000000018e+00
-1.269000000000000128e+00
-1.267999999999999794e+00
-1.267000000000000126e+00
-1.265999999999999792e+00
-1.265000000000000124e+00
-1.263999999999999790e+00
-1.263000000000000123e+00
-1.262000000000000233e+00
-1.261000000000000121e+00
-1.260000000000000231e+00
-1.259000000000000119e+00
-1.258000000000000229e+00
-1.257000000000000117e+00
-1.256000000000000227e+00
-1.254999999999999893e+00
-1.254000000000000226e+00
-1.252999999999999892e+00
-1.252000000000000224e+00
-1.250999999999999890e+00
-1.250000000000000222e+00
-1.248999999999999888e+00
-1.248000000000000220e+00
-1.246999999999999886e+00
-1.246000000000000218e+00
-1.244999999999999885e+00
-1.244000000000000217e+00
-1.242999999999999883e+00
-1.241999999999999993e+00
-1.240999999999999881e+00
-1.239999999999999991e+00
-1.238999999999999879e+00
-1.237999999999999989e+00
-1.236999999999999877e+00
-1.235999999999999988e+00
-1.235000000000000320e+00
-1.233999999999999986e+00
-1.233000000000000318e+00
-1.231999999999999984e+00
-1.231000000000000316e+00
-1.229999999999999982e+00
-1.229000000000000092e+00
-1.227999999999999980e+00
-1.227000000000000091e+00
-1.225999999999999979e+00
-1.225000000000000089e+00
-1.223999999999999977e+00
-1.223000000000000087e+00
-1.221999999999999975e+00
-1.221000000000000085e+00
-1.219999999999999973e+00
-1.219000000000000083e+00
-1.217999999999999972e+00
-1.217000000000000082e+00
-1.215999999999999970e+00
-1.215000000000000080e+00
-1.213999999999999968e+00
-1.213000000000000078e+00
-1.211999999999999966e+00
-1.211000000000000076e+00
-1.209999999999999964e+00
-1.209000000000000075e+00
-1.207999999999999963e+00
-1.207000000000000073e+00
-1.206000000000000183e+00
-1.205000000000000071e+00
-1.204000000000000181e+00
-1.203000000000000069e+00
-1.202000000000000179e+00
-1.201000000000000068e+00
-1.200000000000000178e+00
-1.199000000000000066e+00
-1.198000000000000176e+00
-1.197000000000000064e+00
-1.196000000000000174e+00
-1.195000000000000062e+00
-1.194000000000000172e+00
-1.193000000000000060e+00
-1.192000000000000171e+00
-1.190999999999999837e+00
-1.190000000000000169e+00
-1.188999999999999835e+00
-1.188000000000000167e+00
-1.186999999999999833e+00
-1.186000000000000165e+00
-1.184999999999999831e+00
-1.184000000000000163e+00
-1.182999999999999829e+00
-1.182000000000000162e+00
-1.180999999999999828e+00
-1.180000000000000160e+00
-1.179000000000000270e+00
-1.177999999999999936e+00
-1.177000000000000268e+00
-1.175999999999999934e+00
-1.175000000000000266e+00
-1.173999999999999932e+00
-1.173000000000000265e+00
-1.171999999999999931e+00
-1.171000000000000263e+00
-1.169999999999999929e+00
-1.169000000000000261e+00
-1.167999999999999927e+00
-1.167000000000000259e+00
-1.165999999999999925e+00
-1.165000000000000036e+00
-1.163999999999999924e+00
-1.163000000000000034e+00
-1.161999999999999922e+00
-1.161000000000000032e+00
-1.159999999999999920e+00
-1.159000000000000030e+00
-1.157999999999999918e+00
-1.157000000000000028e+00
-1.155999999999999917e+00
-1.155000000000000027e+00
-1.153999999999999915e+00
-1.153000000000000025e+00
-1.152000000000000357e+00
-1.151000000000000023e+00
-1.150000000000000133e+00
-1.149000000000000021e+00
-1.148000000000000131e+00
-1.147000000000000020e+00
-1.146000000000000130e+00
-1.145000000000000018e+00
-1.144000000000000128e+00
-1.143000000000000016e+00
-1.142000000000000126e+00
-1.141000000000000014e+00
-1.140000000000000124e+00
-1.139000000000000012e+00
-1.138000000000000123e+00
-1.137000000000000011e+00
-1.136000000000000121e+00
-1.135000000000000009e+00
-1.134000000000000119e+00
-1.133000000000000007e+00
-1.132000000000000117e+00
-1.131000000000000005e+00
-1.130000000000000115e+00
-1.129000000000000004e+00
-1.128000000000000114e+00
-1.126999999999999780e+00
-1.126000000000000112e+00
-1.124999999999999778e+00
-1.124000000000000110e+00
-1.123000000000000220e+00
-1.122000000000000108e+00
-1.121000000000000218e+00
-1.120000000000000107e+00
-1.119000000000000217e+00
-1.118000000000000105e+00
-1.117000000000000215e+00
-1.116000000000000103e+00
-1.115000000000000213e+00
-1.113999999999999879e+00
-1.113000000000000211e+00
-1.111999999999999877e+00
-1.111000000000000210e+00
-1.109999999999999876e+00
-1.109000000000000208e+00
-1.107999999999999874e+00
-1.107000000000000206e+00
-1.105999999999999872e+00
-1.105000000000000204e+00
-1.103999999999999870e+00
-1.103000000000000203e+00
-1.101999999999999869e+00
-1.101000000000000201e+00
-1.099999999999999867e+00
-1.098999999999999977e+00
-1.097999999999999865e+00
-1.096999999999999975e+00
-1.096000000000000307e+00
-1.094999999999999973e+00
-1.094000000000000306e+00
-1.092999999999999972e+00
-1.092000000000000304e+00
-1.090999999999999970e+00
-1.090000000000000302e+00
-1.088999999999999968e+00
-1.088000000000000300e+00
-1.086999999999999966e+00
-1.086000000000000076e+00
-1.084999999999999964e+00
-1.084000000000000075e+00
-1.082999999999999963e+00
-1.082000000000000073e+00
-1.080999999999999961e+00
-1.080000000000000071e+00
-1.078999999999999959e+00
-1.078000000000000069e+00
-1.076999999999999957e+00
-1.076000000000000068e+00
-1.074999999999999956e+00
-1.074000000000000066e+00
-1.072999999999999954e+00
-1.072000000000000064e+00
-1.070999999999999952e+00
-1.070000000000000062e+00
-1.069000000000000172e+00
-1.068000000000000060e+00
-1.067000000000000171e+00
-1.066000000000000059e+00
-1.065000000000000169e+00
-1.064000000000000057e+00
-1.063000000000000167e+00
-1.062000000000000055e+00
-1.061000000000000165e+00
-1.060000000000000053e+00
-1.059000000000000163e+00
-1.058000000000000052e+00
-1.057000000000000162e+00
-1.056000000000000050e+00
-1.055000000000000160e+00
-1.054000000000000048e+00
-1.053000000000000158e+00
-1.052000000000000046e+00
-1.051000000000000156e+00
-1.050000000000000044e+00
-1.049000000000000155e+00
-1.047999999999999821e+00
-1.047000000000000153e+00
-1.045999999999999819e+00
-1.045000000000000151e+00
-1.043999999999999817e+00
-1.043000000000000149e+00
-1.041999999999999815e+00
-1.041000000000000147e+00
-1.040000000000000258e+00
-1.039000000000000146e+00
-1.038000000000000256e+00
-1.037000000000000144e+00
-1.036000000000000254e+00
-1.034999999999999920e+00
-1.034000000000000252e+00
-1.032999999999999918e+00
-1.032000000000000250e+00
-1.030999999999999917e+00
-1.030000000000000249e+00
-1.028999999999999915e+00
-1.028000000000000247e+00
-1.026999999999999913e+00
-1.026000000000000245e+00
-1.024999999999999911e+00
-1.024000000000000243e+00
-1.022999999999999909e+00
-1.022000000000000020e+00
-1.020999999999999908e+00
-1.020000000000000018e+00
-1.018999999999999906e+00
-1.018000000000000016e+00
-1.016999999999999904e+00
-1.016000000000000014e+00
-1.014999999999999902e+00
-1.014000000000000012e+00
-1.013000000000000345e+00
-1.012000000000000011e+00
-1.011000000000000343e+00
-1.010000000000000009e+00
-1.009000000000000119e+00
-1.008000000000000007e+00
-1.007000000000000117e+00
-1.006000000000000005e+00
-1.005000000000000115e+00
-1.004000000000000004e+00
-1.003000000000000114e+00
-1.002000000000000002e+00
-1.001000000000000112e+00
-1.000000000000000000e+00
-9.990000000000001101e-01
-9.979999999999999982e-01
-9.970000000000001084e-01
-9.959999999999999964e-01
-9.950000000000001066e-01
-9.939999999999998836e-01
-9.930000000000001048e-01
-9.919999999999998819e-01
-9.910000000000001030e-01
-9.899999999999998801e-01
-9.890000000000001013e-01
-9.879999999999998783e-01
-9.870000000000000995e-01
-9.860000000000002096e-01
-9.850000000000000977e-01
-9.840000000000002078e-01
-9.830000000000000959e-01
-9.820000000000002061e-01
-9.809999999999999831e-01
-9.800000000000002043e-01
-9.789999999999999813e-01
-9.780000000000002025e-01
-9.769999999999999796e-01
-9.760000000000002007e-01
-9.749999999999999778e-01
-9.740000000000001990e-01
-9.729999999999999760e-01
-9.720000000000001972e-01
-9.709999999999999742e-01
-9.700000000000001954e-01
-9.689999999999999725e-01
-9.680000000000000826e-01
-9.669999999999999707e-01
-9.660000000000000808e-01
-9.649999999999999689e-01
-9.640000000000000790e-01
-9.629999999999998561e-01
-9.620000000000000773e-01
-9.609999999999998543e-01
-9.600000000000000755e-01
-9.589999999999998526e-01
-9.580000000000000737e-01
-9.570000000000002949e-01
-9.560000000000000719e-01
-9.550000000000001821e-01
-9.540000000000000702e-01
-9.530000000000001803e-01
-9.520000000000000684e-01
-9.510000000000001785e-01
-9.500000000000000666e-01
-9.490000000000001767e-01
-9.479999999999999538e-01
-9.470000000000001750e-01
-9.459999999999999520e-01
-9.450000000000001732e-01
-9.439999999999999503e-01
-9.430000000000001714e-01
-9.419999999999999485e-01
-9.410000000000001696e-01
-9.399999999999999467e-01
-9.390000000000001679e-01
-9.379999999999999449e-01
-9.370000000000001661e-01
-9.359999999999999432e-01
-9.350000000000000533e-01
-9.339999999999999414e-01
-9.330000000000000515e-01
-9.319999999999999396e-01
-9.310000000000000497e-01
-9.300000000000002709e-01
-9.290000000000000480e-01
-9.280000000000002691e-01
-9.270000000000000462e-01
-9.260000000000002673e-01
-9.250000000000000444e-01
-9.240000000000002656e-01
-9.230000000000000426e-01
-9.220000000000001528e-01
-9.210000000000000409e-01
-9.200000000000001510e-01
-9.190000000000000391e-01
-9.180000000000001492e-01
-9.169999999999999263e-01
-9.160000000000001474e-01
-9.149999999999999245e-01
-9.140000000000001457e-01
-9.129999999999999227e-01
-9.120000000000001439e-01
-9.109999999999999210e-01
-9.100000000000001421e-01
-9.089999999999999192e-01
-9.080000000000001403e-01
-9.069999999999999174e-01
-9.060000000000001386e-01
-9.049999999999999156e-01
-9.040000000000000258e-01
-9.030000000000002469e-01
-9.020000000000000240e-01
-9.010000000000002451e-01
-9.000000000000000222e-01
-8.990000000000002434e-01
-8.980000000000000204e-01
-8.970000000000002416e-01
-8.960000000000000187e-01
-8.950000000000002398e-01
-8.940000000000000169e-01
-8.930000000000002380e-01
-8.920000000000000151e-01
-8.910000000000001252e-01
-8.900000000000000133e-01
-8.890000000000001235e-01
-8.880000000000000115e-01
-8.870000000000001217e-01
-8.860000000000000098e-01
-8.850000000000001199e-01
-8.839999999999998970e-01
-8.830000000000001181e-01
-8.819999999999998952e-01
-8.810000000000001164e-01
-8.799999999999998934e-01
-8.790000000000001146e-01
-8.779999999999998916e-01
-8.770000000000001128e-01
-8.759999999999998899e-01
-8.750000000000001110e-01
-8.740000000000002212e-01
-8.730000000000001092e-01
-8.720000000000002194e-01
-8.709999999999999964e-01
-8.700000000000002176e-01
-8.689999999999999947e-01
-8.680000000000002158e-01
-8.669999999999999929e-01
-8.660000000000002141e-01
-8.649999999999999911e-01
-8.640000000000002123e-01
-8.629999999999999893e-01
-8.620000000000002105e-01
-8.609999999999999876e-01
-8.600000000000002087e-01
-8.589999999999999858e-01
-8.580000000000000959e-01
-8.569999999999999840e-01
-8.560000000000000941e-01
-8.549999999999999822e-01
-8.540000000000000924e-01
-8.529999999999998694e-01
-8.520000000000000906e-01
-8.509999999999998677e-01
-8.500000000000000888e-01
-8.489999999999998659e-01
-8.480000000000000870e-01
-8.470000000000003082e-01
-8.460000000000000853e-01
-8.450000000000001954e-01
-8.440000000000000835e-01
-8.430000000000001936e-01
-8.420000000000000817e-01
-8.410000000000001918e-01
-8.399999999999999689e-01
-8.390000000000001901e-01
-8.379999999999999671e-01
-8.370000000000001883e-01
-8.359999999999999654e-01
-8.350000000000001865e-01
-8.339999999999999636e-01
-8.330000000000001847e-01
-8.319999999999999618e-01
-8.310000000000001830e-01
-8.299999999999999600e-01
-8.290000000000001812e-01
-8.279999999999999583e-01
-8.270000000000000684e-01
-8.259999999999999565e-01
-8.250000000000000666e-01
-8.239999999999999547e-01
-8.230000000000000648e-01
-8.219999999999999529e-01
-8.210000000000000631e-01
-8.200000000000002842e-01
-8.190000000000000613e-01
-8.180000000000002824e-01
-8.170000000000000595e-01
-8.160000000000002807e-01
-8.150000000000000577e-01
-8.140000000000002789e-01
-8.130000000000000560e-01
-8.120000000000001661e-01
-8.110000000000000542e-01
-8.100000000000001643e-01
-8.090000000000000524e-01
-8.080000000000001625e-01
-8.069999999999999396e-01
-8.060000000000001608e-01
-8.049999999999999378e-01
-8.040000000000001590e-01
-8.029999999999999361e-01
-8.020000000000001572e-01
-8.009999999999999343e-01
-8.000000000000001554e-01
-7.989999999999999325e-01
-7.980000000000001537e-01
-7.969999999999999307e-01
-7.960000000000001519e-01
-7.949999999999999289e-01
-7.940000000000000391e-01
-7.929999999999999272e-01
-7.920000000000000373e-01
-7.910000000000002585e-01
-7.900000000000000355e-01
-7.890000000000002567e-01
-7.880000000000000338e-01
-7.870000000000002549e-01
-7.860000000000000320e-01
-7.850000000000002531e-01
-7.840000000000000302e-01
-7.830000000000002514e-01
-7.820000000000000284e-01
-7.810000000000001386e-01
-7.800000000000000266e-01
-7.790000000000001368e-01
-7.780000000000000249e-01
-7.770000000000001350e-01
-7.759999999999999121e-01
-7.750000000000001332e-01
-7.739999999999999103e-01
-7.730000000000001315e-01
-7.719999999999999085e-01
-7.710000000000001297e-01
-7.699999999999999067e-01
-7.690000000000001279e-01
-7.679999999999999050e-01
-7.670000000000001261e-01
-7.659999999999999032e-01
-7.650000000000001243e-01
-7.640000000000002345e-01
-7.630000000000001226e-01
-7.620000000000002327e-01
-7.610000000000000098e-01
-7.600000000000002309e-01
-7.590000000000000080e-01
-7.580000000000002292e-01
-7.570000000000000062e-01
-7.560000000000002274e-01
-7.550000000000000044e-01
-7.540000000000002256e-01
-7.530000000000000027e-01
-7.520000000000002238e-01
-7.510000000000000009e-01
-7.500000000000002220e-01
-7.489999999999999991e-01
-7.480000000000001092e-01
-7.469999999999999973e-01
-7.460000000000001075e-01
-7.449999999999999956e-01
-7.440000000000001057e-01
-7.429999999999998828e-01
-7.420000000000001039e-01
-7.409999999999998810e-01
-7.400000000000001021e-01
-7.389999999999998792e-01
-7.380000000000001004e-01
-7.370000000000003215e-01
-7.360000000000000986e-01
-7.350000000000002087e-01
-7.340000000000000968e-01
-7.330000000000002069e-01
-7.320000000000000950e-01
-7.310000000000002052e-01
-7.299999999999999822e-01
-7.290000000000002034e-01
-7.279999999999999805e-01
-7.270000000000002016e-01
-7.259999999999999787e-01
-7.250000000000001998e-01
-7.239999999999999769e-01
-7.230000000000001981e-01
-7.219999999999999751e-01
-7.210000000000001963e-01
-7.199999999999999734e-01
-7.190000000000001945e-01
-7.179999999999999716e-01
-7.170000000000000817e-01
-7.159999999999999698e-01
-7.150000000000000799e-01
-7.139999999999999680e-01
-7.130000000000000782e-01
-7.119999999999999662e-01
-7.110000000000000764e-01
-7.099999999999998535e-01
-7.090000000000000746e-01
-7.080000000000002958e-01
-7.070000000000000728e-01
-7.060000000000002940e-01
-7.050000000000000711e-01
-7.040000000000001812e-01
-7.030000000000000693e-01
-7.020000000000001794e-01
-7.010000000000000675e-01
-7.000000000000001776e-01
-6.990000000000000657e-01
-6.980000000000001759e-01
-6.969999999999999529e-01
-6.960000000000001741e-01
-6.949999999999999512e-01
-6.940000000000001723e-01
-6.929999999999999494e-01
-6.920000000000001705e-01
-6.909999999999999476e-01
-6.900000000000001688e-01
-6.889999999999999458e-01
-6.880000000000001670e-01
-6.869999999999999440e-01
-6.860000000000001652e-01
-6.849999999999999423e-01
-6.840000000000000524e-01
-6.829999999999999405e-01
-6.820000000000000506e-01
-6.810000000000002718e-01
-6.800000000000000488e-01
-6.790000000000002700e-01
-6.780000000000000471e-01
-6.770000000000002682e-01
-6.760000000000000453e-01
-6.750000000000002665e-01
-6.740000000000000435e-01
-6.730000000000002647e-01
-6.720000000000000417e-01
-6.710000000000001519e-01
-6.700000000000000400e-01
-6.690000000000001501e-01
-6.680000000000000382e-01
-6.670000000000001483e-01
-6.659999999999999254e-01
-6.650000000000001465e-01
-6.639999999999999236e-01
-6.630000000000001448e-01
-6.619999999999999218e-01
-6.610000000000001430e-01
-6.599999999999999201e-01
-6.590000000000001412e-01
-6.579999999999999183e-01
-6.570000000000001394e-01
-6.559999999999999165e-01
-6.550000000000001377e-01
-6.540000000000002478e-01
-6.530000000000000249e-01
-6.520000000000002460e-01
-6.510000000000000231e-01
-6.500000000000002442e-01
-6.490000000000000213e-01
-6.480000000000002425e-01
-6.470000000000000195e-01
-6.460000000000002407e-01
-6.450000000000000178e-01
-6.440000000000002389e-01
-6.430000000000000160e-01
-6.420000000000002371e-01
-6.410000000000000142e-01
-6.400000000000001243e-01
-6.390000000000000124e-01
-6.380000000000001226e-01
-6.370000000000000107e-01
-6.360000000000001208e-01
-6.350000000000000089e-01
-6.340000000000001190e-01
-6.329999999999998961e-01
-6.320000000000001172e-01
-6.309999999999998943e-01
-6.300000000000001155e-01
-6.289999999999998925e-01
-6.280000000000001137e-01
-6.269999999999998908e-01
-6.260000000000001119e-01
-6.250000000000002220e-01
-6.240000000000001101e-01
-6.230000000000002203e-01
-6.220000000000001084e-01
-6.210000000000002185e-01
-6.199999999999999956e-01
-6.190000000000002167e-01
-6.179999999999999938e-01
-6.170000000000002149e-01
-6.159999999999999920e-01
-6.150000000000002132e-01
-6.139999999999999902e-01
-6.130000000000002114e-01
-6.119999999999999885e-01
-6.110000000000002096e-01
-6.099999999999999867e-01
-6.090000000000002078e-01
-6.079999999999999849e-01
-6.070000000000000950e-01
-6.059999999999999831e-01
-6.050000000000000933e-01
-6.039999999999999813e-01
-6.030000000000000915e-01
-6.019999999999998685e-01
-6.010000000000000897e-01
-5.999999999999998668e-01
-5.990000000000000879e-01
-5.980000000000003091e-01
-5.970000000000000862e-01
-5.960000000000003073e-01
-5.950000000000000844e-01
-5.940000000000001945e-01
-5.930000000000000826e-01
-5.920000000000001927e-01
-5.910000000000000808e-01
-5.900000000000001910e-01
-5.889999999999999680e-01
-5.880000000000001892e-01
-5.869999999999999662e-01
-5.860000000000001874e-01
-5.849999999999999645e-01
-5.840000000000001856e-01
-5.829999999999999627e-01
-5.820000000000001839e-01
-5.809999999999999609e-01
-5.800000000000001821e-01
-5.789999999999999591e-01
-5.780000000000001803e-01
-5.769999999999999574e-01
-5.760000000000001785e-01
-5.749999999999999556e-01
-5.740000000000000657e-01
-5.729999999999999538e-01
-5.720000000000000639e-01
-5.710000000000002851e-01
-5.700000000000000622e-01
-5.690000000000002833e-01
-5.680000000000000604e-01
-5.670000000000002816e-01
-5.660000000000000586e-01
-5.650000000000002798e-01
-5.640000000000000568e-01
-5.630000000000002780e-01
-5.620000000000000551e-01
-5.610000000000001652e-01
-5.600000000000000533e-01
-5.590000000000001634e-01
-5.580000000000000515e-01
-5.570000000000001616e-01
-5.559999999999999387e-01
-5.550000000000001599e-01
-5.539999999999999369e-01
-5.530000000000001581e-01
-5.519999999999999352e-01
-5.510000000000001563e-01
-5.499999999999999334e-01
-5.490000000000001545e-01
-5.479999999999999316e-01
-5.470000000000001528e-01
-5.459999999999999298e-01
-5.450000000000001510e-01
-5.439999999999999281e-01
-5.430000000000000382e-01
-5.420000000000002593e-01
-5.410000000000000364e-01
-5.400000000000002576e-01
-5.390000000000000346e-01
-5.380000000000002558e-01
-5.370000000000000329e-01
-5.360000000000002540e-01
-5.350000000000000311e-01
-5.340000000000002522e-01
-5.330000000000000293e-01
-5.320000000000002505e-01
-5.310000000000000275e-01
-5.300000000000001377e-01
-5.290000000000000258e-01
-5.280000000000001359e-01
-5.270000000000000240e-01
-5.260000000000001341e-01
-5.250000000000000222e-01
-5.240000000000001323e-01
-5.229999999999999094e-01
-5.220000000000001306e-01
-5.209999999999999076e-01
-5.200000000000001288e-01
-5.189999999999999059e-01
-5.180000000000001270e-01
-5.169999999999999041e-01
-5.160000000000001252e-01
-5.150000000000002354e-01
-5.140000000000001235e-01
-5.130000000000002336e-01
-5.120000000000001217e-01
-5.110000000000002318e-01
-5.100000000000000089e-01
-5.090000000000002300e-01
-5.080000000000000071e-01
-5.070000000000002283e-01
-5.060000000000000053e-01
-5.050000000000002265e-01
-5.040000000000000036e-01
-5.030000000000002247e-01
-5.020000000000000018e-01
-5.010000000000002229e-01
-5.000000000000000000e-01
-4.990000000000001656e-01
-4.979999999999999982e-01
-4.970000000000001639e-01
-4.959999999999999409e-01
-4.950000000000001621e-01
-4.939999999999999392e-01
-4.930000000000001048e-01
-4.919999999999999374e-01
-4.910000000000001030e-01
-4.899999999999999356e-01
-4.890000000000001013e-01
-4.880000000000002669e-01
-4.870000000000000995e-01
-4.860000000000002651e-01
-4.850000000000000977e-01
-4.840000000000002633e-01
-4.830000000000000404e-01
-4.820000000000002616e-01
-4.810000000000000386e-01
-4.800000000000002043e-01
-4.790000000000000369e-01
-4.780000000000002025e-01
-4.770000000000000351e-01
-4.760000000000002007e-01
-4.750000000000000333e-01
-4.740000000000001990e-01
-4.729999999999999760e-01
-4.720000000000001972e-01
-4.709999999999999742e-01
-4.700000000000001399e-01
-4.689999999999999725e-01
-4.680000000000001381e-01
-4.669999999999999707e-01
-4.660000000000001363e-01
-4.649999999999999134e-01
-4.640000000000001346e-01
-4.629999999999999116e-01
-4.620000000000001328e-01
-4.609999999999999098e-01
-4.600000000000000755e-01
-4.590000000000002967e-01
-4.580000000000000737e-01
-4.570000000000002394e-01
-4.560000000000000719e-01
-4.550000000000002376e-01
-4.540000000000000702e-01
-4.530000000000002358e-01
-4.520000000000000129e-01
-4.510000000000002340e-01
-4.500000000000000111e-01
-4.490000000000002323e-01
-4.480000000000000093e-01
-4.470000000000001750e-01
-4.460000000000000075e-01
-4.450000000000001732e-01
-4.440000000000000058e-01
-4.430000000000001714e-01
-4.419999999999999485e-01
-4.410000000000001696e-01
-4.399999999999999467e-01
-4.390000000000001124e-01
-4.379999999999999449e-01
-4.370000000000001106e-01
-4.359999999999999432e-01
-4.350000000000001088e-01
-4.339999999999999414e-01
-4.330000000000001070e-01
-4.320000000000002727e-01
-4.310000000000001052e-01
-4.300000000000002709e-01
-4.290000000000000480e-01
-4.280000000000002691e-01
-4.270000000000000462e-01
-4.260000000000002673e-01
-4.250000000000000444e-01
-4.240000000000002101e-01
-4.230000000000000426e-01
-4.220000000000002083e-01
-4.210000000000000409e-01
-4.200000000000002065e-01
-4.189999999999999836e-01
-4.180000000000002047e-01
-4.169999999999999818e-01
-4.160000000000001474e-01
-4.149999999999999800e-01
-4.140000000000001457e-01
-4.129999999999999782e-01
-4.120000000000001439e-01
-4.109999999999999765e-01
-4.100000000000001421e-01
-4.089999999999999192e-01
-4.080000000000001403e-01
-4.069999999999999174e-01
-4.060000000000000830e-01
-4.049999999999999156e-01
-4.040000000000000813e-01
-4.030000000000002469e-01
-4.020000000000000795e-01
-4.010000000000002451e-01
-4.000000000000000777e-01
-3.990000000000002434e-01
-3.980000000000000759e-01
-3.970000000000002416e-01
-3.960000000000000187e-01
-3.950000000000002398e-01
-3.940000000000000169e-01
-3.930000000000001825e-01
-3.920000000000000151e-01
-3.910000000000001807e-01
-3.900000000000000133e-01
-3.890000000000001790e-01
-3.879999999999999560e-01
-3.870000000000001772e-01
-3.859999999999999543e-01
-3.850000000000001754e-01
-3.839999999999999525e-01
-3.830000000000001181e-01
-3.819999999999999507e-01
-3.810000000000001164e-01
-3.799999999999999489e-01
-3.790000000000001146e-01
-3.779999999999998916e-01
-3.770000000000001128e-01
-3.760000000000002784e-01
-3.750000000000001110e-01
-3.740000000000002767e-01
-3.730000000000000537e-01
-3.720000000000002749e-01
-3.710000000000000520e-01
-3.700000000000002176e-01
-3.690000000000000502e-01
-3.680000000000002158e-01
-3.670000000000000484e-01
-3.660000000000002141e-01
-3.649999999999999911e-01
-3.640000000000002123e-01
-3.629999999999999893e-01
-3.620000000000002105e-01
-3.609999999999999876e-01
-3.600000000000001532e-01
-3.589999999999999858e-01
-3.580000000000001514e-01
-3.569999999999999840e-01
-3.560000000000001497e-01
-3.549999999999999267e-01
-3.540000000000001479e-01
-3.529999999999999249e-01
-3.520000000000000906e-01
-3.509999999999999232e-01
-3.500000000000000888e-01
-3.490000000000003100e-01
-3.480000000000000870e-01
-3.470000000000002527e-01
-3.460000000000000853e-01
-3.450000000000002509e-01
-3.440000000000000835e-01
-3.430000000000002491e-01
-3.420000000000000262e-01
-3.410000000000002474e-01
-3.400000000000000244e-01
-3.390000000000002456e-01
-3.380000000000000226e-01
-3.370000000000001883e-01
-3.360000000000000209e-01
-3.350000000000001865e-01
-3.340000000000000191e-01
-3.330000000000001847e-01
-3.319999999999999618e-01
-3.310000000000001830e-01
-3.299999999999999600e-01
-3.290000000000001257e-01
-3.279999999999999583e-01
-3.270000000000001239e-01
-3.259999999999999565e-01
-3.250000000000001221e-01
-3.239999999999999547e-01
-3.230000000000001203e-01
-3.219999999999998974e-01
-3.210000000000001186e-01
-3.200000000000002842e-01
-3.190000000000000613e-01
-3.180000000000002824e-01
-3.170000000000000595e-01
-3.160000000000002252e-01
-3.150000000000000577e-01
-3.140000000000002234e-01
-3.130000000000000560e-01
-3.120000000000002216e-01
-3.110000000000000542e-01
-3.100000000000002198e-01
-3.089999999999999969e-01
-3.080000000000002180e-01
-3.069999999999999951e-01
-3.060000000000001608e-01
-3.049999999999999933e-01
-3.040000000000001590e-01
-3.029999999999999916e-01
-3.020000000000001572e-01
-3.009999999999999343e-01
-3.000000000000001554e-01
-2.989999999999999325e-01
-2.980000000000001537e-01
-2.969999999999999307e-01
-2.960000000000000964e-01
-2.949999999999999289e-01
-2.940000000000000946e-01
-2.930000000000002602e-01
-2.920000000000000928e-01
-2.910000000000002585e-01
-2.900000000000000910e-01
-2.890000000000002567e-01
-2.880000000000000893e-01
-2.870000000000002549e-01
-2.860000000000000320e-01
-2.850000000000002531e-01
-2.840000000000000302e-01
-2.830000000000001958e-01
-2.820000000000000284e-01
-2.810000000000001941e-01
-2.800000000000000266e-01
-2.790000000000001923e-01
-2.779999999999999694e-01
-2.770000000000001905e-01
-2.759999999999999676e-01
-2.750000000000001887e-01
-2.739999999999999658e-01
-2.730000000000001315e-01
-2.719999999999999640e-01
-2.710000000000001297e-01
-2.699999999999999623e-01
-2.690000000000001279e-01
-2.679999999999999050e-01
-2.670000000000001261e-01
-2.660000000000002918e-01
-2.650000000000000688e-01
-2.640000000000002900e-01
-2.630000000000000671e-01
-2.620000000000002882e-01
-2.610000000000000653e-01
-2.600000000000002309e-01
-2.590000000000000635e-01
-2.580000000000002292e-01
-2.570000000000000617e-01
-2.560000000000002274e-01
-2.550000000000000044e-01
-2.540000000000002256e-01
-2.530000000000000027e-01
-2.520000000000001683e-01
-2.510000000000000009e-01
-2.500000000000001665e-01
-2.489999999999999991e-01
-2.480000000000001648e-01
-2.469999999999999696e-01
-2.460000000000001630e-01
-2.449999999999999678e-01
-2.440000000000001334e-01
-2.429999999999999383e-01
-2.420000000000001317e-01
-2.409999999999999365e-01
-2.400000000000001021e-01
-2.389999999999999070e-01
-2.380000000000001004e-01
-2.370000000000002938e-01
-2.360000000000000986e-01
-2.350000000000002642e-01
-2.340000000000000691e-01
-2.330000000000002625e-01
-2.320000000000000673e-01
-2.310000000000002329e-01
-2.300000000000000377e-01
-2.290000000000002311e-01
-2.280000000000000360e-01
-2.270000000000002016e-01
-2.260000000000000064e-01
-2.250000000000001998e-01
-2.240000000000000047e-01
-2.230000000000001981e-01
-2.220000000000000029e-01
-2.210000000000001685e-01
-2.199999999999999734e-01
-2.190000000000001668e-01
-2.179999999999999716e-01
-2.170000000000001372e-01
-2.159999999999999420e-01
-2.150000000000001354e-01
-2.139999999999999403e-01
-2.130000000000001337e-01
-2.119999999999999385e-01
-2.110000000000001041e-01
-2.100000000000002975e-01
-2.090000000000001024e-01
-2.080000000000002680e-01
-2.070000000000000728e-01
-2.060000000000002662e-01
-2.050000000000000711e-01
-2.040000000000002367e-01
-2.030000000000000415e-01
-2.020000000000002349e-01
-2.010000000000000397e-01
-2.000000000000002331e-01
-1.990000000000000380e-01
-1.980000000000002036e-01
-1.970000000000000084e-01
-1.960000000000002018e-01
-1.950000000000000067e-01
-1.940000000000001723e-01
-1.929999999999999771e-01
-1.920000000000001705e-01
-1.909999999999999754e-01
-1.900000000000001410e-01
-1.889999999999999458e-01
-1.880000000000001392e-01
-1.869999999999999440e-01
-1.860000000000001374e-01
-1.849999999999999423e-01
-1.840000000000001079e-01
-1.830000000000003013e-01
-1.820000000000001061e-01
-1.810000000000002718e-01
-1.800000000000000766e-01
-1.790000000000002700e-01
-1.780000000000000748e-01
-1.770000000000002405e-01
-1.760000000000000453e-01
-1.750000000000002387e-01
-1.740000000000000435e-01
-1.730000000000002369e-01
-1.720000000000000417e-01
-1.710000000000002074e-01
-1.700000000000000122e-01
-1.690000000000002056e-01
-1.680000000000000104e-01
-1.670000000000001761e-01
-1.659999999999999809e-01
-1.650000000000001743e-01
-1.639999999999999791e-01
-1.630000000000001725e-01
-1.619999999999999774e-01
-1.610000000000001430e-01
-1.599999999999999478e-01
-1.590000000000001412e-01
-1.579999999999999460e-01
-1.570000000000001117e-01
-1.560000000000003051e-01
-1.550000000000004707e-01
-1.539999999999999147e-01
-1.530000000000000804e-01
-1.520000000000002738e-01
-1.510000000000004672e-01
-1.499999999999998834e-01
-1.490000000000000768e-01
-1.480000000000002425e-01
-1.470000000000004359e-01
-1.459999999999998521e-01
-1.450000000000000455e-01
-1.440000000000002112e-01
-1.430000000000004046e-01
-1.419999999999998208e-01
-1.410000000000000142e-01
-1.400000000000001799e-01
-1.390000000000003733e-01
-1.379999999999997895e-01
-1.369999999999999829e-01
-1.360000000000001763e-01
-1.350000000000003419e-01
-1.339999999999997859e-01
-1.329999999999999516e-01
-1.320000000000001450e-01
-1.310000000000003106e-01
-1.299999999999997546e-01
-1.289999999999999203e-01
-1.280000000000001137e-01
-1.270000000000003071e-01
-1.260000000000004727e-01
-1.249999999999999029e-01
-1.240000000000000824e-01
-1.230000000000002619e-01
-1.220000000000004414e-01
-1.209999999999998715e-01
-1.200000000000000511e-01
-1.190000000000002445e-01
-1.180000000000004240e-01
-1.169999999999998541e-01
-1.160000000000000336e-01
-1.150000000000002132e-01
-1.140000000000003927e-01
-1.129999999999998228e-01
-1.120000000000000023e-01
-1.110000000000001819e-01
-1.100000000000003614e-01
-1.089999999999997915e-01
-1.079999999999999710e-01
-1.070000000000001644e-01
-1.060000000000003439e-01
-1.049999999999997602e-01
-1.039999999999999536e-01
-1.030000000000001331e-01
-1.020000000000003126e-01
-1.009999999999997428e-01
-9.999999999999992228e-02
-9.900000000000010181e-02
-9.800000000000028133e-02
-9.700000000000047473e-02
-9.599999999999989098e-02
-9.500000000000007050e-02
-9.400000000000026390e-02
-9.300000000000044342e-02
-9.199999999999987355e-02
-9.100000000000005307e-02
-9.000000000000023259e-02
-8.900000000000041211e-02
-8.799999999999984224e-02
-8.700000000000002176e-02
-8.600000000000020128e-02
-8.500000000000038081e-02
-8.399999999999981093e-02
-8.299999999999999045e-02
-8.200000000000018385e-02
-8.100000000000036338e-02
-7.999999999999977962e-02
-7.899999999999997302e-02
-7.800000000000015254e-02
-7.700000000000033207e-02
-7.599999999999976219e-02
-7.499999999999994171e-02
-7.400000000000012124e-02
-7.300000000000030076e-02
-7.200000000000049416e-02
-7.099999999999991041e-02
-7.000000000000008993e-02
-6.900000000000028333e-02
-6.800000000000046285e-02
-6.699999999999989297e-02
-6.600000000000007250e-02
-6.500000000000025202e-02
-6.400000000000043154e-02
-6.299999999999986167e-02
-6.200000000000004119e-02
-6.100000000000022071e-02
-6.000000000000040717e-02
-5.899999999999983036e-02
-5.800000000000001682e-02
-5.700000000000019634e-02
-5.600000000000037587e-02
-5.499999999999980599e-02
-5.399999999999998551e-02
-5.300000000000017197e-02
-5.200000000000035150e-02
-5.099999999999978162e-02
-4.999999999999996114e-02
-4.900000000000014067e-02
-4.800000000000032713e-02
-4.699999999999975031e-02
-4.599999999999993677e-02
-4.500000000000011630e-02
-4.400000000000029582e-02
-4.300000000000048228e-02
-4.199999999999990546e-02
-4.100000000000009193e-02
-4.000000000000027145e-02
-3.900000000000045097e-02
-3.799999999999988110e-02
-3.700000000000006062e-02
-3.600000000000024708e-02
-3.500000000000042660e-02
-3.399999999999984979e-02
-3.300000000000003625e-02
-3.200000000000021577e-02
-3.100000000000039876e-02
-2.999999999999982542e-02
-2.900000000000000841e-02
-2.800000000000018793e-02
-2.700000000000037093e-02
-2.599999999999979758e-02
-2.499999999999998057e-02
-2.400000000000016356e-02
-2.300000000000034309e-02
-2.199999999999976974e-02
-2.099999999999995273e-02
-2.000000000000013572e-02
-1.900000000000031872e-02
-1.799999999999974537e-02
-1.699999999999992489e-02
-1.600000000000010789e-02
-1.500000000000029088e-02
-1.400000000000047214e-02
-1.299999999999989879e-02
-1.200000000000008178e-02
-1.100000000000026304e-02
-1.000000000000044603e-02
-8.999999999999872685e-03
-8.000000000000053943e-03
-7.000000000000236068e-03
-6.000000000000418193e-03
-4.999999999999844846e-03
-4.000000000000026971e-03
-3.000000000000209097e-03
-2.000000000000391222e-03
-9.999999999998178749e-04
0.000000000000000000e+00
9.999999999998178749e-04
1.999999999999635750e-03
3.000000000000209097e-03
4.000000000000026971e-03
4.999999999999844846e-03
5.999999999999662721e-03
7.000000000000236068e-03
8.000000000000053943e-03
8.999999999999872685e-03
9.999999999999689693e-03
1.099999999999950843e-02
1.200000000000008178e-02
1.299999999999989879e-02
1.399999999999971753e-02
1.499999999999953454e-02
1.600000000000010789e-02
1.699999999999992489e-02
1.799999999999974537e-02
1.899999999999956238e-02
2.000000000000013572e-02
2.099999999999995273e-02
2.199999999999976974e-02
2.299999999999959022e-02
2.400000000000016356e-02
2.499999999999998057e-02
2.599999999999979758e-02
2.699999999999961806e-02
2.800000000000018793e-02
2.900000000000000841e-02
2.999999999999982542e-02
3.099999999999964242e-02
3.200000000000021577e-02
3.300000000000003625e-02
3.399999999999984979e-02
3.499999999999967026e-02
3.600000000000024708e-02
3.700000000000006062e-02
3.799999999999988110e-02
3.899999999999969463e-02
3.999999999999951511e-02
4.100000000000009193e-02
4.199999999999990546e-02
4.299999999999972594e-02
4.399999999999953948e-02
4.500000000000011630e-02
4.599999999999993677e-02
4.699999999999975031e-02
4.799999999999957079e-02
4.900000000000014067e-02
4.999999999999996114e-02
5.099999999999978162e-02
5.199999999999959516e-02
5.300000000000017197e-02
5.399999999999998551e-02
5.499999999999980599e-02
5.599999999999962647e-02
5.700000000000019634e-02
5.800000000000001682e-02
5.899999999999983036e-02
5.999999999999965083e-02
6.100000000000022071e-02
6.200000000000004119e-02
6.299999999999986167e-02
6.399999999999968214e-02
6.500000000000025202e-02
6.600000000000007250e-02
6.699999999999989297e-02
6.799999999999969957e-02
6.899999999999952005e-02
7.000000000000008993e-02
7.099999999999991041e-02
7.199999999999973088e-02
7.299999999999955136e-02
7.400000000000012124e-02
7.499999999999994171e-02
7.599999999999976219e-02
7.699999999999958267e-02
7.800000000000015254e-02
7.899999999999997302e-02
7.999999999999977962e-02
8.099999999999960010e-02
8.200000000000018385e-02
8.299999999999999045e-02
8.399999999999981093e-02
8.499999999999963141e-02
8.600000000000020128e-02
8.700000000000002176e-02
8.799999999999984224e-02
8.899999999999966271e-02
9.000000000000023259e-02
9.100000000000005307e-02
9.199999999999987355e-02
9.299999999999968014e-02
9.399999999999950062e-02
9.500000000000007050e-02
9.599999999999989098e-02
9.699999999999971145e-02
9.799999999999953193e-02
9.900000000000010181e-02
9.999999999999992228e-02
1.009999999999997428e-01
1.019999999999995632e-01
1.030000000000001331e-01
1.039999999999999536e-01
1.049999999999997602e-01
1.059999999999995807e-01
1.070000000000001644e-01
1.079999999999999710e-01
1.089999999999997915e-01
1.099999999999996120e-01
1.110000000000001819e-01
1.120000000000000023e-01
1.129999999999998228e-01
1.139999999999996433e-01
1.150000000000002132e-01
1.160000000000000336e-01
1.169999999999998541e-01
1.179999999999996607e-01
1.190000000000002445e-01
1.200000000000000511e-01
1.209999999999998715e-01
1.219999999999996920e-01
1.229999999999995125e-01
1.240000000000000824e-01
1.249999999999999029e-01
1.259999999999997233e-01
1.269999999999995299e-01
1.280000000000001137e-01
1.289999999999999203e-01
1.299999999999997546e-01
1.309999999999995612e-01
1.320000000000001450e-01
1.329999999999999516e-01
1.339999999999997859e-01
1.349999999999995925e-01
1.360000000000001763e-01
1.369999999999999829e-01
1.379999999999997895e-01
1.389999999999996239e-01
1.400000000000001799e-01
1.410000000000000142e-01
1.419999999999998208e-01
1.429999999999996552e-01
1.440000000000002112e-01
1.450000000000000455e-01
1.459999999999998521e-01
1.469999999999996865e-01
1.480000000000002425e-01
1.490000000000000768e-01
1.499999999999998834e-01
1.509999999999996900e-01
1.519999999999995244e-01
1.530000000000000804e-01
1.539999999999999147e-01
1.549999999999997213e-01
1.559999999999995557e-01
1.570000000000001117e-01
1.579999999999999460e-01
1.589999999999997526e-01
1.599999999999995592e-01
1.610000000000001430e-01
1.619999999999999774e-01
1.629999999999997840e-01
1.639999999999995905e-01
1.650000000000001743e-01
1.659999999999999809e-01
1.669999999999998153e-01
1.679999999999996219e-01
1.690000000000002056e-01
1.700000000000000122e-01
1.709999999999998466e-01
1.719999999999996532e-01
1.730000000000002369e-01
1.740000000000000435e-01
1.749999999999998501e-01
1.759999999999996845e-01
1.769999999999994911e-01
1.780000000000000748e-01
1.789999999999998814e-01
1.799999999999997158e-01
1.809999999999995224e-01
1.820000000000001061e-01
1.829999999999999127e-01
1.839999999999997471e-01
1.849999999999995537e-01
1.860000000000001374e-01
1.869999999999999440e-01
1.879999999999997506e-01
1.889999999999995850e-01
1.900000000000001410e-01
1.909999999999999754e-01
1.919999999999997820e-01
1.929999999999996163e-01
1.940000000000001723e-01
1.950000000000000067e-01
1.959999999999998133e-01
1.969999999999996476e-01
1.980000000000002036e-01
1.990000000000000380e-01
1.999999999999998446e-01
2.009999999999996512e-01
2.020000000000002349e-01
2.030000000000000415e-01
2.039999999999998759e-01
2.049999999999996825e-01
2.059999999999995168e-01
2.070000000000000728e-01
2.079999999999999072e-01
2.089999999999997138e-01
2.099999999999995204e-01
2.110000000000001041e-01
2.119999999999999385e-01
2.129999999999997451e-01
2.139999999999995517e-01
2.150000000000001354e-01
2.159999999999999420e-01
2.169999999999997764e-01
2.179999999999995830e-01
2.190000000000001668e-01
2.199999999999999734e-01
2.209999999999998077e-01
2.219999999999996143e-01
2.230000000000001981e-01
2.240000000000000047e-01
2.249999999999998113e-01
2.259999999999996456e-01
2.270000000000002016e-01
2.280000000000000360e-01
2.289999999999998426e-01
2.299999999999996769e-01
2.310000000000002329e-01
2.320000000000000673e-01
2.329999999999998739e-01
2.339999999999997082e-01
2.349999999999995148e-01
2.360000000000000986e-01
2.369999999999999052e-01
2.379999999999997118e-01
2.389999999999995461e-01
2.400000000000001021e-01
2.409999999999999365e-01
2.419999999999997431e-01
2.429999999999995774e-01
2.440000000000001334e-01
2.449999999999999678e-01
2.459999999999997744e-01
2.469999999999996088e-01
2.480000000000001648e-01
2.489999999999999991e-01
2.499999999999998057e-01
2.509999999999996123e-01
2.520000000000001683e-01
2.530000000000000027e-01
2.539999999999998370e-01
2.549999999999996714e-01
2.560000000000002274e-01
2.570000000000000617e-01
2.579999999999998406e-01
2.589999999999996749e-01
2.599999999999995093e-01
2.610000000000000653e-01
2.619999999999998996e-01
2.629999999999996785e-01
2.639999999999995128e-01
2.650000000000000688e-01
2.659999999999999032e-01
2.669999999999997375e-01
2.679999999999995719e-01
2.690000000000001279e-01
2.699999999999999623e-01
2.709999999999997411e-01
2.719999999999995755e-01
2.730000000000001315e-01
2.739999999999999658e-01
2.749999999999998002e-01
2.759999999999995790e-01
2.770000000000001905e-01
2.779999999999999694e-01
2.789999999999998037e-01
2.799999999999996381e-01
2.810000000000001941e-01
2.820000000000000284e-01
2.829999999999998628e-01
2.839999999999996416e-01
2.850000000000002531e-01
2.860000000000000320e-01
2.869999999999998663e-01
2.879999999999997007e-01
2.889999999999994795e-01
2.900000000000000910e-01
2.909999999999998699e-01
2.919999999999997042e-01
2.929999999999995386e-01
2.940000000000000946e-01
2.949999999999999289e-01
2.959999999999997633e-01
2.969999999999995421e-01
2.980000000000001537e-01
2.989999999999999325e-01
2.999999999999997669e-01
3.009999999999996012e-01
3.020000000000001572e-01
3.029999999999999916e-01
3.039999999999997704e-01
3.049999999999996048e-01
3.060000000000001608e-01
3.069999999999999951e-01
3.079999999999998295e-01
3.089999999999996638e-01
3.100000000000002198e-01
3.110000000000000542e-01
3.119999999999998330e-01
3.129999999999996674e-01
3.140000000000002234e-01
3.150000000000000577e-01
3.159999999999998921e-01
3.169999999999996709e-01
3.179999999999995053e-01
3.190000000000000613e-01
3.199999999999998956e-01
3.209999999999997300e-01
3.219999999999995088e-01
3.230000000000001203e-01
3.239999999999999547e-01
3.249999999999997335e-01
3.259999999999995679e-01
3.270000000000001239e-01
3.279999999999999583e-01
3.289999999999997926e-01
3.299999999999995715e-01
3.310000000000001830e-01
3.319999999999999618e-01
3.329999999999997962e-01
3.339999999999996305e-01
3.350000000000001865e-01
3.360000000000000209e-01
3.369999999999997997e-01
3.379999999999996341e-01
3.390000000000002456e-01
3.400000000000000244e-01
3.409999999999998588e-01
3.419999999999996931e-01
3.429999999999994720e-01
3.440000000000000835e-01
3.449999999999998623e-01
3.459999999999996967e-01
3.469999999999995310e-01
3.480000000000000870e-01
3.489999999999999214e-01
3.499999999999997002e-01
3.509999999999995346e-01
3.520000000000000906e-01
3.529999999999999249e-01
3.539999999999997593e-01
3.549999999999995937e-01
3.560000000000001497e-01
3.569999999999999840e-01
3.579999999999997629e-01
3.589999999999995972e-01
3.600000000000001532e-01
3.609999999999999876e-01
3.619999999999998219e-01
3.629999999999996008e-01
3.640000000000002123e-01
3.649999999999999911e-01
3.659999999999998255e-01
3.669999999999996598e-01
3.680000000000002158e-01
3.690000000000000502e-01
3.699999999999998845e-01
3.709999999999996634e-01
3.719999999999994977e-01
3.730000000000000537e-01
3.739999999999998881e-01
3.749999999999997224e-01
3.759999999999995013e-01
3.770000000000001128e-01
3.779999999999998916e-01
3.789999999999997260e-01
3.799999999999995604e-01
3.810000000000001164e-01
3.819999999999999507e-01
3.829999999999997851e-01
3.839999999999995639e-01
3.850000000000001754e-01
3.859999999999999543e-01
3.869999999999997886e-01
3.879999999999996230e-01
3.890000000000001790e-01
3.900000000000000133e-01
3.909999999999997922e-01
3.919999999999996265e-01
3.930000000000001825e-01
3.940000000000000169e-01
3.949999999999998512e-01
3.959999999999996856e-01
3.970000000000002416e-01
3.980000000000000759e-01
3.989999999999998548e-01
3.999999999999996891e-01
4.009999999999995235e-01
4.020000000000000795e-01
4.029999999999999138e-01
4.039999999999996927e-01
4.049999999999995270e-01
4.060000000000000830e-01
4.069999999999999174e-01
4.079999999999997518e-01
4.089999999999995861e-01
4.100000000000001421e-01
4.109999999999999765e-01
4.119999999999997553e-01
4.129999999999995897e-01
4.140000000000001457e-01
4.149999999999999800e-01
4.159999999999998144e-01
4.169999999999995932e-01
4.180000000000002047e-01
4.189999999999999836e-01
4.199999999999998179e-01
4.209999999999996523e-01
4.220000000000002083e-01
4.230000000000000426e-01
4.239999999999998770e-01
4.249999999999996558e-01
4.259999999999994902e-01
4.270000000000000462e-01
4.279999999999998805e-01
4.289999999999997149e-01
4.299999999999994937e-01
4.310000000000001052e-01
4.319999999999998841e-01
4.329999999999997184e-01
4.339999999999995528e-01
4.350000000000001088e-01
4.359999999999999432e-01
4.369999999999997220e-01
4.379999999999995564e-01
4.390000000000001124e-01
4.399999999999999467e-01
4.409999999999997811e-01
4.419999999999996154e-01
4.430000000000001714e-01
4.440000000000000058e-01
4.449999999999997846e-01
4.459999999999996190e-01
4.470000000000001750e-01
4.480000000000000093e-01
4.489999999999998437e-01
4.499999999999996225e-01
4.510000000000002340e-01
4.520000000000000129e-01
4.529999999999998472e-01
4.539999999999996816e-01
4.549999999999995159e-01
4.560000000000000719e-01
4.569999999999999063e-01
4.579999999999996851e-01
4.589999999999995195e-01
4.600000000000000755e-01
4.609999999999999098e-01
4.619999999999997442e-01
4.629999999999995230e-01
4.640000000000001346e-01
4.649999999999999134e-01
4.659999999999997478e-01
4.669999999999995821e-01
4.680000000000001381e-01
4.689999999999999725e-01
4.699999999999998068e-01
4.709999999999995857e-01
4.720000000000001972e-01
4.729999999999999760e-01
4.739999999999998104e-01
4.749999999999996447e-01
4.760000000000002007e-01
4.770000000000000351e-01
4.779999999999998139e-01
4.789999999999996483e-01
4.800000000000002043e-01
4.810000000000000386e-01
4.819999999999998730e-01
4.829999999999997073e-01
4.839999999999994862e-01
4.850000000000000977e-01
4.859999999999998765e-01
4.869999999999997109e-01
4.879999999999995453e-01
4.890000000000001013e-01
4.899999999999999356e-01
4.909999999999997145e-01
4.919999999999995488e-01
4.930000000000001048e-01
4.939999999999999392e-01
4.949999999999997735e-01
4.959999999999996079e-01
4.970000000000001639e-01
4.979999999999999982e-01
4.989999999999997771e-01
4.999999999999996114e-01
5.010000000000002229e-01
5.020000000000000018e-01
5.029999999999997806e-01
5.039999999999996705e-01
5.050000000000002265e-01
5.060000000000000053e-01
5.069999999999998952e-01
5.079999999999996740e-01
5.089999999999994529e-01
5.100000000000000089e-01
5.109999999999998987e-01
5.119999999999996776e-01
5.129999999999994564e-01
5.140000000000001235e-01
5.149999999999999023e-01
5.159999999999996811e-01
5.169999999999995710e-01
5.180000000000001270e-01
5.189999999999999059e-01
5.199999999999997957e-01
5.209999999999995746e-01
5.220000000000001306e-01
5.229999999999999094e-01
5.239999999999997993e-01
5.249999999999995781e-01
5.260000000000001341e-01
5.270000000000000240e-01
5.279999999999998028e-01
5.289999999999995817e-01
5.300000000000001377e-01
5.310000000000000275e-01
5.319999999999998064e-01
5.329999999999996962e-01
5.340000000000002522e-01
5.350000000000000311e-01
5.359999999999998099e-01
5.369999999999996998e-01
5.379999999999994786e-01
5.390000000000000346e-01
5.399999999999999245e-01
5.409999999999997033e-01
5.419999999999994822e-01
5.430000000000000382e-01
5.439999999999999281e-01
5.449999999999997069e-01
5.459999999999995968e-01
5.470000000000001528e-01
5.479999999999999316e-01
5.489999999999997105e-01
5.499999999999996003e-01
5.510000000000001563e-01
5.519999999999999352e-01
5.529999999999998250e-01
5.539999999999996039e-01
5.550000000000001599e-01
5.559999999999999387e-01
5.569999999999998286e-01
5.579999999999996074e-01
5.590000000000001634e-01
5.600000000000000533e-01
5.609999999999998321e-01
5.619999999999996110e-01
5.630000000000002780e-01
5.640000000000000568e-01
5.649999999999998357e-01
5.659999999999997256e-01
5.669999999999995044e-01
5.680000000000000604e-01
5.689999999999998392e-01
5.699999999999997291e-01
5.709999999999995079e-01
5.720000000000000639e-01
5.729999999999999538e-01
5.739999999999997327e-01
5.749999999999995115e-01
5.760000000000001785e-01
5.769999999999999574e-01
5.779999999999997362e-01
5.789999999999996261e-01
5.800000000000001821e-01
5.809999999999999609e-01
5.819999999999997398e-01
5.829999999999996296e-01
5.840000000000001856e-01
5.849999999999999645e-01
5.859999999999998543e-01
5.869999999999996332e-01
5.880000000000001892e-01
5.889999999999999680e-01
5.899999999999998579e-01
5.909999999999996367e-01
5.919999999999995266e-01
5.930000000000000826e-01
5.939999999999998614e-01
5.949999999999996403e-01
5.959999999999995302e-01
5.970000000000000862e-01
5.979999999999998650e-01
5.989999999999997549e-01
5.999999999999995337e-01
6.010000000000000897e-01
6.019999999999998685e-01
6.029999999999997584e-01
6.039999999999995373e-01
6.050000000000000933e-01
6.059999999999999831e-01
6.069999999999997620e-01
6.079999999999995408e-01
6.090000000000002078e-01
6.099999999999999867e-01
6.109999999999997655e-01
6.119999999999996554e-01
6.130000000000002114e-01
6.139999999999999902e-01
6.149999999999997691e-01
6.159999999999996589e-01
6.170000000000002149e-01
6.179999999999999938e-01
6.189999999999998836e-01
6.199999999999996625e-01
6.209999999999994413e-01
6.220000000000001084e-01
6.229999999999998872e-01
6.239999999999996660e-01
6.249999999999995559e-01
6.260000000000001119e-01
6.269999999999998908e-01
6.279999999999996696e-01
6.289999999999995595e-01
6.300000000000001155e-01
6.309999999999998943e-01
6.319999999999997842e-01
6.329999999999995630e-01
6.340000000000001190e-01
6.350000000000000089e-01
6.359999999999997877e-01
6.369999999999995666e-01
6.380000000000001226e-01
6.390000000000000124e-01
6.399999999999997913e-01
6.409999999999995701e-01
6.420000000000002371e-01
6.430000000000000160e-01
6.439999999999997948e-01
6.449999999999996847e-01
6.460000000000002407e-01
6.470000000000000195e-01
6.479999999999999094e-01
6.489999999999996882e-01
6.499999999999994671e-01
6.510000000000000231e-01
6.519999999999999130e-01
6.529999999999996918e-01
6.539999999999994706e-01
6.550000000000001377e-01
6.559999999999999165e-01
6.569999999999996954e-01
6.579999999999995852e-01
6.590000000000001412e-01
6.599999999999999201e-01
6.609999999999998099e-01
6.619999999999995888e-01
6.630000000000001448e-01
6.639999999999999236e-01
6.649999999999998135e-01
6.659999999999995923e-01
6.670000000000001483e-01
6.680000000000000382e-01
6.689999999999998170e-01
6.699999999999995959e-01
6.710000000000001519e-01
6.720000000000000417e-01
6.729999999999998206e-01
6.739999999999995994e-01
6.749999999999994893e-01
6.760000000000000453e-01
6.769999999999998241e-01
6.779999999999997140e-01
6.789999999999994929e-01
6.800000000000000488e-01
6.809999999999999387e-01
6.819999999999997176e-01
6.829999999999994964e-01
6.840000000000000524e-01
6.849999999999999423e-01
6.859999999999997211e-01
6.869999999999995000e-01
6.880000000000001670e-01
6.889999999999999458e-01
6.899999999999997247e-01
6.909999999999996145e-01
6.920000000000001705e-01
6.929999999999999494e-01
6.939999999999998392e-01
6.949999999999996181e-01
6.960000000000001741e-01
6.969999999999999529e-01
6.979999999999998428e-01
6.989999999999996216e-01
7.000000000000001776e-01
7.010000000000000675e-01
7.019999999999998463e-01
7.029999999999996252e-01
7.039999999999995151e-01
7.050000000000000711e-01
7.059999999999998499e-01
7.069999999999997398e-01
7.079999999999995186e-01
7.090000000000000746e-01
7.099999999999998535e-01
7.109999999999997433e-01
7.119999999999995222e-01
7.130000000000000782e-01
7.139999999999999680e-01
7.149999999999997469e-01
7.159999999999995257e-01
7.170000000000000817e-01
7.179999999999999716e-01
7.189999999999997504e-01
7.199999999999996403e-01
7.210000000000001963e-01
7.219999999999999751e-01
7.229999999999997540e-01
7.239999999999996438e-01
7.250000000000001998e-01
7.259999999999999787e-01
7.269999999999998685e-01
7.279999999999996474e-01
7.290000000000002034e-01
7.299999999999999822e-01
7.309999999999998721e-01
7.319999999999996509e-01
7.329999999999995408e-01
7.340000000000000968e-01
7.349999999999998757e-01
7.359999999999996545e-01
7.369999999999995444e-01
7.380000000000001004e-01
7.389999999999998792e-01
7.399999999999997691e-01
7.409999999999995479e-01
7.420000000000001039e-01
7.429999999999998828e-01
7.439999999999997726e-01
7.449999999999995515e-01
7.460000000000001075e-01
7.469999999999999973e-01
7.479999999999997762e-01
7.489999999999995550e-01
7.500000000000002220e-01
7.510000000000000009e-01
7.519999999999997797e-01
7.529999999999996696e-01
7.540000000000002256e-01
7.550000000000000044e-01
7.559999999999997833e-01
7.569999999999996732e-01
7.579999999999994520e-01
7.590000000000000080e-01
7.599999999999998979e-01
7.609999999999996767e-01
7.619999999999994555e-01
7.630000000000001226e-01
7.639999999999999014e-01
7.649999999999996803e-01
7.659999999999995701e-01
7.670000000000001261e-01
7.679999999999999050e-01
7.689999999999996838e-01
7.699999999999995737e-01
7.710000000000001297e-01
7.719999999999999085e-01
7.729999999999997984e-01
7.739999999999995772e-01
7.750000000000001332e-01
7.759999999999999121e-01
7.769999999999998019e-01
7.779999999999995808e-01
7.790000000000001368e-01
7.800000000000000266e-01
7.809999999999998055e-01
7.819999999999995843e-01
7.830000000000002514e-01
7.840000000000000302e-01
7.849999999999998090e-01
7.859999999999996989e-01
7.869999999999994778e-01
7.880000000000000338e-01
7.889999999999998126e-01
7.899999999999997025e-01
7.909999999999994813e-01
7.920000000000000373e-01
7.929999999999999272e-01
7.939999999999997060e-01
7.949999999999994849e-01
7.960000000000001519e-01
7.969999999999999307e-01
7.979999999999997096e-01
7.989999999999995994e-01
8.000000000000001554e-01
8.009999999999999343e-01
8.019999999999997131e-01
8.029999999999996030e-01
8.040000000000001590e-01
8.049999999999999378e-01
8.059999999999998277e-01
8.069999999999996065e-01
8.080000000000001625e-01
8.090000000000000524e-01
8.099999999999998312e-01
8.109999999999996101e-01
8.120000000000001661e-01
8.130000000000000560e-01
8.139999999999998348e-01
8.149999999999996136e-01
8.159999999999995035e-01
8.170000000000000595e-01
8.179999999999998384e-01
8.189999999999997282e-01
8.199999999999995071e-01
8.210000000000000631e-01
8.219999999999999529e-01
8.229999999999997318e-01
8.239999999999995106e-01
8.250000000000000666e-01
8.259999999999999565e-01
8.269999999999997353e-01
8.279999999999995142e-01
8.290000000000001812e-01
8.299999999999999600e-01
8.309999999999997389e-01
8.319999999999996287e-01
8.330000000000001847e-01
8.339999999999999636e-01
8.349999999999998535e-01
8.359999999999996323e-01
8.370000000000001883e-01
8.379999999999999671e-01
8.389999999999998570e-01
8.399999999999996358e-01
8.409999999999994147e-01
