-3.560999999999999943e+00
-3.560000000000000053e+00
-3.559000000000000163e+00
-3.558000000000000274e+00
-3.556999999999999940e+00
-3.556000000000000050e+00
-3.555000000000000160e+00
-3.554000000000000270e+00
-3.552999999999999492e+00
-3.552000000000000046e+00
-3.551000000000000156e+00
-3.550000000000000266e+00
-3.548999999999999488e+00
-3.548000000000000043e+00
-3.547000000000000153e+00
-3.546000000000000263e+00
-3.544999999999999485e+00
-3.544000000000000039e+00
-3.543000000000000149e+00
-3.542000000000000259e+00
-3.540999999999999481e+00
-3.539999999999999591e+00
-3.539000000000000146e+00
-3.538000000000000256e+00
-3.536999999999999478e+00
-3.535999999999999588e+00
-3.535000000000000142e+00
-3.534000000000000252e+00
-3.532999999999999474e+00
-3.531999999999999584e+00
-3.531000000000000139e+00
-3.530000000000000249e+00
-3.529000000000000359e+00
-3.527999999999999581e+00
-3.526999999999999691e+00
-3.526000000000000245e+00
-3.525000000000000355e+00
-3.523999999999999577e+00
-3.522999999999999687e+00
-3.522000000000000242e+00
-3.521000000000000352e+00
-3.519999999999999574e+00
-3.518999999999999684e+00
-3.518000000000000238e+00
-3.517000000000000348e+00
-3.515999999999999570e+00
-3.514999999999999680e+00
-3.513999999999999790e+00
-3.513000000000000345e+00
-3.511999999999999567e+00
-3.510999999999999677e+00
-3.509999999999999787e+00
-3.509000000000000341e+00
-3.507999999999999563e+00
-3.506999999999999673e+00
-3.505999999999999783e+00
-3.505000000000000338e+00
-3.503999999999999559e+00
-3.502999999999999670e+00
-3.501999999999999780e+00
-3.500999999999999890e+00
-3.500000000000000444e+00
-3.498999999999999666e+00
-3.497999999999999776e+00
-3.496999999999999886e+00
-3.496000000000000441e+00
-3.494999999999999662e+00
-3.493999999999999773e+00
-3.492999999999999883e+00
-3.492000000000000437e+00
-3.490999999999999659e+00
-3.489999999999999769e+00
-3.488999999999999879e+00
-3.487999999999999989e+00
-3.486999999999999655e+00
-3.485999999999999766e+00
-3.484999999999999876e+00
-3.483999999999999986e+00
-3.482999999999999652e+00
-3.481999999999999762e+00
-3.480999999999999872e+00
-3.479999999999999982e+00
-3.478999999999999648e+00
-3.477999999999999758e+00
-3.476999999999999869e+00
-3.475999999999999979e+00
-3.475000000000000089e+00
-3.473999999999999755e+00
-3.472999999999999865e+00
-3.471999999999999975e+00
-3.471000000000000085e+00
-3.469999999999999751e+00
-3.468999999999999861e+00
-3.467999999999999972e+00
-3.467000000000000082e+00
-3.465999999999999748e+00
-3.464999999999999858e+00
-3.463999999999999968e+00
-3.463000000000000078e+00
-3.461999999999999744e+00
-3.460999999999999854e+00
-3.459999999999999964e+00
-3.459000000000000075e+00
-3.457999999999999741e+00
-3.456999999999999851e+00
-3.455999999999999961e+00
-3.455000000000000071e+00
-3.453999999999999737e+00
-3.452999999999999847e+00
-3.451999999999999957e+00
-3.451000000000000068e+00
-3.450000000000000178e+00
-3.448999999999999844e+00
-3.447999999999999954e+00
-3.447000000000000064e+00
-3.446000000000000174e+00
-3.444999999999999840e+00
-3.443999999999999950e+00
-3.443000000000000060e+00
-3.442000000000000171e+00
-3.440999999999999837e+00
-3.439999999999999947e+00
-3.439000000000000057e+00
-3.438000000000000167e+00
-3.436999999999999833e+00
-3.435999999999999943e+00
-3.435000000000000053e+00
-3.434000000000000163e+00
-3.432999999999999829e+00
-3.431999999999999940e+00
-3.431000000000000050e+00
-3.430000000000000160e+00
-3.428999999999999826e+00
-3.427999999999999936e+00
-3.427000000000000046e+00
-3.426000000000000156e+00
-3.424999999999999378e+00
-3.423999999999999932e+00
-3.423000000000000043e+00
-3.422000000000000153e+00
-3.420999999999999375e+00
-3.419999999999999929e+00
-3.419000000000000039e+00
-3.418000000000000149e+00
-3.417000000000000259e+00
-3.415999999999999925e+00
-3.415000000000000036e+00
-3.414000000000000146e+00
-3.413000000000000256e+00
-3.411999999999999478e+00
-3.411000000000000032e+00
-3.410000000000000142e+00
-3.409000000000000252e+00
-3.407999999999999474e+00
-3.407000000000000028e+00
-3.406000000000000139e+00
-3.405000000000000249e+00
-3.403999999999999471e+00
-3.403000000000000025e+00
-3.402000000000000135e+00
-3.400999999999999801e+00
-3.399999999999999911e+00
-3.398999999999999577e+00
-3.398000000000000131e+00
-3.396999999999999797e+00
-3.395999999999999908e+00
-3.394999999999999574e+00
-3.394000000000000128e+00
-3.393000000000000238e+00
-3.391999999999999904e+00
-3.391000000000000014e+00
-3.390000000000000124e+00
-3.389000000000000234e+00
-3.387999999999999901e+00
-3.387000000000000011e+00
-3.385999999999999677e+00
-3.385000000000000231e+00
-3.383999999999999897e+00
-3.383000000000000007e+00
-3.381999999999999673e+00
-3.381000000000000227e+00
-3.379999999999999893e+00
-3.379000000000000004e+00
-3.377999999999999670e+00
-3.377000000000000224e+00
-3.375999999999999890e+00
-3.375000000000000000e+00
-3.373999999999999666e+00
-3.372999999999999776e+00
-3.371999999999999886e+00
-3.370999999999999996e+00
-3.369999999999999662e+00
-3.368999999999999773e+00
-3.368000000000000327e+00
-3.366999999999999993e+00
-3.365999999999999659e+00
-3.364999999999999769e+00
-3.364000000000000323e+00
-3.362999999999999989e+00
-3.362000000000000099e+00
-3.360999999999999766e+00
-3.359999999999999876e+00
-3.358999999999999986e+00
-3.358000000000000096e+00
-3.356999999999999762e+00
-3.355999999999999872e+00
-3.354999999999999982e+00
-3.354000000000000092e+00
-3.352999999999999758e+00
-3.351999999999999869e+00
-3.350999999999999979e+00
-3.350000000000000089e+00
-3.348999999999999755e+00
-3.347999999999999865e+00
-3.346999999999999975e+00
-3.346000000000000085e+00
-3.344999999999999751e+00
-3.343999999999999861e+00
-3.342999999999999972e+00
-3.342000000000000082e+00
-3.340999999999999748e+00
-3.339999999999999858e+00
-3.338999999999999968e+00
-3.338000000000000078e+00
-3.336999999999999744e+00
-3.335999999999999854e+00
-3.334999999999999964e+00
-3.334000000000000075e+00
-3.333000000000000185e+00
-3.331999999999999851e+00
-3.330999999999999961e+00
-3.330000000000000071e+00
-3.329000000000000181e+00
-3.327999999999999847e+00
-3.326999999999999957e+00
-3.326000000000000068e+00
-3.325000000000000178e+00
-3.323999999999999844e+00
-3.322999999999999954e+00
-3.321999999999999620e+00
-3.321000000000000174e+00
-3.319999999999999840e+00
-3.318999999999999950e+00
-3.317999999999999616e+00
-3.317000000000000171e+00
-3.315999999999999837e+00
-3.314999999999999947e+00
-3.314000000000000057e+00
-3.313000000000000167e+00
-3.311999999999999833e+00
-3.310999999999999943e+00
-3.310000000000000053e+00
-3.308999999999999719e+00
-3.307999999999999829e+00
-3.306999999999999940e+00
-3.306000000000000050e+00
-3.304999999999999716e+00
-3.304000000000000270e+00
-3.302999999999999936e+00
-3.302000000000000046e+00
-3.300999999999999712e+00
-3.300000000000000266e+00
-3.298999999999999932e+00
-3.298000000000000043e+00
-3.296999999999999709e+00
-3.295999999999999819e+00
-3.294999999999999929e+00
-3.294000000000000039e+00
-3.292999999999999705e+00
-3.291999999999999815e+00
-3.290999999999999925e+00
-3.290000000000000036e+00
-3.288999999999999702e+00
-3.287999999999999812e+00
-3.286999999999999922e+00
-3.286000000000000032e+00
-3.285000000000000142e+00
-3.283999999999999808e+00
-3.282999999999999918e+00
-3.282000000000000028e+00
-3.281000000000000139e+00
-3.279999999999999805e+00
-3.278999999999999915e+00
-3.278000000000000025e+00
-3.277000000000000135e+00
-3.275999999999999801e+00
-3.274999999999999911e+00
-3.274000000000000021e+00
-3.273000000000000131e+00
-3.271999999999999797e+00
-3.270999999999999908e+00
-3.270000000000000018e+00
-3.269000000000000128e+00
-3.267999999999999794e+00
-3.266999999999999904e+00
-3.266000000000000014e+00
-3.265000000000000124e+00
-3.263999999999999790e+00
-3.262999999999999901e+00
-3.262000000000000011e+00
-3.261000000000000121e+00
-3.259999999999999787e+00
-3.258999999999999897e+00
-3.257999999999999563e+00
-3.257000000000000117e+00
-3.256000000000000227e+00
-3.254999999999999893e+00
-3.253999999999999559e+00
-3.253000000000000114e+00
-3.252000000000000224e+00
-3.250999999999999890e+00
-3.250000000000000000e+00
-3.249000000000000110e+00
-3.248000000000000220e+00
-3.246999999999999886e+00
-3.245999999999999996e+00
-3.244999999999999662e+00
-3.244000000000000217e+00
-3.242999999999999883e+00
-3.241999999999999993e+00
-3.240999999999999659e+00
-3.240000000000000213e+00
-3.238999999999999879e+00
-3.237999999999999989e+00
-3.236999999999999655e+00
-3.236000000000000210e+00
-3.234999999999999876e+00
-3.233999999999999986e+00
-3.232999999999999652e+00
-3.231999999999999762e+00
-3.231000000000000316e+00
-3.229999999999999982e+00
-3.228999999999999648e+00
-3.227999999999999758e+00
-3.227000000000000313e+00
-3.225999999999999979e+00
-3.224999999999999645e+00
-3.223999999999999755e+00
-3.223000000000000309e+00
-3.221999999999999975e+00
-3.221000000000000085e+00
-3.219999999999999751e+00
-3.218999999999999861e+00
-3.217999999999999972e+00
-3.217000000000000082e+00
-3.215999999999999748e+00
-3.214999999999999858e+00
-3.213999999999999968e+00
-3.213000000000000078e+00
-3.211999999999999744e+00
-3.210999999999999854e+00
-3.209999999999999964e+00
-3.209000000000000075e+00
-3.207999999999999741e+00
-3.206999999999999851e+00
-3.205999999999999961e+00
-3.205000000000000071e+00
-3.203999999999999737e+00
-3.202999999999999847e+00
-3.201999999999999957e+00
-3.201000000000000068e+00
-3.199999999999999734e+00
-3.198999999999999844e+00
-3.197999999999999954e+00
-3.197000000000000064e+00
-3.196000000000000174e+00
-3.194999999999999840e+00
-3.193999999999999950e+00
-3.193000000000000060e+00
-3.192000000000000171e+00
-3.190999999999999837e+00
-3.189999999999999947e+00
-3.189000000000000057e+00
-3.188000000000000167e+00
-3.186999999999999833e+00
-3.185999999999999943e+00
-3.185000000000000053e+00
-3.184000000000000163e+00
-3.182999999999999829e+00
-3.181999999999999940e+00
-3.180999999999999606e+00
-3.180000000000000160e+00
-3.178999999999999826e+00
-3.177999999999999936e+00
-3.176999999999999602e+00
-3.176000000000000156e+00
-3.174999999999999822e+00
-3.173999999999999932e+00
-3.173000000000000043e+00
-3.172000000000000153e+00
-3.170999999999999819e+00
-3.169999999999999929e+00
-3.169000000000000039e+00
-3.167999999999999705e+00
-3.167000000000000259e+00
-3.165999999999999925e+00
-3.165000000000000036e+00
-3.163999999999999702e+00
-3.163000000000000256e+00
-3.161999999999999922e+00
-3.161000000000000032e+00
-3.159999999999999698e+00
-3.159000000000000252e+00
-3.157999999999999918e+00
-3.157000000000000028e+00
-3.155999999999999694e+00
-3.154999999999999805e+00
-3.153999999999999915e+00
-3.153000000000000025e+00
-3.151999999999999691e+00
-3.150999999999999801e+00
-3.149999999999999911e+00
-3.149000000000000021e+00
-3.148000000000000131e+00
-3.146999999999999797e+00
-3.145999999999999908e+00
-3.145000000000000018e+00
-3.144000000000000128e+00
-3.142999999999999794e+00
-3.141999999999999904e+00
-3.141000000000000014e+00
-3.140000000000000124e+00
-3.138999999999999790e+00
-3.137999999999999901e+00
-3.137000000000000011e+00
-3.136000000000000121e+00
-3.134999999999999787e+00
-3.133999999999999897e+00
-3.133000000000000007e+00
-3.132000000000000117e+00
-3.130999999999999783e+00
-3.129999999999999893e+00
-3.129000000000000004e+00
-3.128000000000000114e+00
-3.126999999999999780e+00
-3.125999999999999890e+00
-3.125000000000000000e+00
-3.124000000000000110e+00
-3.123000000000000220e+00
-3.121999999999999886e+00
-3.120999999999999996e+00
-3.120000000000000107e+00
-3.119000000000000217e+00
-3.117999999999999883e+00
-3.116999999999999549e+00
-3.116000000000000103e+00
-3.115000000000000213e+00
-3.113999999999999879e+00
-3.112999999999999545e+00
-3.112000000000000099e+00
-3.111000000000000210e+00
-3.109999999999999876e+00
-3.108999999999999986e+00
-3.108000000000000096e+00
-3.107000000000000206e+00
-3.105999999999999872e+00
-3.104999999999999982e+00
-3.103999999999999648e+00
-3.103000000000000203e+00
-3.101999999999999869e+00
-3.100999999999999979e+00
-3.099999999999999645e+00
-3.099000000000000199e+00
-3.097999999999999865e+00
-3.096999999999999975e+00
-3.095999999999999641e+00
-3.095000000000000195e+00
-3.094000000000000306e+00
-3.092999999999999972e+00
-3.091999999999999638e+00
-3.090999999999999748e+00
-3.090000000000000302e+00
-3.088999999999999968e+00
-3.087999999999999634e+00
-3.086999999999999744e+00
-3.086000000000000298e+00
-3.084999999999999964e+00
-3.083999999999999631e+00
-3.082999999999999741e+00
-3.082000000000000295e+00
-3.080999999999999961e+00
-3.080000000000000071e+00
-3.078999999999999737e+00
-3.077999999999999847e+00
-3.076999999999999957e+00
-3.076000000000000068e+00
-3.074999999999999734e+00
-3.073999999999999844e+00
-3.072999999999999954e+00
-3.072000000000000064e+00
-3.070999999999999730e+00
-3.069999999999999840e+00
-3.068999999999999950e+00
-3.068000000000000060e+00
-3.066999999999999726e+00
-3.065999999999999837e+00
-3.065000000000000391e+00
-3.064000000000000057e+00
-3.062999999999999723e+00
-3.061999999999999833e+00
-3.060999999999999943e+00
-3.060000000000000053e+00
-3.058999999999999719e+00
-3.057999999999999829e+00
-3.056999999999999940e+00
-3.056000000000000050e+00
-3.054999999999999716e+00
-3.053999999999999826e+00
-3.052999999999999936e+00
-3.052000000000000046e+00
-3.051000000000000156e+00
-3.049999999999999822e+00
-3.048999999999999932e+00
-3.048000000000000043e+00
-3.047000000000000153e+00
-3.045999999999999819e+00
-3.044999999999999929e+00
-3.044000000000000039e+00
-3.043000000000000149e+00
-3.041999999999999815e+00
-3.040999999999999925e+00
-3.040000000000000036e+00
-3.039000000000000146e+00
-3.037999999999999812e+00
-3.036999999999999922e+00
-3.036000000000000032e+00
-3.035000000000000142e+00
-3.033999999999999808e+00
-3.032999999999999918e+00
-3.032000000000000028e+00
-3.031000000000000139e+00
-3.029999999999999805e+00
-3.028999999999999915e+00
-3.028000000000000025e+00
-3.026999999999999691e+00
-3.026000000000000245e+00
-3.024999999999999911e+00
-3.024000000000000021e+00
-3.022999999999999687e+00
-3.022000000000000242e+00
-3.020999999999999908e+00
-3.020000000000000018e+00
-3.018999999999999684e+00
-3.018000000000000238e+00
-3.016999999999999904e+00
-3.016000000000000014e+00
-3.014999999999999680e+00
-3.014000000000000234e+00
-3.012999999999999901e+00
-3.012000000000000011e+00
-3.011000000000000121e+00
-3.009999999999999787e+00
-3.008999999999999897e+00
-3.008000000000000007e+00
-3.007000000000000117e+00
-3.005999999999999783e+00
-3.004999999999999893e+00
-3.004000000000000004e+00
-3.003000000000000114e+00
-3.001999999999999780e+00
-3.000999999999999890e+00
-3.000000000000000000e+00
-2.999000000000000110e+00
-2.997999999999999776e+00
-2.996999999999999886e+00
-2.995999999999999996e+00
-2.995000000000000107e+00
-2.993999999999999773e+00
-2.992999999999999883e+00
-2.991999999999999993e+00
-2.991000000000000103e+00
-2.989999999999999769e+00
-2.988999999999999879e+00
-2.987999999999999989e+00
-2.987000000000000099e+00
-2.985999999999999766e+00
-2.984999999999999876e+00
-2.983999999999999986e+00
-2.983000000000000096e+00
-2.982000000000000206e+00
-2.980999999999999872e+00
-2.979999999999999982e+00
-2.979000000000000092e+00
-2.978000000000000203e+00
-2.976999999999999869e+00
-2.975999999999999535e+00
-2.975000000000000089e+00
-2.974000000000000199e+00
-2.972999999999999865e+00
-2.971999999999999531e+00
-2.971000000000000085e+00
-2.970000000000000195e+00
-2.968999999999999861e+00
-2.967999999999999972e+00
-2.967000000000000082e+00
-2.966000000000000192e+00
-2.964999999999999858e+00
-2.963999999999999968e+00
-2.963000000000000078e+00
-2.962000000000000188e+00
-2.960999999999999854e+00
-2.959999999999999964e+00
-2.958999999999999631e+00
-2.958000000000000185e+00
-2.957000000000000295e+00
-2.955999999999999961e+00
-2.954999999999999627e+00
-2.954000000000000181e+00
-2.953000000000000291e+00
-2.951999999999999957e+00
-2.950999999999999623e+00
-2.950000000000000178e+00
-2.949000000000000288e+00
-2.947999999999999954e+00
-2.946999999999999620e+00
-2.945999999999999730e+00
-2.945000000000000284e+00
-2.943999999999999950e+00
-2.943000000000000060e+00
-2.941999999999999726e+00
-2.941000000000000281e+00
-2.939999999999999947e+00
-2.939000000000000057e+00
-2.937999999999999723e+00
-2.937000000000000277e+00
-2.935999999999999943e+00
-2.935000000000000053e+00
-2.933999999999999719e+00
-2.932999999999999829e+00
-2.931999999999999940e+00
-2.931000000000000050e+00
-2.929999999999999716e+00
-2.928999999999999826e+00
-2.928000000000000380e+00
-2.927000000000000046e+00
-2.925999999999999712e+00
-2.924999999999999822e+00
-2.924000000000000377e+00
-2.923000000000000043e+00
-2.921999999999999709e+00
-2.920999999999999819e+00
-2.919999999999999929e+00
-2.919000000000000039e+00
-2.917999999999999705e+00
-2.916999999999999815e+00
-2.915999999999999925e+00
-2.915000000000000036e+00
-2.914000000000000146e+00
-2.912999999999999812e+00
-2.911999999999999922e+00
-2.911000000000000032e+00
-2.910000000000000142e+00
-2.908999999999999808e+00
-2.907999999999999918e+00
-2.907000000000000028e+00
-2.906000000000000139e+00
-2.904999999999999805e+00
-2.903999999999999915e+00
-2.903000000000000025e+00
-2.902000000000000135e+00
-2.900999999999999801e+00
-2.899999999999999911e+00
-2.899000000000000021e+00
-2.898000000000000131e+00
-2.896999999999999797e+00
-2.895999999999999908e+00
-2.895000000000000018e+00
-2.894000000000000128e+00
-2.892999999999999794e+00
-2.891999999999999904e+00
-2.891000000000000014e+00
-2.890000000000000124e+00
-2.888999999999999790e+00
-2.887999999999999901e+00
-2.887000000000000011e+00
-2.886000000000000121e+00
-2.885000000000000231e+00
-2.883999999999999897e+00
-2.883000000000000007e+00
-2.881999999999999673e+00
-2.881000000000000227e+00
-2.879999999999999893e+00
-2.879000000000000004e+00
-2.877999999999999670e+00
-2.877000000000000224e+00
-2.875999999999999890e+00
-2.875000000000000000e+00
-2.874000000000000110e+00
-2.873000000000000220e+00
-2.871999999999999886e+00
-2.870999999999999996e+00
-2.870000000000000107e+00
-2.868999999999999773e+00
-2.867999999999999883e+00
-2.866999999999999993e+00
-2.866000000000000103e+00
-2.864999999999999769e+00
-2.863999999999999879e+00
-2.862999999999999989e+00
-2.862000000000000099e+00
-2.860999999999999766e+00
-2.860000000000000320e+00
-2.858999999999999986e+00
-2.858000000000000096e+00
-2.856999999999999762e+00
-2.855999999999999872e+00
-2.854999999999999982e+00
-2.854000000000000092e+00
-2.852999999999999758e+00
-2.851999999999999869e+00
-2.850999999999999979e+00
-2.850000000000000089e+00
-2.848999999999999755e+00
-2.847999999999999865e+00
-2.846999999999999975e+00
-2.846000000000000085e+00
-2.845000000000000195e+00
-2.843999999999999861e+00
-2.842999999999999972e+00
-2.842000000000000082e+00
-2.841000000000000192e+00
-2.839999999999999858e+00
-2.838999999999999968e+00
-2.838000000000000078e+00
-2.837000000000000188e+00
-2.835999999999999854e+00
-2.834999999999999964e+00
-2.834000000000000075e+00
-2.833000000000000185e+00
-2.831999999999999851e+00
-2.830999999999999961e+00
-2.830000000000000071e+00
-2.829000000000000181e+00
-2.827999999999999847e+00
-2.826999999999999957e+00
-2.826000000000000068e+00
-2.825000000000000178e+00
-2.823999999999999844e+00
-2.822999999999999954e+00
-2.822000000000000064e+00
-2.821000000000000174e+00
-2.819999999999999840e+00
-2.818999999999999950e+00
-2.817999999999999616e+00
-2.817000000000000171e+00
-2.816000000000000281e+00
-2.814999999999999947e+00
-2.813999999999999613e+00
-2.813000000000000167e+00
-2.812000000000000277e+00
-2.810999999999999943e+00
-2.809999999999999609e+00
-2.809000000000000163e+00
-2.808000000000000274e+00
-2.806999999999999940e+00
-2.805999999999999606e+00
-2.804999999999999716e+00
-2.804000000000000270e+00
-2.802999999999999936e+00
-2.802000000000000046e+00
-2.800999999999999712e+00
-2.800000000000000266e+00
-2.798999999999999932e+00
-2.798000000000000043e+00
-2.796999999999999709e+00
-2.796000000000000263e+00
-2.794999999999999929e+00
-2.794000000000000039e+00
-2.792999999999999705e+00
-2.791999999999999815e+00
-2.791000000000000369e+00
-2.790000000000000036e+00
-2.788999999999999702e+00
-2.787999999999999812e+00
-2.787000000000000366e+00
-2.786000000000000032e+00
-2.784999999999999698e+00
-2.783999999999999808e+00
-2.783000000000000362e+00
-2.782000000000000028e+00
-2.780999999999999694e+00
-2.779999999999999805e+00
-2.778999999999999915e+00
-2.778000000000000025e+00
-2.777000000000000135e+00
-2.775999999999999801e+00
-2.774999999999999911e+00
-2.774000000000000021e+00
-2.773000000000000131e+00
-2.771999999999999797e+00
-2.770999999999999908e+00
-2.770000000000000018e+00
-2.769000000000000128e+00
-2.767999999999999794e+00
-2.766999999999999904e+00
-2.766000000000000014e+00
-2.765000000000000124e+00
-2.763999999999999790e+00
-2.762999999999999901e+00
-2.762000000000000011e+00
-2.761000000000000121e+00
-2.759999999999999787e+00
-2.758999999999999897e+00
-2.758000000000000007e+00
-2.757000000000000117e+00
-2.755999999999999783e+00
-2.754999999999999893e+00
-2.754000000000000004e+00
-2.753000000000000114e+00
-2.751999999999999780e+00
-2.750999999999999890e+00
-2.750000000000000000e+00
-2.749000000000000110e+00
-2.748000000000000220e+00
-2.746999999999999886e+00
-2.745999999999999996e+00
-2.745000000000000107e+00
-2.744000000000000217e+00
-2.742999999999999883e+00
-2.741999999999999993e+00
-2.740999999999999659e+00
-2.740000000000000213e+00
-2.738999999999999879e+00
-2.737999999999999989e+00
-2.736999999999999655e+00
-2.736000000000000210e+00
-2.734999999999999876e+00
-2.733999999999999986e+00
-2.733000000000000096e+00
-2.732000000000000206e+00
-2.730999999999999872e+00
-2.729999999999999982e+00
-2.729000000000000092e+00
-2.727999999999999758e+00
-2.726999999999999869e+00
-2.725999999999999979e+00
-2.725000000000000089e+00
-2.723999999999999755e+00
-2.722999999999999865e+00
-2.721999999999999975e+00
-2.721000000000000085e+00
-2.719999999999999751e+00
-2.719000000000000306e+00
-2.717999999999999972e+00
-2.717000000000000082e+00
-2.715999999999999748e+00
-2.714999999999999858e+00
-2.713999999999999968e+00
-2.713000000000000078e+00
-2.711999999999999744e+00
-2.710999999999999854e+00
-2.709999999999999964e+00
-2.709000000000000075e+00
-2.708000000000000185e+00
-2.706999999999999851e+00
-2.705999999999999961e+00
-2.705000000000000071e+00
-2.704000000000000181e+00
-2.702999999999999847e+00
-2.701999999999999957e+00
-2.701000000000000068e+00
-2.700000000000000178e+00
-2.698999999999999844e+00
-2.697999999999999954e+00
-2.697000000000000064e+00
-2.696000000000000174e+00
-2.694999999999999840e+00
-2.693999999999999950e+00
-2.693000000000000060e+00
-2.692000000000000171e+00
-2.690999999999999837e+00
-2.689999999999999503e+00
-2.689000000000000057e+00
-2.688000000000000167e+00
-2.687000000000000277e+00
-2.685999999999999943e+00
-2.685000000000000053e+00
-2.684000000000000163e+00
-2.683000000000000274e+00
-2.681999999999999940e+00
-2.681000000000000050e+00
-2.680000000000000160e+00
-2.679000000000000270e+00
-2.677999999999999936e+00
-2.676999999999999602e+00
-2.676000000000000156e+00
-2.675000000000000266e+00
-2.673999999999999932e+00
-2.672999999999999599e+00
-2.672000000000000153e+00
-2.671000000000000263e+00
-2.669999999999999929e+00
-2.668999999999999595e+00
-2.668000000000000149e+00
-2.667000000000000259e+00
-2.665999999999999925e+00
-2.664999999999999591e+00
-2.663999999999999702e+00
-2.663000000000000256e+00
-2.661999999999999922e+00
-2.660999999999999588e+00
-2.659999999999999698e+00
-2.659000000000000252e+00
-2.658000000000000362e+00
-2.657000000000000028e+00
-2.655999999999999694e+00
-2.655000000000000249e+00
-2.654000000000000359e+00
-2.653000000000000025e+00
-2.651999999999999691e+00
-2.650999999999999801e+00
-2.650000000000000355e+00
-2.649000000000000021e+00
-2.647999999999999687e+00
-2.646999999999999797e+00
-2.646000000000000352e+00
-2.645000000000000018e+00
-2.643999999999999684e+00
-2.642999999999999794e+00
-2.642000000000000348e+00
-2.641000000000000014e+00
-2.639999999999999680e+00
-2.638999999999999790e+00
-2.637999999999999901e+00
-2.637000000000000011e+00
-2.635999999999999677e+00
-2.634999999999999787e+00
-2.633999999999999897e+00
-2.633000000000000007e+00
-2.632000000000000117e+00
-2.630999999999999783e+00
-2.629999999999999893e+00
-2.629000000000000448e+00
-2.628000000000000114e+00
-2.626999999999999780e+00
-2.625999999999999890e+00
-2.625000000000000000e+00
-2.624000000000000110e+00
-2.622999999999999776e+00
-2.621999999999999886e+00
-2.620999999999999996e+00
-2.620000000000000107e+00
-2.618999999999999773e+00
-2.617999999999999883e+00
-2.616999999999999993e+00
-2.616000000000000103e+00
-2.614999999999999769e+00
-2.613999999999999879e+00
-2.612999999999999989e+00
-2.612000000000000099e+00
-2.610999999999999766e+00
-2.609999999999999876e+00
-2.608999999999999986e+00
-2.608000000000000096e+00
-2.606999999999999762e+00
-2.605999999999999872e+00
-2.604999999999999982e+00
-2.604000000000000092e+00
-2.603000000000000203e+00
-2.601999999999999869e+00
-2.600999999999999979e+00
-2.600000000000000089e+00
-2.599000000000000199e+00
-2.597999999999999865e+00
-2.596999999999999975e+00
-2.596000000000000085e+00
-2.595000000000000195e+00
-2.593999999999999861e+00
-2.592999999999999972e+00
-2.592000000000000082e+00
-2.591000000000000192e+00
-2.589999999999999858e+00
-2.588999999999999968e+00
-2.588000000000000078e+00
-2.586999999999999744e+00
-2.585999999999999854e+00
-2.584999999999999964e+00
-2.584000000000000075e+00
-2.582999999999999741e+00
-2.581999999999999851e+00
-2.580999999999999961e+00
-2.580000000000000071e+00
-2.578999999999999737e+00
-2.577999999999999847e+00
-2.576999999999999957e+00
-2.576000000000000068e+00
-2.575000000000000178e+00
-2.573999999999999844e+00
-2.572999999999999954e+00
-2.572000000000000064e+00
-2.571000000000000174e+00
-2.569999999999999840e+00
-2.568999999999999950e+00
-2.568000000000000060e+00
-2.567000000000000171e+00
-2.565999999999999837e+00
-2.564999999999999947e+00
-2.564000000000000057e+00
-2.563000000000000167e+00
-2.561999999999999833e+00
-2.560999999999999943e+00
-2.560000000000000053e+00
-2.559000000000000163e+00
-2.557999999999999829e+00
-2.556999999999999940e+00
-2.556000000000000050e+00
-2.555000000000000160e+00
-2.553999999999999826e+00
-2.552999999999999936e+00
-2.552000000000000046e+00
-2.551000000000000156e+00
-2.549999999999999822e+00
-2.548999999999999932e+00
-2.548000000000000043e+00
-2.547000000000000153e+00
-2.546000000000000263e+00
-2.544999999999999929e+00
-2.544000000000000039e+00
-2.543000000000000149e+00
-2.542000000000000259e+00
-2.540999999999999925e+00
-2.540000000000000036e+00
-2.539000000000000146e+00
-2.538000000000000256e+00
-2.536999999999999922e+00
-2.535999999999999588e+00
-2.535000000000000142e+00
-2.534000000000000252e+00
-2.532999999999999918e+00
-2.531999999999999584e+00
-2.531000000000000139e+00
-2.530000000000000249e+00
-2.528999999999999915e+00
-2.527999999999999581e+00
-2.527000000000000135e+00
-2.526000000000000245e+00
-2.524999999999999911e+00
-2.523999999999999577e+00
-2.522999999999999687e+00
-2.522000000000000242e+00
-2.521000000000000352e+00
-2.520000000000000018e+00
-2.518999999999999684e+00
-2.518000000000000238e+00
-2.517000000000000348e+00
-2.516000000000000014e+00
-2.514999999999999680e+00
-2.514000000000000234e+00
-2.513000000000000345e+00
-2.512000000000000011e+00
-2.510999999999999677e+00
-2.509999999999999787e+00
-2.509000000000000341e+00
-2.508000000000000007e+00
-2.506999999999999673e+00
-2.505999999999999783e+00
-2.505000000000000338e+00
-2.504000000000000004e+00
-2.502999999999999670e+00
-2.501999999999999780e+00
-2.501000000000000334e+00
-2.500000000000000000e+00
-2.498999999999999666e+00
-2.497999999999999776e+00
-2.496999999999999886e+00
-2.495999999999999996e+00
-2.494999999999999662e+00
-2.493999999999999773e+00
-2.492999999999999883e+00
-2.492000000000000437e+00
-2.491000000000000103e+00
-2.489999999999999769e+00
-2.488999999999999879e+00
-2.488000000000000433e+00
-2.487000000000000099e+00
-2.485999999999999766e+00
-2.484999999999999876e+00
-2.483999999999999986e+00
-2.483000000000000096e+00
-2.481999999999999762e+00
-2.480999999999999872e+00
-2.479999999999999982e+00
-2.479000000000000092e+00
-2.477999999999999758e+00
-2.476999999999999869e+00
-2.475999999999999979e+00
-2.475000000000000089e+00
-2.473999999999999755e+00
-2.472999999999999865e+00
-2.471999999999999975e+00
-2.471000000000000085e+00
-2.469999999999999751e+00
-2.468999999999999861e+00
-2.467999999999999972e+00
-2.467000000000000082e+00
-2.466000000000000192e+00
-2.464999999999999858e+00
-2.463999999999999968e+00
-2.463000000000000078e+00
-2.462000000000000188e+00
-2.460999999999999854e+00
-2.459999999999999964e+00
-2.459000000000000075e+00
-2.458000000000000185e+00
-2.456999999999999851e+00
-2.455999999999999961e+00
-2.455000000000000071e+00
-2.454000000000000181e+00
-2.452999999999999847e+00
-2.451999999999999957e+00
-2.451000000000000068e+00
-2.450000000000000178e+00
-2.448999999999999844e+00
-2.447999999999999954e+00
-2.447000000000000064e+00
-2.445999999999999730e+00
-2.444999999999999840e+00
-2.443999999999999950e+00
-2.443000000000000060e+00
-2.441999999999999726e+00
-2.440999999999999837e+00
-2.439999999999999947e+00
-2.439000000000000057e+00
-2.438000000000000167e+00
-2.437000000000000277e+00
-2.435999999999999943e+00
-2.435000000000000053e+00
-2.434000000000000163e+00
-2.432999999999999829e+00
-2.431999999999999940e+00
-2.431000000000000050e+00
-2.430000000000000160e+00
-2.428999999999999826e+00
-2.427999999999999936e+00
-2.427000000000000046e+00
-2.426000000000000156e+00
-2.424999999999999822e+00
-2.423999999999999932e+00
-2.423000000000000043e+00
-2.422000000000000153e+00
-2.420999999999999819e+00
-2.419999999999999929e+00
-2.419000000000000039e+00
-2.418000000000000149e+00
-2.416999999999999815e+00
-2.415999999999999925e+00
-2.415000000000000036e+00
-2.414000000000000146e+00
-2.412999999999999812e+00
-2.411999999999999922e+00
-2.411000000000000032e+00
-2.410000000000000142e+00
-2.409000000000000252e+00
-2.407999999999999918e+00
-2.407000000000000028e+00
-2.406000000000000139e+00
-2.405000000000000249e+00
-2.403999999999999915e+00
-2.403000000000000025e+00
-2.402000000000000135e+00
-2.401000000000000245e+00
-2.399999999999999911e+00
-2.399000000000000021e+00
-2.398000000000000131e+00
-2.397000000000000242e+00
-2.395999999999999908e+00
-2.394999999999999574e+00
-2.394000000000000128e+00
-2.393000000000000238e+00
-2.391999999999999904e+00
-2.390999999999999570e+00
-2.390000000000000124e+00
-2.389000000000000234e+00
-2.387999999999999901e+00
-2.386999999999999567e+00
-2.386000000000000121e+00
-2.385000000000000231e+00
-2.383999999999999897e+00
-2.383000000000000007e+00
-2.381999999999999673e+00
-2.381000000000000227e+00
-2.380000000000000338e+00
-2.379000000000000004e+00
-2.377999999999999670e+00
-2.377000000000000224e+00
-2.376000000000000334e+00
-2.375000000000000000e+00
-2.373999999999999666e+00
-2.373000000000000220e+00
-2.372000000000000330e+00
-2.370999999999999996e+00
-2.369999999999999662e+00
-2.368999999999999773e+00
-2.368000000000000327e+00
-2.366999999999999993e+00
-2.365999999999999659e+00
-2.364999999999999769e+00
-2.364000000000000323e+00
-2.362999999999999989e+00
-2.361999999999999655e+00
-2.360999999999999766e+00
-2.360000000000000320e+00
-2.358999999999999986e+00
-2.357999999999999652e+00
-2.356999999999999762e+00
-2.355999999999999872e+00
-2.355000000000000426e+00
-2.354000000000000092e+00
-2.352999999999999758e+00
-2.351999999999999869e+00
-2.351000000000000423e+00
-2.350000000000000089e+00
-2.348999999999999755e+00
-2.347999999999999865e+00
-2.347000000000000419e+00
-2.346000000000000085e+00
-2.344999999999999751e+00
-2.343999999999999861e+00
-2.342999999999999972e+00
-2.342000000000000082e+00
-2.340999999999999748e+00
-2.339999999999999858e+00
-2.338999999999999968e+00
-2.338000000000000078e+00
-2.336999999999999744e+00
-2.335999999999999854e+00
-2.334999999999999964e+00
-2.334000000000000075e+00
-2.332999999999999741e+00
-2.331999999999999851e+00
-2.330999999999999961e+00
-2.330000000000000071e+00
-2.328999999999999737e+00
-2.327999999999999847e+00
-2.326999999999999957e+00
-2.326000000000000068e+00
-2.325000000000000178e+00
-2.323999999999999844e+00
-2.322999999999999954e+00
-2.322000000000000064e+00
-2.321000000000000174e+00
-2.319999999999999840e+00
-2.318999999999999950e+00
-2.318000000000000060e+00
-2.317000000000000171e+00
-2.315999999999999837e+00
-2.314999999999999947e+00
-2.314000000000000057e+00
-2.313000000000000167e+00
-2.311999999999999833e+00
-2.310999999999999943e+00
-2.310000000000000053e+00
-2.309000000000000163e+00
-2.307999999999999829e+00
-2.306999999999999940e+00
-2.306000000000000050e+00
-2.304999999999999716e+00
-2.303999999999999826e+00
-2.302999999999999936e+00
-2.302000000000000046e+00
-2.300999999999999712e+00
-2.300000000000000266e+00
-2.298999999999999932e+00
-2.298000000000000043e+00
-2.297000000000000153e+00
-2.296000000000000263e+00
-2.294999999999999929e+00
-2.294000000000000039e+00
-2.293000000000000149e+00
-2.291999999999999815e+00
-2.290999999999999925e+00
-2.290000000000000036e+00
-2.289000000000000146e+00
-2.287999999999999812e+00
-2.286999999999999922e+00
-2.286000000000000032e+00
-2.285000000000000142e+00
-2.283999999999999808e+00
-2.282999999999999918e+00
-2.282000000000000028e+00
-2.281000000000000139e+00
-2.279999999999999805e+00
-2.278999999999999915e+00
-2.278000000000000025e+00
-2.277000000000000135e+00
-2.275999999999999801e+00
-2.274999999999999911e+00
-2.274000000000000021e+00
-2.273000000000000131e+00
-2.272000000000000242e+00
-2.270999999999999908e+00
-2.270000000000000018e+00
-2.269000000000000128e+00
-2.268000000000000238e+00
-2.266999999999999904e+00
-2.266000000000000014e+00
-2.265000000000000124e+00
-2.264000000000000234e+00
-2.262999999999999901e+00
-2.262000000000000011e+00
-2.261000000000000121e+00
-2.260000000000000231e+00
-2.258999999999999897e+00
-2.258000000000000007e+00
-2.257000000000000117e+00
-2.256000000000000227e+00
-2.254999999999999893e+00
-2.253999999999999559e+00
-2.253000000000000114e+00
-2.252000000000000224e+00
-2.250999999999999890e+00
-2.249999999999999556e+00
-2.249000000000000110e+00
-2.248000000000000220e+00
-2.246999999999999886e+00
-2.245999999999999552e+00
-2.245000000000000107e+00
-2.244000000000000217e+00
-2.243000000000000327e+00
-2.241999999999999993e+00
-2.240999999999999659e+00
-2.240000000000000213e+00
-2.239000000000000323e+00
-2.237999999999999989e+00
-2.236999999999999655e+00
-2.236000000000000210e+00
-2.235000000000000320e+00
-2.233999999999999986e+00
-2.232999999999999652e+00
-2.232000000000000206e+00
-2.231000000000000316e+00
-2.229999999999999982e+00
-2.228999999999999648e+00
-2.227999999999999758e+00
-2.227000000000000313e+00
-2.225999999999999979e+00
-2.224999999999999645e+00
-2.223999999999999755e+00
-2.223000000000000309e+00
-2.221999999999999975e+00
-2.220999999999999641e+00
-2.219999999999999751e+00
-2.219000000000000306e+00
-2.217999999999999972e+00
-2.217000000000000082e+00
-2.215999999999999748e+00
-2.214999999999999858e+00
-2.214000000000000412e+00
-2.213000000000000078e+00
-2.211999999999999744e+00
-2.210999999999999854e+00
-2.210000000000000409e+00
-2.209000000000000075e+00
-2.207999999999999741e+00
-2.206999999999999851e+00
-2.206000000000000405e+00
-2.205000000000000071e+00
-2.203999999999999737e+00
-2.202999999999999847e+00
-2.202000000000000401e+00
-2.201000000000000068e+00
-2.199999999999999734e+00
-2.198999999999999844e+00
-2.197999999999999954e+00
-2.197000000000000064e+00
-2.195999999999999730e+00
-2.194999999999999840e+00
-2.193999999999999950e+00
-2.193000000000000060e+00
-2.191999999999999726e+00
-2.190999999999999837e+00
-2.189999999999999947e+00
-2.189000000000000501e+00
-2.188000000000000167e+00
-2.186999999999999833e+00
-2.185999999999999943e+00
-2.185000000000000053e+00
-2.184000000000000163e+00
-2.182999999999999829e+00
-2.181999999999999940e+00
-2.181000000000000050e+00
-2.180000000000000160e+00
-2.178999999999999826e+00
-2.177999999999999936e+00
-2.177000000000000046e+00
-2.176000000000000156e+00
-2.174999999999999822e+00
-2.173999999999999932e+00
-2.173000000000000043e+00
-2.172000000000000153e+00
-2.170999999999999819e+00
-2.169999999999999929e+00
-2.169000000000000039e+00
-2.168000000000000149e+00
-2.166999999999999815e+00
-2.165999999999999925e+00
-2.165000000000000036e+00
-2.163999999999999702e+00
-2.162999999999999812e+00
-2.161999999999999922e+00
-2.161000000000000032e+00
-2.160000000000000142e+00
-2.159000000000000252e+00
-2.157999999999999918e+00
-2.157000000000000028e+00
-2.156000000000000139e+00
-2.155000000000000249e+00
-2.153999999999999915e+00
-2.153000000000000025e+00
-2.152000000000000135e+00
-2.151000000000000245e+00
-2.149999999999999911e+00
-2.149000000000000021e+00
-2.148000000000000131e+00
-2.146999999999999797e+00
-2.145999999999999908e+00
-2.145000000000000018e+00
-2.144000000000000128e+00
-2.142999999999999794e+00
-2.141999999999999904e+00
-2.141000000000000014e+00
-2.140000000000000124e+00
-2.138999999999999790e+00
-2.137999999999999901e+00
-2.137000000000000011e+00
-2.136000000000000121e+00
-2.134999999999999787e+00
-2.133999999999999897e+00
-2.133000000000000007e+00
-2.132000000000000117e+00
-2.131000000000000227e+00
-2.129999999999999893e+00
-2.129000000000000004e+00
-2.128000000000000114e+00
-2.127000000000000224e+00
-2.125999999999999890e+00
-2.125000000000000000e+00
-2.124000000000000110e+00
-2.123000000000000220e+00
-2.121999999999999886e+00
-2.120999999999999996e+00
-2.120000000000000107e+00
-2.119000000000000217e+00
-2.117999999999999883e+00
-2.116999999999999993e+00
-2.116000000000000103e+00
-2.115000000000000213e+00
-2.113999999999999879e+00
-2.112999999999999545e+00
-2.112000000000000099e+00
-2.111000000000000210e+00
-2.109999999999999876e+00
-2.108999999999999542e+00
-2.108000000000000096e+00
-2.107000000000000206e+00
-2.106000000000000316e+00
-2.104999999999999982e+00
-2.104000000000000092e+00
-2.103000000000000203e+00
-2.102000000000000313e+00
-2.100999999999999979e+00
-2.100000000000000089e+00
-2.099000000000000199e+00
-2.098000000000000309e+00
-2.096999999999999975e+00
-2.095999999999999641e+00
-2.095000000000000195e+00
-2.094000000000000306e+00
-2.092999999999999972e+00
-2.091999999999999638e+00
-2.091000000000000192e+00
-2.090000000000000302e+00
-2.088999999999999968e+00
-2.087999999999999634e+00
-2.087000000000000188e+00
-2.086000000000000298e+00
-2.084999999999999964e+00
-2.083999999999999631e+00
-2.082999999999999741e+00
-2.082000000000000295e+00
-2.080999999999999961e+00
-2.079999999999999627e+00
-2.078999999999999737e+00
-2.078000000000000291e+00
-2.077000000000000401e+00
-2.076000000000000068e+00
-2.074999999999999734e+00
-2.074000000000000288e+00
-2.073000000000000398e+00
-2.072000000000000064e+00
-2.070999999999999730e+00
-2.069999999999999840e+00
-2.069000000000000394e+00
-2.068000000000000060e+00
-2.066999999999999726e+00
-2.065999999999999837e+00
-2.065000000000000391e+00
-2.064000000000000057e+00
-2.062999999999999723e+00
-2.061999999999999833e+00
-2.061000000000000387e+00
-2.060000000000000053e+00
-2.058999999999999719e+00
-2.057999999999999829e+00
-2.056999999999999940e+00
-2.056000000000000050e+00
-2.054999999999999716e+00
-2.053999999999999826e+00
-2.052999999999999936e+00
-2.052000000000000046e+00
-2.051000000000000156e+00
-2.049999999999999822e+00
-2.048999999999999932e+00
-2.048000000000000487e+00
-2.047000000000000153e+00
-2.045999999999999819e+00
-2.044999999999999929e+00
-2.044000000000000039e+00
-2.043000000000000149e+00
-2.041999999999999815e+00
-2.040999999999999925e+00
-2.040000000000000036e+00
-2.039000000000000146e+00
-2.037999999999999812e+00
-2.036999999999999922e+00
-2.036000000000000032e+00
-2.035000000000000142e+00
-2.033999999999999808e+00
-2.032999999999999918e+00
-2.032000000000000028e+00
-2.031000000000000139e+00
-2.029999999999999805e+00
-2.028999999999999915e+00
-2.028000000000000025e+00
-2.027000000000000135e+00
-2.025999999999999801e+00
-2.024999999999999911e+00
-2.024000000000000021e+00
-2.023000000000000131e+00
-2.022000000000000242e+00
-2.020999999999999908e+00
-2.020000000000000018e+00
-2.019000000000000128e+00
-2.018000000000000238e+00
-2.016999999999999904e+00
-2.016000000000000014e+00
-2.015000000000000124e+00
-2.014000000000000234e+00
-2.012999999999999901e+00
-2.012000000000000011e+00
-2.011000000000000121e+00
-2.010000000000000231e+00
-2.008999999999999897e+00
-2.008000000000000007e+00
-2.007000000000000117e+00
-2.005999999999999783e+00
-2.004999999999999893e+00
-2.004000000000000004e+00
-2.003000000000000114e+00
-2.001999999999999780e+00
-2.000999999999999890e+00
-2.000000000000000000e+00
-1.999000000000000110e+00
-1.997999999999999998e+00
-1.996999999999999664e+00
-1.995999999999999996e+00
-1.995000000000000107e+00
-1.994000000000000217e+00
-1.993000000000000105e+00
-1.991999999999999993e+00
-1.991000000000000103e+00
-1.990000000000000213e+00
-1.989000000000000101e+00
-1.987999999999999767e+00
-1.987000000000000099e+00
-1.986000000000000210e+00
-1.985000000000000098e+00
-1.983999999999999764e+00
-1.983000000000000096e+00
-1.982000000000000206e+00
-1.981000000000000094e+00
-1.979999999999999760e+00
-1.979000000000000092e+00
-1.978000000000000203e+00
-1.976999999999999869e+00
-1.975999999999999757e+00
-1.974999999999999867e+00
-1.974000000000000199e+00
-1.972999999999999865e+00
-1.971999999999999753e+00
-1.970999999999999863e+00
-1.970000000000000195e+00
-1.968999999999999861e+00
-1.968000000000000194e+00
-1.966999999999999860e+00
-1.966000000000000192e+00
-1.965000000000000302e+00
-1.964000000000000190e+00
-1.962999999999999856e+00
-1.961999999999999966e+00
-1.961000000000000298e+00
-1.959999999999999964e+00
-1.958999999999999853e+00
-1.957999999999999963e+00
-1.957000000000000295e+00
-1.955999999999999961e+00
-1.954999999999999849e+00
-1.953999999999999959e+00
-1.953000000000000291e+00
-1.951999999999999957e+00
-1.950999999999999845e+00
-1.949999999999999956e+00
-1.949000000000000066e+00
-1.947999999999999954e+00
-1.946999999999999842e+00
-1.945999999999999952e+00
-1.945000000000000062e+00
-1.943999999999999950e+00
-1.942999999999999838e+00
-1.941999999999999948e+00
-1.941000000000000059e+00
-1.940000000000000391e+00
-1.939000000000000057e+00
-1.937999999999999945e+00
-1.937000000000000055e+00
-1.936000000000000165e+00
-1.935000000000000053e+00
-1.933999999999999941e+00
-1.933000000000000052e+00
-1.932000000000000162e+00
-1.931000000000000050e+00
-1.929999999999999938e+00
-1.929000000000000048e+00
-1.928000000000000158e+00
-1.927000000000000046e+00
-1.925999999999999712e+00
-1.925000000000000044e+00
-1.924000000000000155e+00
-1.923000000000000043e+00
-1.921999999999999709e+00
-1.921000000000000041e+00
-1.920000000000000151e+00
-1.919000000000000039e+00
-1.917999999999999705e+00
-1.917000000000000037e+00
-1.916000000000000147e+00
-1.915000000000000036e+00
-1.913999999999999702e+00
-1.913000000000000034e+00
-1.912000000000000144e+00
-1.911000000000000254e+00
-1.910000000000000142e+00
-1.908999999999999808e+00
-1.908000000000000140e+00
-1.907000000000000250e+00
-1.906000000000000139e+00
-1.904999999999999805e+00
-1.904000000000000137e+00
-1.903000000000000247e+00
-1.902000000000000135e+00
-1.900999999999999801e+00
-1.900000000000000133e+00
-1.899000000000000243e+00
-1.897999999999999909e+00
-1.896999999999999797e+00
-1.895999999999999908e+00
-1.895000000000000240e+00
-1.893999999999999906e+00
-1.892999999999999794e+00
-1.891999999999999904e+00
-1.891000000000000236e+00
-1.889999999999999902e+00
-1.888999999999999790e+00
-1.887999999999999901e+00
-1.887000000000000233e+00
-1.885999999999999899e+00
-1.885000000000000009e+00
-1.883999999999999897e+00
-1.883000000000000007e+00
-1.882000000000000339e+00
-1.881000000000000005e+00
-1.879999999999999893e+00
-1.879000000000000004e+00
-1.878000000000000336e+00
-1.877000000000000002e+00
-1.875999999999999890e+00
-1.875000000000000000e+00
-1.874000000000000332e+00
-1.872999999999999998e+00
-1.871999999999999886e+00
-1.870999999999999996e+00
-1.870000000000000107e+00
-1.868999999999999995e+00
-1.867999999999999883e+00
-1.866999999999999993e+00
-1.866000000000000103e+00
-1.864999999999999991e+00
-1.863999999999999879e+00
-1.862999999999999989e+00
-1.862000000000000099e+00
-1.860999999999999988e+00
-1.859999999999999654e+00
-1.858999999999999986e+00
-1.858000000000000096e+00
-1.856999999999999984e+00
-1.856000000000000094e+00
-1.854999999999999982e+00
-1.854000000000000092e+00
-1.852999999999999980e+00
-1.852000000000000091e+00
-1.850999999999999979e+00
-1.850000000000000089e+00
-1.848999999999999977e+00
-1.848000000000000087e+00
-1.846999999999999753e+00
-1.846000000000000085e+00
-1.844999999999999751e+00
-1.844000000000000083e+00
-1.843000000000000194e+00
-1.842000000000000082e+00
-1.841000000000000192e+00
-1.840000000000000080e+00
-1.839000000000000190e+00
-1.838000000000000078e+00
-1.837000000000000188e+00
-1.836000000000000076e+00
-1.835000000000000187e+00
-1.833999999999999853e+00
-1.833000000000000185e+00
-1.831999999999999851e+00
-1.831000000000000183e+00
-1.829999999999999849e+00
-1.829000000000000181e+00
-1.827999999999999847e+00
-1.827000000000000179e+00
-1.825999999999999845e+00
-1.825000000000000178e+00
-1.823999999999999844e+00
-1.823000000000000176e+00
-1.821999999999999842e+00
-1.820999999999999952e+00
-1.819999999999999840e+00
-1.818999999999999950e+00
-1.817999999999999838e+00
-1.816999999999999948e+00
-1.816000000000000281e+00
-1.814999999999999947e+00
-1.814000000000000279e+00
-1.812999999999999945e+00
-1.812000000000000277e+00
-1.810999999999999943e+00
-1.810000000000000275e+00
-1.808999999999999941e+00
-1.808000000000000052e+00
-1.806999999999999940e+00
-1.806000000000000050e+00
-1.804999999999999938e+00
-1.804000000000000048e+00
-1.802999999999999936e+00
-1.802000000000000046e+00
-1.800999999999999934e+00
-1.800000000000000044e+00
-1.798999999999999932e+00
-1.798000000000000043e+00
-1.796999999999999931e+00
-1.796000000000000041e+00
-1.794999999999999929e+00
-1.794000000000000039e+00
-1.792999999999999927e+00
-1.792000000000000037e+00
-1.790999999999999925e+00
-1.790000000000000036e+00
-1.788999999999999924e+00
-1.788000000000000034e+00
-1.787000000000000144e+00
-1.786000000000000032e+00
-1.785000000000000142e+00
-1.784000000000000030e+00
-1.783000000000000140e+00
-1.782000000000000028e+00
-1.781000000000000139e+00
-1.780000000000000027e+00
-1.779000000000000137e+00
-1.778000000000000025e+00
-1.777000000000000135e+00
-1.776000000000000023e+00
-1.775000000000000133e+00
-1.774000000000000021e+00
-1.773000000000000131e+00
-1.772000000000000020e+00
-1.771000000000000130e+00
-1.769999999999999796e+00
-1.769000000000000128e+00
-1.767999999999999794e+00
-1.767000000000000126e+00
-1.765999999999999792e+00
-1.765000000000000124e+00
-1.763999999999999790e+00
-1.763000000000000123e+00
-1.761999999999999789e+00
-1.761000000000000121e+00
-1.760000000000000231e+00
-1.759000000000000119e+00
-1.758000000000000229e+00
-1.756999999999999895e+00
-1.756000000000000227e+00
-1.754999999999999893e+00
-1.754000000000000226e+00
-1.752999999999999892e+00
-1.752000000000000224e+00
-1.750999999999999890e+00
-1.750000000000000222e+00
-1.748999999999999888e+00
-1.748000000000000220e+00
-1.746999999999999886e+00
-1.746000000000000218e+00
-1.744999999999999885e+00
-1.743999999999999995e+00
-1.742999999999999883e+00
-1.741999999999999993e+00
-1.740999999999999881e+00
-1.739999999999999991e+00
-1.738999999999999879e+00
-1.737999999999999989e+00
-1.736999999999999877e+00
-1.735999999999999988e+00
-1.734999999999999876e+00
-1.733999999999999986e+00
-1.733000000000000318e+00
-1.731999999999999984e+00
-1.731000000000000094e+00
-1.729999999999999982e+00
-1.729000000000000092e+00
-1.727999999999999980e+00
-1.727000000000000091e+00
-1.725999999999999979e+00
-1.725000000000000089e+00
-1.723999999999999977e+00
-1.723000000000000087e+00
-1.721999999999999975e+00
-1.721000000000000085e+00
-1.719999999999999973e+00
-1.719000000000000083e+00
-1.717999999999999972e+00
-1.717000000000000082e+00
-1.715999999999999970e+00
-1.715000000000000080e+00
-1.713999999999999968e+00
-1.713000000000000078e+00
-1.711999999999999966e+00
-1.711000000000000076e+00
-1.709999999999999964e+00
-1.709000000000000075e+00
-1.707999999999999963e+00
-1.707000000000000073e+00
-1.705999999999999739e+00
-1.705000000000000071e+00
-1.704000000000000181e+00
-1.703000000000000069e+00
-1.702000000000000179e+00
-1.701000000000000068e+00
-1.700000000000000178e+00
-1.699000000000000066e+00
-1.698000000000000176e+00
-1.697000000000000064e+00
-1.696000000000000174e+00
-1.695000000000000062e+00
-1.694000000000000172e+00
-1.692999999999999838e+00
-1.692000000000000171e+00
-1.690999999999999837e+00
-1.690000000000000169e+00
-1.688999999999999835e+00
-1.688000000000000167e+00
-1.686999999999999833e+00
-1.686000000000000165e+00
-1.684999999999999831e+00
-1.684000000000000163e+00
-1.682999999999999829e+00
-1.682000000000000162e+00
-1.680999999999999828e+00
-1.679999999999999938e+00
-1.678999999999999826e+00
-1.677999999999999936e+00
-1.677000000000000268e+00
-1.675999999999999934e+00
-1.675000000000000266e+00
-1.673999999999999932e+00
-1.673000000000000265e+00
-1.671999999999999931e+00
-1.671000000000000263e+00
-1.669999999999999929e+00
-1.669000000000000261e+00
-1.667999999999999927e+00
-1.667000000000000037e+00
-1.665999999999999925e+00
-1.665000000000000036e+00
-1.663999999999999924e+00
-1.663000000000000034e+00
-1.661999999999999922e+00
-1.661000000000000032e+00
-1.659999999999999920e+00
-1.659000000000000030e+00
-1.657999999999999918e+00
-1.657000000000000028e+00
-1.655999999999999917e+00
-1.655000000000000027e+00
-1.653999999999999915e+00
-1.653000000000000025e+00
-1.651999999999999913e+00
-1.651000000000000023e+00
-1.650000000000000133e+00
-1.649000000000000021e+00
-1.648000000000000131e+00
-1.647000000000000020e+00
-1.646000000000000130e+00
-1.645000000000000018e+00
-1.644000000000000128e+00
-1.643000000000000016e+00
-1.642000000000000126e+00
-1.641000000000000014e+00
-1.640000000000000124e+00
-1.639000000000000012e+00
-1.638000000000000123e+00
-1.637000000000000011e+00
-1.636000000000000121e+00
-1.635000000000000009e+00
-1.634000000000000119e+00
-1.633000000000000007e+00
-1.632000000000000117e+00
-1.631000000000000005e+00
-1.630000000000000115e+00
-1.628999999999999782e+00
-1.628000000000000114e+00
-1.626999999999999780e+00
-1.626000000000000112e+00
-1.624999999999999778e+00
-1.624000000000000110e+00
-1.622999999999999776e+00
-1.622000000000000108e+00
-1.621000000000000218e+00
-1.620000000000000107e+00
-1.619000000000000217e+00
-1.618000000000000105e+00
-1.617000000000000215e+00
-1.615999999999999881e+00
-1.615000000000000213e+00
-1.613999999999999879e+00
-1.613000000000000211e+00
-1.611999999999999877e+00
-1.611000000000000210e+00
-1.609999999999999876e+00
-1.609000000000000208e+00
-1.607999999999999874e+00
-1.607000000000000206e+00
-1.605999999999999872e+00
-1.605000000000000204e+00
-1.603999999999999870e+00
-1.602999999999999980e+00
-1.601999999999999869e+00
-1.600999999999999979e+00
-1.599999999999999867e+00
-1.598999999999999977e+00
-1.597999999999999865e+00
-1.596999999999999975e+00
-1.595999999999999863e+00
-1.594999999999999973e+00
-1.594000000000000306e+00
-1.592999999999999972e+00
-1.592000000000000304e+00
-1.590999999999999970e+00
-1.590000000000000080e+00
-1.588999999999999968e+00
-1.588000000000000078e+00
-1.586999999999999966e+00
-1.586000000000000076e+00
-1.584999999999999964e+00
-1.584000000000000075e+00
-1.582999999999999963e+00
-1.582000000000000073e+00
-1.580999999999999961e+00
-1.580000000000000071e+00
-1.578999999999999959e+00
-1.578000000000000069e+00
-1.576999999999999957e+00
-1.576000000000000068e+00
-1.574999999999999956e+00
-1.574000000000000066e+00
-1.572999999999999954e+00
-1.572000000000000064e+00
-1.570999999999999952e+00
-1.570000000000000062e+00
-1.568999999999999950e+00
-1.568000000000000060e+00
-1.567000000000000171e+00
-1.566000000000000059e+00
-1.565000000000000169e+00
-1.564000000000000057e+00
-1.563000000000000167e+00
-1.562000000000000055e+00
-1.561000000000000165e+00
-1.560000000000000053e+00
-1.559000000000000163e+00
-1.558000000000000052e+00
-1.557000000000000162e+00
-1.556000000000000050e+00
-1.555000000000000160e+00
-1.554000000000000048e+00
-1.553000000000000158e+00
-1.551999999999999824e+00
-1.551000000000000156e+00
-1.549999999999999822e+00
-1.549000000000000155e+00
-1.547999999999999821e+00
-1.547000000000000153e+00
-1.545999999999999819e+00
-1.545000000000000151e+00
-1.543999999999999817e+00
-1.543000000000000149e+00
-1.541999999999999815e+00
-1.541000000000000147e+00
-1.539999999999999813e+00
-1.538999999999999924e+00
-1.538000000000000256e+00
-1.536999999999999922e+00
-1.536000000000000254e+00
-1.534999999999999920e+00
-1.534000000000000252e+00
-1.532999999999999918e+00
-1.532000000000000250e+00
-1.530999999999999917e+00
-1.530000000000000249e+00
-1.528999999999999915e+00
-1.528000000000000247e+00
-1.526999999999999913e+00
-1.526000000000000245e+00
-1.524999999999999911e+00
-1.524000000000000021e+00
-1.522999999999999909e+00
-1.522000000000000020e+00
-1.520999999999999908e+00
-1.520000000000000018e+00
-1.518999999999999906e+00
-1.518000000000000016e+00
-1.516999999999999904e+00
-1.516000000000000014e+00
-1.514999999999999902e+00
-1.514000000000000012e+00
-1.512999999999999901e+00
-1.512000000000000011e+00
-1.511000000000000121e+00
-1.510000000000000009e+00
-1.509000000000000119e+00
-1.508000000000000007e+00
-1.507000000000000117e+00
-1.506000000000000005e+00
-1.505000000000000115e+00
-1.504000000000000004e+00
-1.503000000000000114e+00
-1.502000000000000002e+00
-1.501000000000000112e+00
-1.500000000000000000e+00
-1.499000000000000110e+00
-1.497999999999999998e+00
-1.497000000000000108e+00
-1.495999999999999996e+00
-1.495000000000000107e+00
-1.493999999999999995e+00
-1.493000000000000105e+00
-1.491999999999999993e+00
-1.491000000000000103e+00
-1.489999999999999991e+00
-1.489000000000000101e+00
-1.487999999999999767e+00
-1.487000000000000099e+00
-1.485999999999999766e+00
-1.485000000000000098e+00
-1.484000000000000208e+00
-1.483000000000000096e+00
-1.482000000000000206e+00
-1.481000000000000094e+00
-1.480000000000000204e+00
-1.479000000000000092e+00
-1.478000000000000203e+00
-1.477000000000000091e+00
-1.476000000000000201e+00
-1.475000000000000089e+00
-1.474000000000000199e+00
-1.472999999999999865e+00
-1.472000000000000197e+00
-1.470999999999999863e+00
-1.470000000000000195e+00
-1.468999999999999861e+00
-1.468000000000000194e+00
-1.466999999999999860e+00
-1.466000000000000192e+00
-1.464999999999999858e+00
-1.464000000000000190e+00
-1.462999999999999856e+00
-1.462000000000000188e+00
-1.460999999999999854e+00
-1.459999999999999964e+00
-1.458999999999999853e+00
-1.457999999999999963e+00
-1.456999999999999851e+00
-1.455999999999999961e+00
-1.455000000000000293e+00
-1.453999999999999959e+00
-1.453000000000000291e+00
-1.451999999999999957e+00
-1.451000000000000290e+00
-1.449999999999999956e+00
-1.449000000000000288e+00
-1.447999999999999954e+00
-1.447000000000000064e+00
-1.445999999999999952e+00
-1.445000000000000062e+00
-1.443999999999999950e+00
-1.443000000000000060e+00
-1.441999999999999948e+00
-1.441000000000000059e+00
-1.439999999999999947e+00
-1.439000000000000057e+00
-1.437999999999999945e+00
-1.437000000000000055e+00
-1.435999999999999943e+00
-1.435000000000000053e+00
-1.433999999999999941e+00
-1.433000000000000052e+00
-1.431999999999999940e+00
-1.431000000000000050e+00
-1.429999999999999938e+00
-1.429000000000000048e+00
-1.428000000000000158e+00
-1.427000000000000046e+00
-1.426000000000000156e+00
-1.425000000000000044e+00
-1.424000000000000155e+00
-1.423000000000000043e+00
-1.422000000000000153e+00
-1.421000000000000041e+00
-1.420000000000000151e+00
-1.419000000000000039e+00
-1.418000000000000149e+00
-1.417000000000000037e+00
-1.416000000000000147e+00
-1.415000000000000036e+00
-1.414000000000000146e+00
-1.413000000000000034e+00
-1.412000000000000144e+00
-1.411000000000000032e+00
-1.410000000000000142e+00
-1.408999999999999808e+00
-1.408000000000000140e+00
-1.406999999999999806e+00
-1.406000000000000139e+00
-1.404999999999999805e+00
-1.404000000000000137e+00
-1.402999999999999803e+00
-1.402000000000000135e+00
-1.401000000000000245e+00
-1.400000000000000133e+00
-1.399000000000000243e+00
-1.398000000000000131e+00
-1.397000000000000242e+00
-1.395999999999999908e+00
-1.395000000000000240e+00
-1.393999999999999906e+00
-1.393000000000000238e+00
-1.391999999999999904e+00
-1.391000000000000236e+00
-1.389999999999999902e+00
-1.389000000000000234e+00
-1.387999999999999901e+00
-1.387000000000000233e+00
-1.385999999999999899e+00
-1.385000000000000231e+00
-1.383999999999999897e+00
-1.383000000000000007e+00
-1.381999999999999895e+00
-1.381000000000000005e+00
-1.379999999999999893e+00
-1.379000000000000004e+00
-1.377999999999999892e+00
-1.377000000000000002e+00
-1.375999999999999890e+00
-1.375000000000000000e+00
-1.373999999999999888e+00
-1.372999999999999998e+00
-1.372000000000000330e+00
-1.370999999999999996e+00
-1.370000000000000107e+00
-1.368999999999999995e+00
-1.368000000000000105e+00
-1.366999999999999993e+00
-1.366000000000000103e+00
-1.364999999999999991e+00
-1.364000000000000101e+00
-1.362999999999999989e+00
-1.362000000000000099e+00
