1.999995381870814937e+00
2.999995381870814715e+00
3.999995381870815603e+00
4.999995381870815159e+00
5.999995381870814271e+00
6.999995381870814271e+00
7.999995381870813382e+00
8.999995381870812494e+00
9.999995381870814271e+00
1.099999538187081427e+01
1.199999538187081427e+01
1.299999538187081427e+01
1.399999538187081782e+01
1.499999538187081427e+01
1.599999538187081605e+01
1.699999538187081782e+01
1.799999538187081427e+01
1.899999538187081427e+01
1.999999538187081427e+01
2.099999538187081427e+01
2.199999538187081427e+01
2.299999538187081427e+01
2.399999538187081072e+01
2.499999538187081427e+01
2.599999538187081427e+01
2.699999538187081072e+01
2.799999538187081072e+01
2.899999538187081072e+01
2.999999538187081072e+01
3.099999538187081072e+01
3.199999538187081072e+01
3.299999538187081072e+01
3.399999538187081072e+01
3.499999538187081072e+01
3.599999538187080361e+01
3.699999538187080361e+01
3.799999538187081072e+01
3.899999538187081072e+01
3.999999538187081072e+01
4.099999538187081072e+01
4.199999538187081072e+01
4.299999538187081072e+01
4.399999538187081072e+01
4.499999538187081072e+01
4.599999538187081782e+01
4.699999538187081782e+01
4.799999538187081072e+01
4.899999538187081072e+01
4.999999538187081072e+01
5.099999538187081072e+01
5.199999538187081072e+01
5.299999538187081072e+01
5.399999538187081782e+01
5.499999538187081072e+01
5.599999538187081782e+01
5.699999538187081072e+01
5.799999538187080361e+01
5.899999538187081072e+01
5.999999538187080361e+01
6.099999538187081072e+01
6.199999538187081072e+01
6.299999538187081782e+01
6.399999538187081782e+01
6.499999538187080361e+01
6.599999538187081782e+01
6.699999538187080361e+01
6.799999538187081782e+01
6.899999538187080361e+01
6.999999538187081782e+01
7.099999538187080361e+01
7.199999538187080361e+01
7.299999538187081782e+01
7.399999538187081782e+01
7.499999538187081782e+01
7.599999538187081782e+01
7.699999538187080361e+01
7.799999538187081782e+01
7.899999538187080361e+01
7.999999538187081782e+01
8.099999538187080361e+01
8.199999538187081782e+01
8.299999538187080361e+01
8.399999538187080361e+01
8.499999538187080361e+01
8.599999538187080361e+01
8.699999538187080361e+01
8.799999538187080361e+01
8.899999538187081782e+01
8.999999538187081782e+01
9.099999538187080361e+01
9.199999538187081782e+01
9.299999538187080361e+01
9.399999538187081782e+01
9.499999538187080361e+01
9.599999538187080361e+01
9.699999538187080361e+01
9.799999538187080361e+01
9.899999538187080361e+01
9.999999538187080361e+01
1.009999953818708036e+02
1.019999953818708036e+02
1.029999953818707894e+02
1.039999953818708036e+02
1.049999953818708036e+02
1.059999953818708178e+02
1.069999953818708178e+02
1.079999953818708320e+02
1.089999953818708036e+02
1.099999953818708178e+02
1.109999953818708178e+02
1.119999953818708320e+02
1.129999953818708036e+02
1.139999953818708178e+02
1.149999953818708178e+02
1.159999953818708036e+02
1.169999953818708036e+02
1.179999953818708178e+02
1.189999953818708178e+02
1.199999953818708178e+02
1.209999953818708178e+02
1.219999953818708320e+02
1.229999953818708178e+02
1.239999953818708178e+02
1.249999953818708178e+02
1.259999953818708178e+02
1.269999953818708178e+02
1.279999953818708178e+02
1.289999953818708320e+02
1.299999953818708320e+02
1.309999953818708320e+02
1.319999953818708320e+02
1.329999953818708320e+02
1.339999953818708320e+02
1.349999953818708320e+02
1.359999953818708320e+02
1.369999953818708036e+02
1.379999953818708320e+02
1.389999953818708320e+02
1.399999953818708320e+02
1.409999953818708036e+02
1.419999953818708320e+02
1.429999953818708320e+02
1.439999953818708036e+02
1.449999953818708036e+02
1.459999953818708320e+02
1.469999953818708320e+02
1.479999953818708036e+02
1.489999953818708036e+02
1.499999953818708320e+02
1.509999953818708036e+02
1.519999953818708036e+02
1.529999953818708036e+02
1.539999953818708036e+02
1.549999953818708036e+02
1.559999953818708036e+02
1.569999953818708036e+02
1.579999953818708036e+02
1.589999953818708036e+02
1.599999953818708320e+02
1.609999953818708320e+02
1.619999953818708320e+02
1.629999953818708320e+02
1.639999953818708320e+02
1.649999953818708036e+02
1.659999953818708320e+02
1.669999953818708320e+02
1.679999953818708036e+02
1.689999953818708036e+02
1.699999953818708320e+02
1.709999953818708320e+02
1.719999953818708036e+02
1.729999953818708036e+02
1.739999953818708320e+02
1.749999953818708036e+02
1.759999953818708036e+02
1.769999953818708036e+02
1.779999953818708320e+02
1.789999953818708036e+02
1.799999953818708036e+02
1.809999953818708036e+02
1.819999953818708036e+02
1.829999953818708036e+02
1.839999953818708036e+02
1.849999953818708036e+02
1.859999953818708036e+02
1.869999953818708036e+02
1.879999953818708036e+02
1.889999953818708036e+02
1.899999953818708036e+02
1.909999953818708320e+02
1.919999953818708036e+02
1.929999953818708320e+02
1.939999953818708320e+02
1.949999953818708320e+02
1.959999953818708036e+02
1.969999953818708320e+02
1.979999953818708320e+02
1.989999953818708036e+02
1.999999953818708036e+02
