1.999995381870814937e+00
3.999995381870815603e+00
5.999995381870814271e+00
7.999995381870813382e+00
9.999995381870814271e+00
1.199999538187081427e+01
1.399999538187081782e+01
1.599999538187081605e+01
1.799999538187081427e+01
1.999999538187081427e+01
2.199999538187081427e+01
2.399999538187081072e+01
2.599999538187081427e+01
2.799999538187081072e+01
2.999999538187081072e+01
3.199999538187081072e+01
3.399999538187081072e+01
3.599999538187080361e+01
3.799999538187081072e+01
3.999999538187081072e+01
4.199999538187081072e+01
4.399999538187081072e+01
4.599999538187081782e+01
4.799999538187081072e+01
4.999999538187081072e+01
5.199999538187081072e+01
5.399999538187081782e+01
5.599999538187081782e+01
5.799999538187080361e+01
5.999999538187080361e+01
6.199999538187081072e+01
6.399999538187081782e+01
6.599999538187081782e+01
6.799999538187081782e+01
6.999999538187081782e+01
7.199999538187080361e+01
7.399999538187081782e+01
7.599999538187081782e+01
7.799999538187081782e+01
7.999999538187081782e+01
8.199999538187081782e+01
8.399999538187080361e+01
8.599999538187080361e+01
8.799999538187080361e+01
8.999999538187081782e+01
9.199999538187081782e+01
9.399999538187081782e+01
9.599999538187080361e+01
9.799999538187080361e+01
9.999999538187080361e+01
1.019999953818708036e+02
1.039999953818708036e+02
1.059999953818708178e+02
1.079999953818708320e+02
1.099999953818708178e+02
1.119999953818708320e+02
1.139999953818708178e+02
1.159999953818708036e+02
1.179999953818708178e+02
1.199999953818708178e+02
1.219999953818708320e+02
1.239999953818708178e+02
1.259999953818708178e+02
1.279999953818708178e+02
1.299999953818708320e+02
1.319999953818708320e+02
1.339999953818708320e+02
1.359999953818708320e+02
1.379999953818708320e+02
1.399999953818708320e+02
1.419999953818708320e+02
1.439999953818708036e+02
1.459999953818708320e+02
1.479999953818708036e+02
1.499999953818708320e+02
1.519999953818708036e+02
1.539999953818708036e+02
1.559999953818708036e+02
1.579999953818708036e+02
1.599999953818708320e+02
1.619999953818708320e+02
1.639999953818708320e+02
1.659999953818708320e+02
1.679999953818708036e+02
1.699999953818708320e+02
1.719999953818708036e+02
1.739999953818708320e+02
1.759999953818708036e+02
1.779999953818708320e+02
1.799999953818708036e+02
1.819999953818708036e+02
1.839999953818708036e+02
1.859999953818708036e+02
1.879999953818708036e+02
1.899999953818708036e+02
1.919999953818708036e+02
1.939999953818708320e+02
1.959999953818708036e+02
1.979999953818708320e+02
1.999999953818708036e+02
