5.924772721192101521e+00
5.926772721192101301e+00
5.928772721192101081e+00
5.930772721192101748e+00
5.932772721192100640e+00
5.934772721192101308e+00
5.936772721192101088e+00
5.938772721192101756e+00
5.940772721192100647e+00
5.942772721192101315e+00
5.944772721192101095e+00
5.946772721192101763e+00
5.948772721192101542e+00
5.950772721192101322e+00
5.952772721192101102e+00
5.954772721192101770e+00
5.956772721192101550e+00
5.958772721192101329e+00
5.960772721192101109e+00
5.962772721192101777e+00
5.964772721192101557e+00
5.966772721192101336e+00
5.968772721192101116e+00
5.970772721192101784e+00
5.972772721192101564e+00
5.974772721192101343e+00
5.976772721192101123e+00
5.978772721192101791e+00
5.980772721192101571e+00
5.982772721192101351e+00
5.984772721192101130e+00
5.986772721192100910e+00
5.988772721192101578e+00
5.990772721192101358e+00
5.992772721192101137e+00
5.994772721192100917e+00
5.996772721192101585e+00
5.998772721192101365e+00
6.000772721192101145e+00
6.002772721192100924e+00
6.004772721192101592e+00
6.006772721192101372e+00
6.008772721192101152e+00
6.010772721192100931e+00
6.012772721192101599e+00
6.014772721192101379e+00
6.016772721192101159e+00
6.018772721192100938e+00
6.020772721192101606e+00
6.022772721192101386e+00
6.024772721192102054e+00
6.026772721192100946e+00
6.028772721192101613e+00
6.030772721192101393e+00
6.032772721192102061e+00
6.034772721192100953e+00
6.036772721192101621e+00
6.038772721192101400e+00
6.040772721192101180e+00
6.042772721192100960e+00
6.044772721192100740e+00
6.046772721192101407e+00
6.048772721192101187e+00
6.050772721192101855e+00
6.052772721192100747e+00
6.054772721192101415e+00
6.056772721192101194e+00
6.058772721192101862e+00
6.060772721192100754e+00
6.062772721192101422e+00
6.064772721192101201e+00
6.066772721192101869e+00
6.068772721192100761e+00
6.070772721192101429e+00
6.072772721192101208e+00
6.074772721192101876e+00
6.076772721192101656e+00
6.078772721192101436e+00
6.080772721192101216e+00
6.082772721192101884e+00
6.084772721192101663e+00
6.086772721192101443e+00
6.088772721192101223e+00
6.090772721192101891e+00
6.092772721192101670e+00
6.094772721192100562e+00
6.096772721192101230e+00
6.098772721192101010e+00
6.100772721192101677e+00
6.102772721192101457e+00
6.104772721192101237e+00
6.106772721192101017e+00
6.108772721192101685e+00
6.110772721192101464e+00
6.112772721192101244e+00
6.114772721192101024e+00
6.116772721192101692e+00
6.118772721192101471e+00
6.120772721192101251e+00
6.122772721192101031e+00
6.124772721192101699e+00
6.126772721192101478e+00
6.128772721192101258e+00
6.130772721192101038e+00
6.132772721192101706e+00
6.134772721192101486e+00
6.136772721192101265e+00
6.138772721192101045e+00
6.140772721192101713e+00
6.142772721192101493e+00
6.144772721192101272e+00
6.146772721192101052e+00
6.148772721192100832e+00
6.150772721192101500e+00
6.152772721192101280e+00
6.154772721192101059e+00
6.156772721192100839e+00
6.158772721192101507e+00
6.160772721192101287e+00
6.162772721192101066e+00
6.164772721192100846e+00
6.166772721192101514e+00
6.168772721192101294e+00
6.170772721192101073e+00
6.172772721192100853e+00
6.174772721192101521e+00
6.176772721192101301e+00
6.178772721192101969e+00
6.180772721192100860e+00
6.182772721192101528e+00
6.184772721192101308e+00
6.186772721192101976e+00
6.188772721192100867e+00
6.190772721192101535e+00
6.192772721192101315e+00
6.194772721192101983e+00
6.196772721192100875e+00
6.198772721192101542e+00
6.200772721192101322e+00
6.202772721192101990e+00
6.204772721192101770e+00
6.206772721192100661e+00
6.208772721192101329e+00
6.210772721192101109e+00
6.212772721192101777e+00
6.214772721192100668e+00
6.216772721192101336e+00
6.218772721192101116e+00
6.220772721192101784e+00
6.222772721192100676e+00
6.224772721192101343e+00
6.226772721192101123e+00
6.228772721192101791e+00
6.230772721192101571e+00
6.232772721192101351e+00
6.234772721192101130e+00
6.236772721192101798e+00
6.238772721192101578e+00
6.240772721192101358e+00
6.242772721192101137e+00
6.244772721192101805e+00
6.246772721192101585e+00
6.248772721192101365e+00
6.250772721192101145e+00
6.252772721192101812e+00
6.254772721192101592e+00
6.256772721192101372e+00
6.258772721192101152e+00
6.260772721192101820e+00
6.262772721192101599e+00
6.264772721192101379e+00
6.266772721192101159e+00
6.268772721192100938e+00
6.270772721192101606e+00
6.272772721192101386e+00
6.274772721192101166e+00
6.276772721192100946e+00
6.278772721192101613e+00
6.280772721192101393e+00
6.282772721192101173e+00
6.284772721192100953e+00
6.286772721192101621e+00
6.288772721192101400e+00
6.290772721192101180e+00
6.292772721192100960e+00
6.294772721192101628e+00
6.296772721192101407e+00
6.298772721192101187e+00
6.300772721192100967e+00
6.302772721192101635e+00
6.304772721192101415e+00
6.306772721192102082e+00
6.308772721192100974e+00
6.310772721192101642e+00
6.312772721192101422e+00
6.314772721192101201e+00
6.316772721192100981e+00
6.318772721192100761e+00
6.320772721192101429e+00
6.322772721192101208e+00
6.324772721192100988e+00
6.326772721192100768e+00
6.328772721192101436e+00
6.330772721192101216e+00
6.332772721192101884e+00
6.334772721192100775e+00
6.336772721192101443e+00
6.338772721192101223e+00
6.340772721192101891e+00
6.342772721192100782e+00
6.344772721192101450e+00
6.346772721192101230e+00
6.348772721192101898e+00
6.350772721192100789e+00
6.352772721192101457e+00
6.354772721192101237e+00
6.356772721192101905e+00
6.358772721192101685e+00
6.360772721192101464e+00
6.362772721192101244e+00
6.364772721192101024e+00
6.366772721192101692e+00
6.368772721192101471e+00
6.370772721192101251e+00
6.372772721192101031e+00
6.374772721192101699e+00
6.376772721192100590e+00
6.378772721192101258e+00
6.380772721192101038e+00
6.382772721192101706e+00
6.384772721192101486e+00
6.386772721192101265e+00
6.388772721192101045e+00
6.390772721192101713e+00
6.392772721192101493e+00
6.394772721192101272e+00
6.396772721192101052e+00
6.398772721192101720e+00
6.400772721192101500e+00
6.402772721192101280e+00
6.404772721192101059e+00
6.406772721192101727e+00
6.408772721192101507e+00
6.410772721192101287e+00
6.412772721192101066e+00
6.414772721192101734e+00
6.416772721192101514e+00
6.418772721192101294e+00
6.420772721192101073e+00
6.422772721192100853e+00
6.424772721192101521e+00
6.426772721192101301e+00
6.428772721192101081e+00
6.430772721192100860e+00
6.432772721192101528e+00
6.434772721192101308e+00
6.436772721192101088e+00
6.438772721192100867e+00
6.440772721192101535e+00
6.442772721192101315e+00
6.444772721192101095e+00
6.446772721192100875e+00
6.448772721192101542e+00
6.450772721192101322e+00
6.452772721192101102e+00
6.454772721192100882e+00
6.456772721192101550e+00
6.458772721192101329e+00
6.460772721192101997e+00
6.462772721192100889e+00
6.464772721192101557e+00
6.466772721192101336e+00
6.468772721192102004e+00
6.470772721192100896e+00
6.472772721192101564e+00
6.474772721192101343e+00
6.476772721192102011e+00
6.478772721192100903e+00
6.480772721192100683e+00
6.482772721192101351e+00
6.484772721192102019e+00
6.486772721192101798e+00
6.488772721192100690e+00
6.490772721192101358e+00
6.492772721192101137e+00
6.494772721192101805e+00
6.496772721192100697e+00
6.498772721192101365e+00
6.500772721192101145e+00
6.502772721192101812e+00
6.504772721192100704e+00
6.506772721192101372e+00
6.508772721192101152e+00
6.510772721192101820e+00
6.512772721192101599e+00
6.514772721192101379e+00
6.516772721192101159e+00
6.518772721192101827e+00
6.520772721192101606e+00
6.522772721192101386e+00
6.524772721192101166e+00
6.526772721192101834e+00
6.528772721192101613e+00
6.530772721192100505e+00
6.532772721192101173e+00
6.534772721192101841e+00
6.536772721192101621e+00
6.538772721192101400e+00
6.540772721192101180e+00
6.542772721192100960e+00
6.544772721192101628e+00
6.546772721192101407e+00
6.548772721192101187e+00
6.550772721192100967e+00
6.552772721192101635e+00
6.554772721192101415e+00
6.556772721192101194e+00
6.558772721192100974e+00
6.560772721192101642e+00
6.562772721192101422e+00
6.564772721192101201e+00
6.566772721192100981e+00
6.568772721192101649e+00
6.570772721192101429e+00
6.572772721192101208e+00
6.574772721192100988e+00
6.576772721192101656e+00
6.578772721192101436e+00
6.580772721192101216e+00
6.582772721192100995e+00
6.584772721192101663e+00
6.586772721192101443e+00
6.588772721192101223e+00
6.590772721192101002e+00
6.592772721192101670e+00
6.594772721192101450e+00
6.596772721192101230e+00
6.598772721192101010e+00
6.600772721192100789e+00
6.602772721192101457e+00
6.604772721192101237e+00
6.606772721192101017e+00
6.608772721192100796e+00
6.610772721192101464e+00
6.612772721192101244e+00
6.614772721192101912e+00
6.616772721192100803e+00
6.618772721192101471e+00
6.620772721192101251e+00
6.622772721192101919e+00
6.624772721192100811e+00
6.626772721192101478e+00
6.628772721192101258e+00
6.630772721192101926e+00
6.632772721192100818e+00
6.634772721192101486e+00
6.636772721192101265e+00
6.638772721192101933e+00
6.640772721192101713e+00
6.642772721192101493e+00
6.644772721192101272e+00
6.646772721192101052e+00
6.648772721192101720e+00
6.650772721192101500e+00
6.652772721192101280e+00
6.654772721192101059e+00
6.656772721192101727e+00
6.658772721192100619e+00
6.660772721192101287e+00
6.662772721192101066e+00
6.664772721192101734e+00
6.666772721192100626e+00
6.668772721192101294e+00
6.670772721192101073e+00
6.672772721192101741e+00
6.674772721192101521e+00
6.676772721192101301e+00
6.678772721192101081e+00
6.680772721192101748e+00
6.682772721192101528e+00
6.684772721192101308e+00
6.686772721192101088e+00
6.688772721192101756e+00
6.690772721192101535e+00
6.692772721192101315e+00
6.694772721192101095e+00
6.696772721192100875e+00
6.698772721192101542e+00
6.700772721192101322e+00
6.702772721192101102e+00
6.704772721192100882e+00
6.706772721192101550e+00
6.708772721192101329e+00
6.710772721192101109e+00
6.712772721192100889e+00
6.714772721192101557e+00
6.716772721192101336e+00
6.718772721192101116e+00
6.720772721192100896e+00
6.722772721192101564e+00
6.724772721192101343e+00
6.726772721192101123e+00
6.728772721192100903e+00
6.730772721192101571e+00
