2.598076211353318385e-02
3.464101615137758078e-02
5.196152422706636770e-02
6.928203230275505053e-02
7.794228634059945093e-02
9.526279441628823785e-02
1.125833024919770387e-01
1.212435565298214113e-01
1.385640646055102121e-01
1.558845726811989019e-01
1.645448267190433023e-01
1.818653347947321031e-01
1.991858428704208483e-01
2.078460969082652765e-01
2.251666049839540773e-01
2.424871130596428226e-01
2.511473670974872507e-01
2.684678751731760515e-01
2.857883832488647968e-01
2.944486372867092250e-01
3.117691453623979148e-01
3.290896534380867156e-01
3.377499074759310882e-01
3.550704155516198890e-01
3.723909236273085788e-01
3.810511776651529514e-01
3.983716857408416967e-01
4.156921938165305530e-01
4.243524478543749257e-01
7.014805770653953498e-01
7.188010851410840951e-01
7.274613391789284123e-01
7.447818472546172686e-01
7.621023553303060138e-01
7.707626093681504420e-01
7.880831174438391873e-01
8.054036255195280436e-01
8.140638795573723607e-01
8.313843876330611060e-01
8.487048957087498513e-01
8.573651497465941684e-01
8.660254037844385966e-01
8.760254037844386055e-01
8.960254037844386232e-01
9.160254037844386410e-01
9.260254037844386499e-01
9.460254037844385566e-01
9.660254037844385744e-01
9.760254037844385833e-01
9.960254037844386010e-01
1.476025403784438694e+00
1.496025403784438712e+00
1.516025403784438730e+00
1.526025403784438517e+00
1.546025403784438534e+00
1.556025403784438765e+00
1.576025403784438561e+00
1.596025403784438579e+00
1.616025403784438597e+00
1.626025403784438605e+00
1.646025403784438623e+00
1.666025403784438641e+00
1.676025403784438650e+00
1.696025403784438668e+00
1.716025403784438463e+00
1.726025403784438694e+00
1.746025403784438712e+00
1.766025403784438730e+00
1.776025403784438517e+00
1.796025403784438534e+00
1.806025403784438765e+00
1.826025403784438561e+00
1.846025403784438579e+00
