-9.999858607597768290e-02
1.413924022325996964e-06
1.000014139240223143e-01
2.000014139240223476e-01
3.000014139240223532e-01
4.000014139240223310e-01
5.000014139240223088e-01
6.000014139240223976e-01
7.000014139240223754e-01
8.000014139240223532e-01
9.000014139240223310e-01
1.000001413924022309e+00
1.100001413924022176e+00
1.200001413924022486e+00
1.300001413924022575e+00
1.400001413924022442e+00
1.500001413924022309e+00
1.600001413924022398e+00
1.700001413924022264e+00
1.800001413924022131e+00
1.900001413924022442e+00
2.000001413924022309e+00
2.100001413924022398e+00
2.200001413924022042e+00
2.300001413924022131e+00
2.400001413924022220e+00
2.500001413924022309e+00
2.600001413924022398e+00
2.700001413924022486e+00
2.800001413924022131e+00
2.900001413924021776e+00
3.000001413924022309e+00
3.100001413924021954e+00
3.200001413924022486e+00
3.300001413924022131e+00
3.400001413924022664e+00
3.500001413924022753e+00
3.600001413924022398e+00
3.700001413924022486e+00
3.800001413924022575e+00
3.900001413924022220e+00
4.000001413924022309e+00
4.100001413924022842e+00
4.200001413924022486e+00
4.300001413924022131e+00
4.400001413924022664e+00
4.500001413924022309e+00
4.600001413924022842e+00
4.700001413924022486e+00
4.800001413924023019e+00
4.900001413924022664e+00
5.000001413924022309e+00
5.100001413924022842e+00
5.200001413924022486e+00
5.300001413924022131e+00
5.400001413924022664e+00
5.500001413924021421e+00
5.600001413924022842e+00
5.700001413924022486e+00
5.800001413924023019e+00
5.900001413924022664e+00
6.000001413924022309e+00
6.100001413924022842e+00
6.200001413924021598e+00
6.300001413924023019e+00
6.400001413924022664e+00
6.500001413924022309e+00
6.600001413924022842e+00
6.700001413924021598e+00
6.800001413924023019e+00
6.900001413924021776e+00
7.000001413924022309e+00
7.100001413924021954e+00
7.200001413924021598e+00
7.300001413924021243e+00
7.400001413924020888e+00
7.500001413924022309e+00
7.600001413924021954e+00
7.700001413924022486e+00
7.800001413924022131e+00
7.900001413924021776e+00
8.000001413924021421e+00
8.100001413924021065e+00
8.200001413924022486e+00
8.300001413924023907e+00
8.400001413924021776e+00
8.500001413924021421e+00
8.600001413924021065e+00
8.700001413924020710e+00
8.800001413924022131e+00
8.900001413924023552e+00
9.000001413924023197e+00
9.100001413924021065e+00
9.200001413924020710e+00
9.300001413924022131e+00
9.400001413924021776e+00
9.500001413924021421e+00
9.600001413924022842e+00
9.700001413924020710e+00
9.800001413924022131e+00
9.900001413924021776e+00
1.000000141392402142e+01
1.010000141392402107e+01
1.020000141392402249e+01
1.030000141392402213e+01
1.040000141392402178e+01
1.050000141392402142e+01
1.060000141392402107e+01
1.070000141392402249e+01
1.080000141392402213e+01
1.090000141392402178e+01
1.100000141392402142e+01
1.110000141392402107e+01
1.120000141392402249e+01
1.130000141392402213e+01
1.140000141392402178e+01
1.150000141392402142e+01
1.160000141392402107e+01
1.170000141392402071e+01
1.180000141392402213e+01
1.190000141392402178e+01
1.200000141392402142e+01
1.210000141392402107e+01
1.220000141392402249e+01
1.230000141392402213e+01
1.240000141392402000e+01
1.250000141392402142e+01
1.260000141392402107e+01
1.270000141392402249e+01
1.280000141392402213e+01
1.290000141392402178e+01
1.300000141392402142e+01
1.310000141392402107e+01
1.320000141392402249e+01
1.330000141392402213e+01
1.340000141392402000e+01
1.350000141392402142e+01
1.360000141392402284e+01
1.370000141392402249e+01
1.380000141392402213e+01
1.390000141392402000e+01
1.400000141392402142e+01
1.410000141392402107e+01
1.420000141392402249e+01
1.430000141392402391e+01
1.440000141392402000e+01
1.450000141392402142e+01
1.460000141392402107e+01
1.470000141392402249e+01
1.480000141392402035e+01
1.490000141392402178e+01
1.500000141392402320e+01
1.510000141392402107e+01
1.520000141392402249e+01
1.530000141392402035e+01
1.540000141392402178e+01
1.550000141392402142e+01
1.560000141392402284e+01
1.570000141392402249e+01
1.580000141392402035e+01
1.590000141392402355e+01
1.600000141392402142e+01
1.610000141392402284e+01
1.620000141392402071e+01
1.630000141392402213e+01
1.640000141392402355e+01
1.650000141392402142e+01
1.660000141392402284e+01
1.670000141392402426e+01
1.680000141392402213e+01
1.690000141392402000e+01
1.700000141392402142e+01
1.710000141392402284e+01
1.720000141392402426e+01
1.730000141392402213e+01
1.740000141392402355e+01
1.750000141392402142e+01
1.760000141392401929e+01
1.770000141392402426e+01
1.780000141392402213e+01
1.790000141392402355e+01
1.800000141392402142e+01
1.810000141392401929e+01
1.820000141392402426e+01
1.830000141392401858e+01
1.840000141392402355e+01
1.850000141392402142e+01
1.860000141392402284e+01
1.870000141392402426e+01
1.880000141392401858e+01
1.890000141392402355e+01
1.900000141392401787e+01
1.910000141392402284e+01
1.920000141392402426e+01
1.930000141392402213e+01
1.940000141392402355e+01
1.950000141392401787e+01
1.960000141392402284e+01
1.970000141392402071e+01
1.980000141392402213e+01
1.990000141392402000e+01
2.000000141392402142e+01
2.010000141392402284e+01
2.020000141392402071e+01
2.030000141392402213e+01
2.040000141392402000e+01
2.050000141392402142e+01
2.060000141392401929e+01
2.070000141392402426e+01
2.080000141392402213e+01
2.090000141392402000e+01
2.100000141392402142e+01
2.110000141392401929e+01
2.120000141392402426e+01
2.130000141392401858e+01
2.140000141392402355e+01
2.150000141392402142e+01
2.160000141392401929e+01
2.170000141392402426e+01
2.180000141392401858e+01
2.190000141392402355e+01
2.200000141392402142e+01
2.210000141392402284e+01
2.220000141392402426e+01
2.230000141392401858e+01
2.240000141392402355e+01
2.250000141392402142e+01
2.260000141392402284e+01
2.270000141392402071e+01
2.280000141392402213e+01
2.290000141392402355e+01
2.300000141392402142e+01
2.310000141392402284e+01
2.320000141392402071e+01
2.330000141392402213e+01
2.340000141392402000e+01
2.350000141392402142e+01
2.360000141392402284e+01
2.370000141392402071e+01
2.380000141392402213e+01
2.390000141392402000e+01
2.400000141392402497e+01
2.410000141392401929e+01
2.420000141392402071e+01
2.430000141392402213e+01
2.440000141392402000e+01
2.450000141392402497e+01
2.460000141392401929e+01
2.470000141392402426e+01
2.480000141392401858e+01
2.490000141392402000e+01
2.500000141392402497e+01
2.510000141392401929e+01
2.520000141392402426e+01
2.530000141392401858e+01
2.540000141392402355e+01
2.550000141392402142e+01
2.560000141392401929e+01
2.570000141392402426e+01
2.580000141392401858e+01
2.590000141392402355e+01
2.600000141392402142e+01
2.610000141392402284e+01
2.620000141392402071e+01
2.630000141392401858e+01
2.640000141392402355e+01
2.650000141392402142e+01
2.660000141392402639e+01
2.670000141392402426e+01
2.680000141392402213e+01
2.690000141392402710e+01
2.700000141392402497e+01
2.710000141392402284e+01
2.720000141392402782e+01
2.730000141392402568e+01
2.740000141392402355e+01
2.750000141392402142e+01
2.760000141392402639e+01
2.770000141392402426e+01
2.780000141392402213e+01
2.790000141392402710e+01
2.800000141392402853e+01
2.810000141392402284e+01
2.820000141392402071e+01
2.830000141392402568e+01
2.840000141392402355e+01
2.850000141392402497e+01
2.860000141392402639e+01
2.870000141392402782e+01
2.880000141392402213e+01
2.890000141392402000e+01
2.900000141392402853e+01
2.910000141392402284e+01
2.920000141392402426e+01
2.930000141392402568e+01
2.940000141392402710e+01
2.950000141392402497e+01
2.960000141392401929e+01
2.970000141392402782e+01
2.980000141392402213e+01
2.990000141392402355e+01
3.000000141392402853e+01
3.010000141392402639e+01
3.020000141392402426e+01
3.030000141392402213e+01
3.040000141392402710e+01
3.050000141392402497e+01
3.060000141392402284e+01
3.070000141392402782e+01
3.080000141392402568e+01
3.090000141392402355e+01
3.100000141392402142e+01
3.110000141392402639e+01
3.120000141392402426e+01
3.130000141392402213e+01
3.140000141392402355e+01
3.150000141392402497e+01
3.160000141392402284e+01
3.170000141392402426e+01
3.180000141392402924e+01
3.190000141392402355e+01
3.200000141392401787e+01
3.210000141392403350e+01
3.220000141392402782e+01
3.230000141392402213e+01
3.240000141392402355e+01
3.250000141392402497e+01
3.260000141392402639e+01
3.270000141392402782e+01
3.280000141392402924e+01
3.290000141392402355e+01
3.300000141392401787e+01
3.310000141392402639e+01
3.320000141392402782e+01
3.330000141392402213e+01
3.340000141392402355e+01
3.350000141392402497e+01
3.360000141392402639e+01
3.370000141392402782e+01
3.380000141392402213e+01
3.390000141392402355e+01
3.400000141392402497e+01
3.410000141392402639e+01
3.420000141392402782e+01
3.430000141392402213e+01
3.440000141392402355e+01
3.450000141392402497e+01
3.460000141392402639e+01
3.470000141392402782e+01
3.480000141392402213e+01
3.490000141392402355e+01
3.500000141392402497e+01
3.510000141392402639e+01
3.520000141392402071e+01
3.530000141392402213e+01
3.540000141392403066e+01
3.550000141392402497e+01
3.560000141392402639e+01
3.570000141392402782e+01
3.580000141392402213e+01
3.590000141392402355e+01
