1.443375672974069046e-02
2.886751345948128725e-02
4.330127018922197424e-02
5.773502691896257449e-02
7.216878364870327189e-02
8.660254037844386521e-02
1.010362971081845418e-01
1.154700538379251490e-01
1.299038105676658394e-01
1.443375672974064328e-01
1.587713240271471093e-01
1.732050807568877304e-01
1.876388374866284070e-01
2.020725942163690003e-01
2.165063509461097047e-01
2.309401076758503812e-01
2.453738644055910023e-01
2.598076211353316789e-01
2.742413778650722445e-01
2.886751345948129210e-01
3.031088913245535421e-01
3.175426480542942187e-01
3.319764047840348398e-01
3.464101615137755164e-01
3.608439182435161374e-01
3.752776749732568140e-01
3.897114317029974351e-01
4.041451884327380562e-01
4.185789451624786217e-01
4.330127018922194093e-01
4.474464586219599749e-01
4.618802153517006515e-01
4.763139720814413280e-01
4.907477288111820046e-01
5.051814855409225702e-01
5.196152422706632468e-01
5.340489990004039234e-01
5.484827557301444889e-01
5.629165124598851655e-01
5.773502691896258421e-01
5.917840259193665187e-01
6.062177826491070842e-01
6.206515393788478718e-01
6.350852961085884374e-01
6.495190528383291140e-01
6.639528095680696795e-01
6.783865662978103561e-01
6.928203230275510327e-01
7.072540797572915983e-01
7.216878364870323859e-01
7.361215932167729514e-01
7.505553499465136280e-01
7.649891066762541936e-01
7.794228634059948702e-01
7.938566201357354357e-01
8.082903768654761123e-01
8.227241335952166779e-01
8.371578903249574655e-01
8.515916470546980310e-01
8.515916470546980310e-01
8.682583137213647495e-01
8.849249803880313570e-01
9.015916470546980754e-01
9.182583137213646829e-01
9.349249803880314014e-01
9.515916470546980088e-01
9.682583137213647273e-01
9.849249803880313348e-01
1.001591647054697942e+00
1.018258313721364772e+00
1.034924980388031379e+00
1.051591647054697987e+00
1.068258313721364594e+00
1.084924980388031424e+00
1.101591647054698031e+00
1.118258313721364638e+00
1.134924980388031468e+00
1.151591647054698075e+00
1.168258313721364683e+00
1.184924980388031290e+00
1.201591647054697898e+00
1.218258313721364727e+00
1.234924980388031335e+00
1.251591647054698164e+00
1.268258313721364772e+00
1.284924980388031379e+00
1.301591647054697987e+00
1.318258313721364594e+00
1.334924980388031424e+00
1.351591647054698031e+00
1.368258313721364861e+00
1.384924980388031468e+00
1.401591647054698075e+00
1.418258313721364683e+00
1.434924980388031290e+00
1.451591647054697898e+00
1.468258313721364727e+00
1.484924980388031335e+00
1.501591647054698164e+00
1.518258313721364772e+00
1.534924980388031379e+00
1.551591647054697987e+00
1.568258313721364594e+00
1.584924980388031202e+00
1.601591647054698031e+00
1.618258313721364861e+00
1.634924980388031468e+00
1.651591647054698075e+00
1.668258313721364683e+00
1.684924980388031290e+00
1.701591647054697898e+00
1.718258313721364727e+00
1.734924980388031335e+00
1.751591647054698164e+00
1.768258313721364772e+00
1.784924980388031379e+00
1.801591647054697987e+00
1.818258313721364594e+00
1.834924980388031202e+00
1.851591647054698031e+00
1.851591647054698031e+00
1.868258313721364638e+00
1.884924980388031468e+00
1.901591647054698075e+00
1.918258313721364683e+00
1.934924980388031290e+00
1.951591647054698120e+00
1.968258313721364727e+00
1.984924980388031335e+00
2.001591647054698164e+00
2.018258313721364772e+00
2.034924980388031379e+00
2.051591647054697987e+00
2.068258313721364594e+00
2.084924980388031202e+00
2.101591647054697809e+00
2.118258313721364861e+00
2.134924980388031468e+00
2.151591647054698075e+00
2.168258313721364683e+00
2.184924980388031290e+00
2.201591647054697898e+00
2.218258313721364949e+00
2.234924980388031557e+00
2.251591647054698164e+00
2.268258313721364772e+00
2.284924980388031379e+00
2.301591647054697987e+00
2.318258313721364594e+00
2.334924980388031202e+00
2.351591647054697809e+00
2.363376760074473726e+00
2.375161873094249643e+00
2.386946986114025115e+00
2.386946986114025115e+00
2.398732099133801032e+00
2.410517212153576949e+00
2.410517212153576949e+00
2.422302325173352422e+00
2.434087438193128339e+00
2.434087438193128339e+00
2.445872551212904256e+00
2.457657664232679728e+00
2.457657664232679728e+00
2.469442777252455645e+00
2.481227890272231562e+00
2.481227890272231562e+00
2.493013003292007035e+00
2.504798116311782952e+00
2.504798116311782952e+00
2.516583229331558869e+00
2.528368342351334785e+00
2.528368342351334785e+00
2.540153455371110258e+00
2.551938568390886175e+00
2.551938568390886175e+00
2.563723681410662092e+00
2.575508794430438009e+00
2.575508794430438009e+00
2.587293907450213482e+00
2.599079020469989398e+00
2.599079020469989398e+00
2.610864133489765315e+00
2.622649246509540788e+00
2.622649246509540788e+00
2.634434359529316705e+00
2.646219472549092622e+00
2.646219472549092622e+00
2.658004585568868539e+00
2.669789698588644011e+00
2.669789698588644011e+00
2.681574811608419928e+00
2.693359924628195845e+00
2.693359924628195845e+00
2.705145037647971762e+00
2.705145037647971762e+00
2.716930150667747235e+00
2.720858521674339503e+00
2.732643634694114976e+00
2.748357118720482717e+00
2.760142231740258634e+00
2.764070602746850458e+00
2.775855715766626375e+00
2.787640828786402292e+00
2.791569199792994116e+00
2.803354312812770033e+00
2.819067796839137774e+00
2.830852909858913247e+00
2.834781280865505515e+00
2.846566393885280988e+00
2.858351506905056905e+00
2.862279877911648729e+00
2.874064990931424646e+00
2.889778474957792387e+00
2.901563587977568304e+00
2.905491958984160128e+00
2.917277072003935601e+00
2.929062185023711518e+00
2.932990556030303342e+00
2.944775669050079259e+00
2.960489153076447000e+00
2.972274266096222917e+00
2.976202637102814741e+00
2.987987750122590658e+00
2.999772863142366575e+00
3.003701234148958399e+00
3.015486347168734316e+00
3.031199831195102057e+00
3.042984944214877530e+00
3.046913315221469354e+00
3.058698428241245271e+00
3.070483541261021188e+00
3.074411912267613012e+00
3.086197025287388929e+00
3.101910509313756670e+00
3.113695622333532143e+00
3.117623993340124411e+00
3.129409106359900328e+00
3.141194219379675800e+00
3.145122590386267625e+00
3.156907703406043542e+00
3.172621187432411283e+00
3.184406300452187200e+00
3.188334671458779024e+00
3.200119784478554941e+00
3.211904897498330413e+00
3.215833268504922682e+00
3.227618381524698599e+00
3.243331865551065896e+00
3.255116978570841813e+00
3.259045349577434081e+00
3.270830462597209554e+00
3.282615575616985470e+00
3.286543946623577295e+00
3.298329059643353212e+00
3.314042543669720953e+00
3.325827656689496870e+00
3.329756027696088694e+00
3.341541140715864167e+00
3.353326253735640083e+00
3.357254624742232352e+00
3.369039737762007825e+00
3.384753221788375566e+00
3.396538334808151482e+00
3.400466705814743307e+00
3.412251818834519224e+00
3.424036931854295140e+00
3.427965302860886965e+00
3.439750415880662437e+00
3.455463899907030179e+00
3.467249012926806095e+00
3.471177383933397920e+00
3.482962496953174281e+00
3.494747609972949753e+00
3.498675980979541578e+00
3.510461093999317495e+00
3.526174578025685236e+00
3.537959691045460708e+00
3.541888062052052977e+00
3.553673175071828894e+00
3.565458288091604366e+00
3.569386659098196191e+00
3.581171772117972107e+00
3.596885256144339849e+00
3.608670369164115765e+00
3.612598740170707590e+00
3.624383853190483507e+00
3.636168966210258979e+00
3.640097337216850804e+00
3.651882450236626720e+00
3.667595934262994462e+00
3.679381047282770378e+00
3.683309418289362647e+00
3.695094531309138119e+00
3.706879644328913592e+00
3.710808015335505861e+00
3.722593128355281777e+00
3.738306612381649074e+00
3.750091725401425435e+00
3.754020096408017260e+00
