0.000000000000000000e+00
0.000000000000000000e+00
0.000000000000000000e+00
0.000000000000000000e+00
0.000000000000000000e+00
0.000000000000000000e+00
0.000000000000000000e+00
0.000000000000000000e+00
0.000000000000000000e+00
0.000000000000000000e+00
0.000000000000000000e+00
0.000000000000000000e+00
0.000000000000000000e+00
0.000000000000000000e+00
0.000000000000000000e+00
0.000000000000000000e+00
0.000000000000000000e+00
0.000000000000000000e+00
0.000000000000000000e+00
0.000000000000000000e+00
1.141586754275570161e-03
2.301006074936536548e-03
3.478199355804156064e-03
4.673107990699698622e-03
5.885673373444421340e-03
7.115836897859594348e-03
8.363539957766475200e-03
9.628723946986333590e-03
1.091133025934042620e-02
1.221130028865002361e-02
1.238698867446081167e-02
1.256209099848423598e-02
1.273660726072029653e-02
1.291053746116899333e-02
1.308388159983032636e-02
1.325663967670429391e-02
1.342881169179089770e-02
1.360039764509014121e-02
1.377139753660201749e-02
1.394181136632652307e-02
1.411163913426367184e-02
1.428088084041344991e-02
1.444953648477587116e-02
1.463857594007765897e-02
1.487403772541279548e-02
1.515577640301278908e-02
1.548364653510921063e-02
1.585750268393356852e-02
1.627719941171743012e-02
1.674259128069232119e-02
1.725353285308978829e-02
1.780987869114135369e-02
1.841148335707858824e-02
1.903723154040625962e-02
1.966093928426196694e-02
2.028260658864571020e-02
2.090223345355748594e-02
2.151981987899729762e-02
2.213536586496514177e-02
2.213640203871863540e-02
2.212154485537064230e-02
2.209084239388447307e-02
2.204434273322342791e-02
2.198209395235081395e-02
2.190414413022993487e-02
2.181054134582409432e-02
2.170133367809659597e-02
2.157656920601074696e-02
2.143629600852983361e-02
2.189303153735958421e-02
2.234820741635039701e-02
2.280182364550230670e-02
2.325388022481527858e-02
2.370437715428934389e-02
2.415331443392447486e-02
2.460069206372069925e-02
2.504651004367798930e-02
2.549076837379637625e-02
2.593346705407584274e-02
2.637460608451638877e-02
2.650755520372761673e-02
2.666207462791108165e-02
2.683809238674656275e-02
2.703553650991387391e-02
2.725433502709280476e-02
2.749441596796314141e-02
2.775570736220468737e-02
2.803813723949724265e-02
2.834163362952059340e-02
2.866612456195454656e-02
2.931816832786928589e-02
2.995696115613078608e-02
3.050215716142519462e-02
3.095406085532891038e-02
3.131297674941840165e-02
3.157920935527006728e-02
3.175306318446035475e-02
3.183484274856567681e-02
3.182485255916248090e-02
3.175089167142251811e-02
3.166806109781335893e-02
3.158736059519896833e-02
3.158916422114500105e-02
3.167319563632677026e-02
3.183917850141960298e-02
3.208683647709881237e-02
3.241589322403972545e-02
3.282607240291764844e-02
3.331709767440792919e-02
3.386119815559052865e-02
3.440330100624966470e-02
3.494340622638534427e-02
3.545263853033001067e-02
3.589045982133430568e-02
3.625710885893570351e-02
3.655282440267173388e-02
3.677784521207987101e-02
3.693241004669765848e-02
3.701675766606257745e-02
3.703112682971215069e-02
3.704639525299542602e-02
3.706942915140516021e-02
3.712907627017257572e-02
3.726584716561072430e-02
3.747947553774578361e-02
3.776969508660390357e-02
3.813623951221124103e-02
3.857884251459397368e-02
3.909723779377825142e-02
3.954825032808016727e-02
3.994940782858921041e-02
4.029400793279280801e-02
4.058224203410749908e-02
4.081430152594975325e-02
4.099037780173615114e-02
4.111066225488316239e-02
4.117534627880735376e-02
4.118462126692521569e-02
4.113867861265326636e-02
4.118061843111812254e-02
4.126695684828521338e-02
4.141265428894977396e-02
4.161750150020265132e-02
4.188128922913475494e-02
4.220380822283694572e-02
4.258484922840013315e-02
4.302420299291517120e-02
4.352166026347295547e-02
4.390918004171595612e-02
4.430002296858828043e-02
4.464941720570641398e-02
4.494238818931543117e-02
4.517913103336476666e-02
4.535984085180381348e-02
4.548471275858200630e-02
4.555394186764874509e-02
4.556772329295344370e-02
4.552625214844550905e-02
4.559755529352278042e-02
4.568127572508237644e-02
4.581307844883492075e-02
4.599278998347945679e-02
4.622023684771509044e-02
4.649524556024087207e-02
4.679317665548226451e-02
4.709868175788534811e-02
4.741173814827508159e-02
4.773232310747645146e-02
4.806048284508554480e-02
4.838340073736947800e-02
4.866538186659250670e-02
4.890656980203039045e-02
4.910710811295885408e-02
4.926714036865367102e-02
4.941127612266418834e-02
4.955483383851917029e-02
4.969780632336846804e-02
4.984018638436192583e-02
4.998189789987828729e-02
5.012280980482429482e-02
5.023666651803060379e-02
5.037287196632597719e-02
5.053135156487090912e-02
5.071203072882594226e-02
5.091483487335156377e-02
5.112177754063455815e-02
5.132924651423485113e-02
5.153723833323550774e-02
5.174574953671953054e-02
5.195477666376994291e-02
5.219057183463909899e-02
5.240372766158125917e-02
5.259431526851894578e-02
5.276240577937466730e-02
5.290807031807093913e-02
5.304929188150400710e-02
5.318967922519694802e-02
5.332923234914976190e-02
5.346795125336244181e-02
5.362364145147011790e-02
5.381566821488218549e-02
5.398838879831568960e-02
5.417524819272163256e-02
5.437619715151845168e-02
5.459118642812456346e-02
5.482016677595838439e-02
5.506308894843835178e-02
5.531990369898286825e-02
5.558737428514206463e-02
5.584327652907536410e-02
5.606822018596646640e-02
5.631782302769138687e-02
5.655861508989220438e-02
5.679062064574354196e-02
5.692742030627244432e-02
5.702946215088625093e-02
5.709687412344507940e-02
5.712978416780909591e-02
5.713150772370672453e-02
5.710654215262196687e-02
5.705499112524028277e-02
5.704374790998133909e-02
5.711766388333134464e-02
5.719349825453236974e-02
5.735398127353871084e-02
5.753869529587276460e-02
5.774754281260418426e-02
5.798042631480260223e-02
5.823724829353764398e-02
5.851791123987892806e-02
5.882231764489612852e-02
5.908358040192469157e-02
5.925685429623351458e-02
5.942538628033566112e-02
5.959289592817956782e-02
5.975938323976527633e-02
5.992484821509275195e-02
6.008524062848849545e-02
6.021488759778586414e-02
6.033468693223860424e-02
6.046006448544620493e-02
6.059993392268649831e-02
6.075424289079787293e-02
6.092293903661873122e-02
6.110597000698744785e-02
6.130328344874241830e-02
6.148617822934753646e-02
6.165384034221801923e-02
6.183094786547784633e-02
6.199107648859222136e-02
6.212876598132390654e-02
6.223543904688531858e-02
6.231121232726061915e-02
6.235620246443396297e-02
6.237052610038953254e-02
6.235429987711145483e-02
6.233628921595844169e-02
6.232142263801131177e-02
6.231075923613529216e-02
6.230988980043399711e-02
6.230891299636770464e-02
6.244679291559621787e-02
6.260310266819156533e-02
6.277776539686986956e-02
6.297070424434722535e-02
6.318184235333970666e-02
6.341110286656347073e-02
6.365840892673459150e-02
6.392368367656917072e-02
6.420685025878331009e-02
6.450783181609312522e-02
6.468731531988723693e-02
6.486565080280971840e-02
6.504283826486056963e-02
6.521887770603977674e-02
6.535717005965258064e-02
6.547910336152078237e-02
6.558474928227042700e-02
6.567417949252753184e-02
6.571152598774289422e-02
6.574508316924776441e-02
6.577541002832537620e-02
6.580253185625972723e-02
6.582647394433487065e-02
6.584726158383485961e-02
6.590151913273850637e-02
6.596481587368253907e-02
6.603508453457392069e-02
6.611229365314139073e-02
6.622857332362173943e-02
6.633437285004942230e-02
6.642919101859130759e-02
6.651306031541343033e-02
6.658601322668183942e-02
6.664808223856256986e-02
6.669929983722165667e-02
6.674276648165061721e-02
6.678053555076654546e-02
6.681262461366474503e-02
6.685239906322269776e-02
6.694373677817477830e-02
6.708643312421129490e-02
6.725625537962984235e-02
6.744158694504964746e-02
6.764236031713527497e-02
6.785850799255123411e-02
6.808996246796210350e-02
6.833665624003243400e-02
6.859852180542676259e-02
6.886592195569468666e-02
6.908433932182196646e-02
6.923688185369689108e-02
6.933122101328109688e-02
6.937420732863566752e-02
6.938610902787889501e-02
6.937108096177702077e-02
6.932924475025069311e-02
6.926072201322051869e-02
6.916919515892899772e-02
6.908343801625249636e-02
6.901559459876213665e-02
6.898274212121163762e-02
6.900136292845347741e-02
6.906548546778049080e-02
6.915122462687731120e-02
6.925446742662795530e-02
6.937513411876206071e-02
6.951314495500927892e-02
6.966485939877735400e-02
6.980060787822588153e-02
6.991740476729058074e-02
7.001525671220321101e-02
7.009422980441606943e-02
7.016504884452005875e-02
7.023138539661176460e-02
7.029325226894039824e-02
7.035066226975517090e-02
7.040362820730530768e-02
7.046986026889066890e-02
7.056313909329404999e-02
7.068612443389904465e-02
7.083869369266783400e-02
7.097661938768559664e-02
7.111303091523750453e-02
7.124794038305420907e-02
7.138135989886632005e-02
7.151330157040451663e-02
7.164377750539945022e-02
7.175521510570408157e-02
7.183557236158895354e-02
7.185869710732220583e-02
7.183918319147963860e-02
7.182132680109008793e-02
7.179309964526701948e-02
7.175729916525991348e-02
7.171395759086576782e-02
7.166310715188149716e-02
7.160478007810405776e-02
7.156072027494282672e-02
7.156025701009337270e-02
7.160755179404008908e-02
7.167226079950403395e-02
7.175429656068232909e-02
7.185253921148761214e-02
7.196416044225084629e-02
7.208909715475562974e-02
7.222728625078549125e-02
7.237866463212402901e-02
7.252134485176944811e-02
7.262519067514756899e-02
7.271030532603475760e-02
7.279186380303670489e-02
7.286987520363880089e-02
7.292951570788476501e-02
7.296011894422857469e-02
7.296182470925802188e-02
7.294529313134716364e-02
7.293530581049662009e-02
7.293361681788093631e-02
7.294019743825200242e-02
7.295701022518183421e-02
7.298470528086878351e-02
7.302277376970281453e-02
7.307847805676434549e-02
7.316038396950490241e-02
7.326674188628420903e-02
7.338690532864530769e-02
7.349047905823347104e-02
7.356141821763374777e-02
7.360947776467376136e-02
7.363716336941975027e-02
7.364456436380703575e-02
7.363224110264754430e-02
7.360836176363028116e-02
7.357593811737048184e-02
7.353662911178523998e-02
7.349047021982192673e-02
7.348116714504321356e-02
7.352900343697731100e-02
7.359273266242577494e-02
7.366979605798699982e-02
7.375970048197200146e-02
7.386237972540335428e-02
7.397722147317789543e-02
7.407116871778995915e-02
7.416278313502736030e-02
7.425208075227848759e-02
7.430103465458773315e-02
7.430371722892013808e-02
7.429171381614754766e-02
7.426694983407516881e-02
7.422869365920556350e-02
7.417700468689268634e-02
7.411194231249043640e-02
7.406570612004753640e-02
7.402589207032819751e-02
7.400946766508989527e-02
7.401632623428051894e-02
7.404636110784802716e-02
7.409946561574032309e-02
7.416812842357650704e-02
7.425063222754725578e-02
7.434691371346618949e-02
7.445278527917301159e-02
7.456761253737903550e-02
7.468519733528387883e-02
7.476834678069825546e-02
7.482777530117525056e-02
7.486475533507923330e-02
7.488191313185382780e-02
7.488496211337108965e-02
7.487682942865250824e-02
7.485757028553365056e-02
7.483147403247782103e-02
7.479051286591162362e-02
7.474426472300121915e-02
7.472072116373479345e-02
7.471584040292575390e-02
7.471535407222566760e-02
7.471671812094599074e-02
7.471992753132959686e-02
7.472465592218084651e-02
7.473072260864999095e-02
7.473801261373883009e-02
7.475462379983356664e-02
7.477054691087478555e-02
7.477799102030477374e-02
7.477036539880781152e-02
7.476074788941865223e-02
7.474913820643300233e-02
7.473553606414654049e-02
7.471916142424317453e-02
7.469989569496256199e-02
7.467774307274206713e-02
7.467390445862313875e-02
7.470110716731541423e-02
7.474811266116919428e-02
7.480476912459857464e-02
7.487102947602537750e-02
7.494684663387142509e-02
7.503217351655853962e-02
7.512806415855885489e-02
7.523476545144287819e-02
7.534992498368467406e-02
7.543689919238431851e-02
7.545546817807426143e-02
7.544214361448964290e-02
7.540715291939595333e-02
7.535123726793868659e-02
7.527583341574445308e-02
7.518365972975742106e-02
7.507480398040841663e-02
7.495360214514250330e-02
7.483847768842089021e-02
7.474553610457143615e-02
7.470272303816238857e-02
7.468471702876580687e-02
7.468517561039544894e-02
7.470180475577591073e-02
7.473017348125038373e-02
7.476700686274050101e-02
7.481221770012654038e-02
7.486111779451931625e-02
7.489762667568758414e-02
7.492162738808401390e-02
7.493312493568532462e-02
7.493216260109250570e-02
7.492500220637070274e-02
7.491323864348645167e-02
7.489990818030661801e-02
7.488560941380201230e-02
7.487000034221519273e-02
7.490242803792125648e-02
7.494348379319143438e-02
7.497469142722283653e-02
7.499397515250047497e-02
7.500883137331687545e-02
7.502361515052914653e-02
7.503833252609434790e-02
7.505298954196952532e-02
7.506759224011172460e-02
7.508253013376103846e-02
7.504027334368350288e-02
7.497953607427901290e-02
7.491888761093179472e-02
7.486330706721842920e-02
7.480534121020887550e-02
7.474067815040850993e-02
7.466948171531917477e-02
7.459241206572614358e-02
7.452207160914881001e-02
7.446549580678715752e-02
7.443121385947734647e-02
7.441987240324489383e-02
7.442452112674900755e-02
7.444126042182441783e-02
7.446829131674798097e-02
7.450320926445308523e-02
7.454584024727850533e-02
7.459551391427961253e-02
7.463961766777764406e-02
7.467110585641326126e-02
7.468982922223529886e-02
7.467238475887522098e-02
7.463834326734172797e-02
7.458875970597014793e-02
7.452544855135281865e-02
7.445082985542546272e-02
7.436775710883332391e-02
7.429641725163878274e-02
7.424115527229034617e-02
7.419514104617873362e-02
7.415037309249780662e-02
7.413029682418152688e-02
7.412219318624277409e-02
7.412599804171204898e-02
7.414103257673572422e-02
7.416599052358809063e-02
7.419802172937053908e-02
7.421694259176732367e-02
7.421841146007654433e-02
7.420071017655123502e-02
7.417329941306989582e-02
7.413745394763396335e-02
7.409317589400729598e-02
7.404184968491614449e-02
7.398412805079161714e-02
7.392373016235335992e-02
7.389316136895988929e-02
7.387425973647888944e-02
7.386007994146082112e-02
7.385723842813537998e-02
7.384774941807273341e-02
7.383050342498313767e-02
7.381642173698996223e-02
7.380379538172827936e-02
7.379055128847539224e-02
7.377425436670434489e-02
7.372243656621102481e-02
7.365329712028213793e-02
7.357419024773180494e-02
7.348719929029561004e-02
7.340907735975646387e-02
7.333940483909529018e-02
7.326728618700430185e-02
7.319889678499505448e-02
7.314719435338247477e-02
7.311210035806930962e-02
7.309353626495831979e-02
7.309142353995232155e-02
7.309771471476468607e-02
7.311007980630762626e-02
7.312807258596032423e-02
7.315180643388254078e-02
7.318125613130610496e-02
7.321057347816946337e-02
7.322883841314482833e-02
7.323609016270413163e-02
7.323236795331947158e-02
7.321771101146282157e-02
7.317120609249722074e-02
7.310767408919302546e-02
7.303006625531886786e-02
7.293815765155994835e-02
7.285206212925389446e-02
7.278069396455608131e-02
7.270760815947896472e-02
7.263283070982048950e-02
7.255638761137868376e-02
7.247832772454611272e-02
7.242740541761136241e-02
7.239100157644327849e-02
7.236629584861074826e-02
7.235294182202700597e-02
7.233084877770565302e-02
7.228968944113663142e-02
7.224580588302442763e-02
7.219919899903984306e-02
7.214986981006620004e-02
7.209779647239221434e-02
7.204280144349881065e-02
7.198488977018259460e-02
7.194104210778265451e-02
7.191495397093909669e-02
7.190135046625696635e-02
7.189604537864534295e-02
7.189912707004121606e-02
7.190983696993830110e-02
7.191023318859927904e-02
7.189995157364864609e-02
7.188836326445087466e-02
7.187547990163013767e-02
7.184441998409064889e-02
7.179204845464193241e-02
7.172365647349816797e-02
7.164503292125250222e-02
7.155677682945503493e-02
7.145965117087189900e-02
7.137160211228774087e-02
7.128973445046965507e-02
7.121805632174531275e-02
7.115886316674266410e-02
7.111292991891693394e-02
7.107314350532228930e-02
7.103948531132946165e-02
7.101030522376314269e-02
7.098419949469596257e-02
7.096116053064159546e-02
7.094118073811371550e-02
7.092751615628176132e-02
7.090682649348688249e-02
7.087686292935267696e-02
7.083705512418059236e-02
7.079469127064148826e-02
7.074891844406097641e-02
7.068421346216743895e-02
7.060962828067104957e-02
7.052517493013543692e-02
7.046357920427924471e-02
7.040108163697304799e-02
7.033946130414171771e-02
7.027865434727995075e-02
7.021866154662551041e-02
7.015948368241606281e-02
7.010178966136183798e-02
7.006257832151741027e-02
7.003324629767485043e-02
7.001201062848652623e-02
6.996603461536776702e-02
6.991908073819624869e-02
6.986933063432301805e-02
6.981678959868685419e-02
6.976133475697879338e-02
6.970278531402936129e-02
6.964133160607954842e-02
6.958678696099114547e-02
6.954513703681160230e-02
6.951808973596551589e-02
6.950155823822246060e-02
6.948586760577997457e-02
6.947255829499680846e-02
6.946127580286970415e-02
6.944046728654697243e-02
6.940673194382054878e-02
6.936830239354177530e-02
6.931661357483621944e-02
6.924622399223878677e-02
6.915737095030914661e-02
6.905428772230186307e-02
6.894693277508998075e-02
6.883432810555721593e-02
6.871688472771254885e-02
6.860658111407462456e-02
6.852359063756341406e-02
6.845952905252621068e-02
6.840532793185274962e-02
6.835910239003550881e-02
6.832062968243828027e-02
6.828951668185725965e-02
6.826381024332986436e-02
6.824294128664153136e-02
6.822684667381455348e-02
6.821522231745762166e-02
6.819147510999502837e-02
6.815566747161184991e-02
6.811453206825460183e-02
6.806978211439450310e-02
6.802146580570225809e-02
6.796994044845848515e-02
6.789731403122779840e-02
6.782296513495360279e-02
6.776397352581751965e-02
6.770319218713084786e-02
6.764279833209685400e-02
6.758287625713087221e-02
6.752452043927112402e-02
6.746775127080976986e-02
6.741235919150734279e-02
6.735472642227172124e-02
6.731114901172707832e-02
6.726402636894988907e-02
6.719734050692006966e-02
6.712798338948762489e-02
6.705395499828102623e-02
6.697554598905623713e-02
6.689278314869738506e-02
6.680569326408854203e-02
6.672334128242017603e-02
6.665408390046084763e-02
6.660114699483314638e-02
6.656127061735987727e-02
6.652892518112921150e-02
6.650160468869276142e-02
6.647911283884208600e-02
6.645841662327664490e-02
6.642785411034077270e-02
6.639109416212023163e-02
6.634441480913678968e-02
6.628305369050441209e-02
6.620707762207383995e-02
6.611800356958104363e-02
6.602042706070990197e-02
6.591785662981462790e-02
6.580977792533336534e-02
6.570507090959579188e-02
6.562772277601115756e-02
6.556598591356523065e-02
6.551106728135773494e-02
6.546298323924494567e-02
6.542169630359007115e-02
6.538659701580655514e-02
6.535656172161681543e-02
6.533076799210250918e-02
6.530964096015584586e-02
6.528704165704637963e-02
6.524980726619743210e-02
6.520575038029186032e-02
6.515853196372296818e-02
6.510529776966136883e-02
6.504494986660895595e-02
6.496682106723405958e-02
6.488404886605084188e-02
6.481248572815659359e-02
6.473718788797509782e-02
6.466007730112613427e-02
6.458296029756048495e-02
6.450609621599194543e-02
6.442950244994695430e-02
6.435455904811654415e-02
6.428222777537390131e-02
6.422372455072256070e-02
6.416642999611930909e-02
6.409453514920103456e-02
6.402312346501057294e-02
6.395029598829343742e-02
6.387507846245833731e-02
6.379747222357344538e-02
6.371783046313053700e-02
6.364953478726967373e-02
6.359266132092501744e-02
6.354720444624101239e-02
6.351036509981909661e-02
6.347751029117693067e-02
6.344860863345858082e-02
6.342363635720997539e-02
6.339681347095620090e-02
6.336043424216931952e-02
6.332003766707798575e-02
6.326603908008088251e-02
6.319853656233535844e-02
6.311759574760497649e-02
6.302652781373324631e-02
6.293011921373400930e-02
6.282828330395141825e-02
6.272356224308851813e-02
6.263866094021985909e-02
6.257106071521360835e-02
6.251202370975804390e-02
6.245811833352628295e-02
6.240617280692498797e-02
6.235777788407888267e-02
6.231230479353976753e-02
6.226979090349777507e-02
6.223058491094971001e-02
6.219167036457638742e-02
6.213566391241703846e-02
6.207288103447282379e-02
6.200616828743118342e-02
6.193666122316003608e-02
6.186744379735193561e-02
6.178417580203349191e-02
6.170803516665362976e-02
6.163718059938991939e-02
6.156466238300805499e-02
6.149331253847710455e-02
6.142371187425488266e-02
6.135576401907091165e-02
6.128818636566984307e-02
6.122054973174141657e-02
6.115264848489929822e-02
6.109705936826203415e-02
6.103308149511598585e-02
6.096241968360010394e-02
6.089178453496436189e-02
6.081884125821244297e-02
6.074341546946342846e-02
6.066548384646388431e-02
6.059623732968925924e-02
6.053753954840764701e-02
6.048948927389644070e-02
6.044924814872217056e-02
6.041265648972193175e-02
6.037960511404871083e-02
6.035004678106548059e-02
6.031846373197835565e-02
6.027788893846396795e-02
6.023444628013488455e-02
6.017981518459298435e-02
6.011257231616230073e-02
6.002904390904381660e-02
5.993383860591473822e-02
5.983178751873018120e-02
5.972342096712564968e-02
5.961771847687627468e-02
5.952729726028387069e-02
5.944938888734843663e-02
5.937792553305100418e-02
5.931138416283403270e-02
5.924958315106217815e-02
5.919542750271507975e-02
5.914702485282731514e-02
5.910385097324646897e-02
5.906517417454008184e-02
5.902139349592253059e-02
5.896540571463231017e-02
5.890699051963176752e-02
5.884611691241207337e-02
5.878250892987416792e-02
5.870527657974004831e-02
5.863114158733097325e-02
5.856268710043002756e-02
5.849235445643038989e-02
5.842272578159268814e-02
5.835451805890348731e-02
5.828773025420725534e-02
5.822096807063108226e-02
5.815391374933241014e-02
5.808650690036721437e-02
5.802970816253859992e-02
5.796766479482558937e-02
5.789807718770505901e-02
5.782848836075354243e-02
5.775654591862268428e-02
5.768220139486269354e-02
5.760807999763276760e-02
5.754364496030074660e-02
5.748916901695734494e-02
5.744450694381227074e-02
5.740389543097623726e-02
5.736551498174694008e-02
5.732732466971961205e-02
5.728806727055260617e-02
5.723900866876500959e-02
5.718508257045447352e-02
5.712629091831222805e-02
5.705475136399552200e-02
5.697048899122709315e-02
5.687386123696218376e-02
5.677089186599291321e-02
5.666354235213548474e-02
5.656075524381640879e-02
5.647219776875899572e-02
5.639707441895849133e-02
5.633044332166665946e-02
5.626966804130089511e-02
5.621437564328401332e-02
5.616340164974033961e-02
5.611678889664720865e-02
5.607437094159244129e-02
5.603572742267948908e-02
5.599338595151859971e-02
5.593893509637331424e-02
5.588198220992414422e-02
5.582250484504809596e-02
5.576030522268010658e-02
5.568114084339777919e-02
5.561415739737912700e-02
5.554530461766137711e-02
5.547628472516555331e-02
5.540796251970667163e-02
5.534090435345047354e-02
5.527462681668368627e-02
5.520809023026010398e-02
5.514113702814715801e-02
5.507376157188491328e-02
5.502030625976318118e-02
5.495281344016254843e-02
5.488534883437239109e-02
5.481612590287085474e-02
5.474464170720944045e-02
5.467127225295117382e-02
5.460422533986714067e-02
5.454527690527399830e-02
5.449378410718063587e-02
5.444546272497167300e-02
5.439941240529986427e-02
5.435569783553909073e-02
5.430522793237621548e-02
5.424780400733234670e-02
5.418857412578761967e-02
5.412719457205120155e-02
5.405597581719737144e-02
5.397417153277311863e-02
5.388296245050135103e-02
5.378658386058415841e-02
5.368602637363685537e-02
5.359515582904868236e-02
5.351860943761985873e-02
5.345261653625989207e-02
5.339201987518944065e-02
5.333674419106767400e-02
5.328543359055555595e-02
5.323802952183248616e-02
5.319417694331009944e-02
5.315413680029450194e-02
5.311720751171480903e-02
5.306929748497440230e-02
5.301485887687790166e-02
5.295794837391523679e-02
5.288798150687927524e-02
5.280958740816860814e-02
5.274260052165394980e-02
5.267445990541431977e-02
5.260658649723799762e-02
5.253898221018074577e-02
5.247234852093243807e-02
5.240657228948397001e-02
5.234055424473754020e-02
5.227417016674203859e-02
5.221762178505694879e-02
5.216632830471810978e-02
5.210030846554087464e-02
5.203193861319195535e-02
5.196032595120509551e-02
5.188572598770993527e-02
5.181593631023408836e-02
5.175350688847231428e-02
5.169891073679380028e-02
5.164881695418976210e-02
5.160122835765960925e-02
5.155439759649652065e-02
5.150069164077071548e-02
5.144464044062561220e-02
5.138809145111882665e-02
5.133081868867086367e-02
5.126505093997089924e-02
5.118860604935406705e-02
5.110262599490310309e-02
5.101030272628519213e-02
5.091621918156569865e-02
5.083150518557733033e-02
5.076197459675441115e-02
5.070004685402555722e-02
5.064334271999856169e-02
5.059100341911795806e-02
5.054241000219931307e-02
5.049734581935250155e-02
5.045529301787016890e-02
5.041651263769177105e-02
5.037829255787949767e-02
5.033099983886533263e-02
5.027791313915187105e-02
5.021110883884070258e-02
5.013625476129156266e-02
5.006997207092930835e-02
5.000309298171012884e-02
4.993643931918577417e-02
4.987001311907244411e-02
4.980381641708635232e-02
4.973836421791223705e-02
4.967323562589053693e-02
4.960774501153315807e-02
4.955293770810552390e-02
4.950048585687956415e-02
4.943599391815283600e-02
4.936946828769462475e-02
4.930032446792596834e-02
4.922865955839987595e-02
4.916438549602330371e-02
4.910765776136164634e-02
4.905557901711709440e-02
4.900793695688100693e-02
4.895993887770815761e-02
4.890652430867905437e-02
4.885122176781017678e-02
4.879515816856436899e-02
4.873824132086954086e-02
4.868039547501862990e-02
4.861191982218205504e-02
4.853303668296905099e-02
4.844732923704363203e-02
4.835659027199874782e-02
4.827454943986626140e-02
4.820869022266199150e-02
4.814943369789306121e-02
4.809536593351408651e-02
4.804493924938385563e-02
4.799813093300421551e-02
4.795472849364559864e-02
4.791421199314763874e-02
4.787650897067053518e-02
4.784070033204931849e-02
4.779742327177700922e-02
4.773626524132455751e-02
4.766709769219106690e-02
4.758998058056537056e-02
4.752469312354354325e-02
4.745951897972307265e-02
4.739443142858323910e-02
4.732955141492128232e-02
4.726489640536755965e-02
4.720050686395766554e-02
4.713615875228914509e-02
4.708196074120631069e-02
4.703120373897564516e-02
4.698401420910670173e-02
4.692240978043059341e-02
4.685824835274988304e-02
4.679162924292711717e-02
4.673191168210115432e-02
4.668004623014091609e-02
4.663103682101263359e-02
4.658464354240491462e-02
4.653139773584584471e-02
4.647587052952359410e-02
4.641998882618510180e-02
4.636350399971255615e-02
4.630625838686144163e-02
4.624828795699633538e-02
4.618060545482765428e-02
4.610231588410680648e-02
4.601842207471480012e-02
4.593598833478654275e-02
4.586797717229524479e-02
4.581028833032680520e-02
4.575768069591271830e-02
4.570847729450767949e-02
4.566269521038041068e-02
4.562022012848056945e-02
4.558067411310044725e-02
4.554403733792756342e-02
4.551022194303048357e-02
4.546440184746930457e-02
4.540650444427702520e-02
4.533755249935143838e-02
4.526358880996090434e-02
4.519985179341095421e-02
4.513642014642781780e-02
4.507326172566884087e-02
4.501023939519838840e-02
4.494735489968225417e-02
4.488431241743651851e-02
4.482976264566911062e-02
4.477996840145134771e-02
4.473491994612384393e-02
4.469174886158150395e-02
4.463513838503153225e-02
4.457564372518193346e-02
4.451814937794518201e-02
4.447037684674529784e-02
4.442513465558773494e-02
4.437614916566214041e-02
4.432179589850654411e-02
4.426656436092864244e-02
4.420998828752733395e-02
4.415182793681136225e-02
4.409382212867764966e-02
4.403574039761991993e-02
4.397276787378426310e-02
4.389730468195919555e-02
4.381652574759065111e-02
4.374460727192951842e-02
4.368448247362542725e-02
4.363238175796322477e-02
4.358382460187418261e-02
4.353861404735157731e-02
4.349666577005438517e-02
4.345757375461187927e-02
4.342128337161465373e-02
4.338783736733271140e-02
4.334649248833626761e-02
4.329521199288204752e-02
4.323261879343597708e-02
4.316054896521487327e-02
4.309743743381934389e-02
4.303555367630335082e-02
4.297405919920788131e-02
4.291295749625906319e-02
4.285208286005359052e-02
4.279078052692250611e-02
4.273972500475875513e-02
4.269340494249396212e-02
4.265136778905072312e-02
4.261192619103013057e-02
4.256156928552096846e-02
4.250844662356223491e-02
4.246403055673007160e-02
4.242476353902680658e-02
4.237756154660383273e-02
4.232621925635854376e-02
4.227382663235045718e-02
4.222008627756199117e-02
4.216502818746688253e-02
4.210878122993766404e-02
4.205139075503487589e-02
4.199279539000641548e-02
4.192245993817983463e-02
4.184396429295005743e-02
4.177702100147917541e-02
4.172085612879321281e-02
4.167132053762863386e-02
4.162592060588242437e-02
4.158367484902972949e-02
4.154434558767779867e-02
4.150790190109137495e-02
4.147438595919450410e-02
4.143255591821950329e-02
4.138827179914251336e-02
4.133520791721431026e-02
4.127262377579217489e-02
4.120801626986184130e-02
4.114773245747940095e-02
4.108804100254691283e-02
4.102882079030634871e-02
4.096959515540939123e-02
4.090988601764583565e-02
4.086091035501879243e-02
4.081675327863690944e-02
4.077719042190202509e-02
4.074014883612731702e-02
4.069905315043952088e-02
4.065034061984310748e-02
4.061239822722123582e-02
4.056860071827611547e-02
4.052074950482678628e-02
4.047225058837797956e-02
4.042311390838642521e-02
4.037338043102419588e-02
4.032259269168057825e-02
4.027093001113508930e-02
4.021731299244044044e-02
4.016232330724604782e-02
4.009295037136172135e-02
4.002827624772106047e-02
3.997467484138629568e-02
3.992726208087898215e-02
3.988339721310468766e-02
3.984256135789662756e-02
3.980415236984351929e-02
3.976818745707354219e-02
3.972605019566286672e-02
3.968168353222181755e-02
3.963513364098773806e-02
3.958552997930986361e-02
3.952540295994106528e-02
3.946433468426781277e-02
3.940627437363557195e-02
3.934903070543701448e-02
3.929185602861923199e-02
3.923406233941183208e-02
3.918547863015173910e-02
3.914158621587143783e-02
3.910235399719056565e-02
3.906642217840096409e-02
3.903355249344257760e-02
3.899563689175915282e-02
3.895098210504648745e-02
3.890495534771221120e-02
3.885751537747131334e-02
3.880961017749209180e-02
3.876131742686620557e-02
3.871261306761725890e-02
3.866335000504748931e-02
3.861310732725199701e-02
3.856148080805701234e-02
3.850898551634530931e-02
3.845600794267330091e-02
3.840394201135451796e-02
3.836220029542129761e-02
3.832393559509684328e-02
3.828914399216707537e-02
3.825785715868729175e-02
3.822814009216753128e-02
3.818833270916476702e-02
3.814561027231367502e-02
3.810018681851076727e-02
3.805325538479167879e-02
3.800075112802589472e-02
3.794102727338338060e-02
3.788370855667010789e-02
3.782879550608092556e-02
3.777220511082986926e-02
3.771495879525023354e-02
3.766912115460872151e-02
3.762794728982147424e-02
3.759122171330149531e-02
3.755766937328215010e-02
3.752725512090382409e-02
3.748828614499635087e-02
3.744442414126687713e-02
3.739866784685375034e-02
3.735157942904094447e-02
3.730414800813359327e-02
3.725633429406672442e-02
3.720792430091895975e-02
3.715892701867865022e-02
3.710938993737402519e-02
3.705855171802908271e-02
3.701225487705356310e-02
3.696402284550846101e-02
3.692615178826976624e-02
3.689172583529582577e-02
3.686074489638069274e-02
3.683306212153789061e-02
3.679710118302741140e-02
3.675798269609068664e-02
3.671602767667156431e-02
3.667315925445239350e-02
3.662943845726067404e-02
3.658526054950150819e-02
3.653374028272669827e-02
3.648530053069258539e-02
3.643733131301447187e-02
3.638806264029469800e-02
3.634867117222016775e-02
3.631249936853372939e-02
3.627968888628811672e-02
3.624919288069218537e-02
3.621780217345461905e-02
3.617813756548091814e-02
3.613613781327356528e-02
3.609301333604074402e-02
3.604651479407521009e-02
3.599857918427889353e-02
3.594925099316597511e-02
3.590004054918728010e-02
3.585039616443815025e-02
3.580024341738278354e-02
3.575277433127734689e-02
3.571443479563957135e-02
3.568394560741020016e-02
3.565173662027111556e-02
3.562270755710988945e-02
3.558766422324069478e-02
3.555062447584139695e-02
3.551163064151990206e-02
3.547099827362094199e-02
3.542870075281284725e-02
3.538474584438498771e-02
3.533976551519084353e-02
3.529144470231675157e-02
3.524577740317438174e-02
3.519968540566539156e-02
3.516230037471945735e-02
3.512860433777485747e-02
3.509853836242726038e-02
3.507189564662722969e-02
3.504237207559140338e-02
3.500677284030301317e-02
3.497402978237684756e-02
3.493812513211948245e-02
3.490082843071053154e-02
3.486200587417852964e-02
3.482064056556532367e-02
3.477819307621286132e-02
3.473461050653056659e-02
3.468989580620250590e-02
3.465038063502741406e-02
3.461705198276784218e-02
3.459501492585542737e-02
3.457184524289776822e-02
3.453805801086665128e-02
3.450047780216292104e-02
3.446017077923528571e-02
3.441812435102346857e-02
3.437469056175945781e-02
3.432923734174862102e-02
3.428158789384384147e-02
3.424091315042030598e-02
3.419661228916646978e-02
3.415126705261782580e-02
3.411497470934762855e-02
3.408402882828629604e-02
3.405715367822847311e-02
3.402979183091336957e-02
3.399416360400742826e-02
3.395693565727625485e-02
3.392401000243212839e-02
3.389170420428276598e-02
3.385637367727475922e-02
3.381946170391249284e-02
3.378015114209305392e-02
3.373854486551000620e-02
3.369562284653825762e-02
3.365500147006608017e-02
3.362419496315899314e-02
3.360346741769233703e-02
3.359223661689024476e-02
3.356798720643668771e-02
3.353714711381195618e-02
3.350359737682547662e-02
3.346874188284862384e-02
3.343260545588733895e-02
3.339553768968633179e-02
3.335717960954085598e-02
3.333070866024216705e-02
3.330179846157290541e-02
3.326528060990307373e-02
3.324021499070547309e-02
3.322029663715871800e-02
3.319362923331008880e-02
3.315840437927067980e-02
3.311975141129808869e-02
3.308001048709414277e-02
3.304789713033894766e-02
3.300927709813750166e-02
3.296950975348569846e-02
3.292712584756728872e-02
3.288166090948558412e-02
3.283313027059675537e-02
3.279322682741950962e-02
3.276291205454789912e-02
3.274515442875587656e-02
3.272726509237917913e-02
3.270311359100015053e-02
3.267295941508471108e-02
3.263946928974576639e-02
3.260405120628075831e-02
3.256729098242493181e-02
3.252920212455810006e-02
3.248975425426891411e-02
3.246676364261825987e-02
3.243966329183241987e-02
3.241872078825851211e-02
3.240051862893576773e-02
3.237470932282562192e-02
3.234624841337353091e-02
3.231549188982429932e-02
3.228532466503110376e-02
3.226645265918860056e-02
3.225270679200234469e-02
3.222579096849992331e-02
3.219800859878035881e-02
3.216791919645991399e-02
3.213654966993125667e-02
3.211493753356119141e-02
3.209410153989004921e-02
3.207659894280527613e-02
3.206013964976715119e-02
3.203188371759892877e-02
3.199799034367947076e-02
3.195943190383281063e-02
3.191622094548651062e-02
3.186971928691443440e-02
3.182615664919129228e-02
3.179382651093599910e-02
3.176916202341441287e-02
3.174819196578449604e-02
3.171790813547593207e-02
3.168513955731055987e-02
3.165153077871928067e-02
3.161675325476989706e-02
3.159331601679640084e-02
3.157724330362832177e-02
3.156032121202258928e-02
3.153424165272281782e-02
3.150656916888205927e-02
3.147710116263385122e-02
3.145810083351963105e-02
3.143596831488745108e-02
3.142105901333915735e-02
3.141331594947401051e-02
3.139832728070571927e-02
3.137826126357473600e-02
3.135521114476094717e-02
3.132919825127890301e-02
3.130025183960508106e-02
3.128276042526412920e-02
3.127424719745086623e-02
3.127548116477062157e-02
3.126103979497124596e-02
3.123553258359078669e-02
3.120285927324487410e-02
3.116554130419574298e-02
3.114003973865888536e-02
3.111730380946170493e-02
3.109710240922467644e-02
3.106644652973900023e-02
3.102801925553431289e-02
3.098997295612750114e-02
3.095076337599151836e-02
3.092091821010212876e-02
3.090195601198861969e-02
3.088985768336106885e-02
3.086813303008179715e-02
3.084367258689769617e-02
3.081669801111375229e-02
3.078698310101109920e-02
3.076598226877274786e-02
3.075509696748891103e-02
3.075290019836334279e-02
3.074383383202315689e-02
3.072741105400276021e-02
3.070707264536925302e-02
3.068253715644502638e-02
3.067547956600794393e-02
3.067414733533604596e-02
3.067842558485058338e-02
3.067639216472024116e-02
3.066658941448406270e-02
3.064079487701900500e-02
3.061513644472186463e-02
3.059851132339616586e-02
3.058448348183110885e-02
3.057370224724319241e-02
3.054669217133256648e-02
3.051354379806880956e-02
3.047524162088344202e-02
3.044458601826331018e-02
3.041247227710883877e-02
3.039629615562524853e-02
3.038241133025538360e-02
3.035900326565176693e-02
3.033235685222293240e-02
3.031200913749389214e-02
3.030420973845353999e-02
3.030272799438483988e-02
3.030684747997882192e-02
3.029325877648429352e-02
3.027065047488368757e-02
3.024914433120725124e-02
3.024611757982448301e-02
3.024915655649300025e-02
3.025841535972995100e-02
3.026412159734395355e-02
3.025952438186365126e-02
3.024877373958825486e-02
3.023417988978511009e-02
3.021981711304713714e-02
3.020993482944748718e-02
3.019950393062591221e-02
3.016948619427143805e-02
3.013926700692477756e-02
3.012003882234551982e-02
3.010508545686359921e-02
3.009309633441947796e-02
3.006999185257266949e-02
3.003880162662622352e-02
3.001916051206830749e-02
3.001103989580459000e-02
3.001100907725562025e-02
3.001810864884966665e-02
3.002527015551562442e-02
3.002131860658309101e-02
3.001806418490019987e-02
3.000927478721319985e-02
3.001478703044207358e-02
3.002880748681917289e-02
3.003646263118390017e-02
3.003471050783131785e-02
3.003624660606828492e-02
3.004308328545821083e-02
3.003822232203002748e-02
3.002141016139159291e-02
2.998781291127986665e-02
2.997092025571709145e-02
2.995571711265201248e-02
2.994239161924562229e-02
2.993308762200540957e-02
2.992649995822435974e-02
2.991411799462620480e-02
2.989704936425073567e-02
2.988986702608134247e-02
2.989285903767386135e-02
2.990516537364278082e-02
2.990982000263484736e-02
2.992783528617555186e-02
2.995940806151717317e-02
2.997370854661959155e-02
2.998023225089981383e-02
2.997578023377431636e-02
2.998089960297675022e-02
2.998645586869686658e-02
2.999311580679719230e-02
3.000169619867704834e-02
2.999161593364333897e-02
2.997422931929675377e-02
2.994114637346967714e-02
2.992226824711783500e-02
2.990866406365028443e-02
2.991884954466500837e-02
2.993445729175535711e-02
2.994380522490747848e-02
2.994632139386603498e-02
2.994026962875561207e-02
2.996267695848404619e-02
2.999221018371012182e-02
3.003015067359353363e-02
3.007584341207129169e-02
3.008536206496684531e-02
3.009618437254789336e-02
3.008709701861972396e-02
3.008178723034590427e-02
3.007990584687236443e-02
3.010447422946908522e-02
3.011501674560178310e-02
3.010440786912283243e-02
3.007884658522221380e-02
3.005185625977761787e-02
3.008079978702011409e-02
3.010883573055599810e-02
3.014817003819813407e-02
3.016655205016814667e-02
3.021319994220552849e-02
3.024687949454267846e-02
3.026519651027029592e-02
3.028089623158193577e-02
3.032865462036725065e-02
3.035899829320391069e-02
3.036215196315880313e-02
3.034566773914137983e-02
3.033869231957767032e-02
3.037312331768047755e-02
3.039419288879581516e-02
3.038212105530863072e-02
3.040695675877981563e-02
3.044605853311551161e-02
3.046577225771847364e-02
3.050358259883798745e-02
3.057905025504733046e-02
3.063517426329985180e-02
3.065854916368591573e-02
3.066721341316485869e-02
3.068267648402992279e-02
3.074365984529132956e-02
3.075502136114289381e-02
3.076647284274652838e-02
3.079048600279388204e-02
3.081451574628753937e-02
3.081533671834069121e-02
3.086724186902008518e-02
3.093405031103591690e-02
3.099778311077569515e-02
3.104183152507749774e-02
3.108471366166136798e-02
3.114168909007184599e-02
3.117366647882506905e-02
3.121066760725134392e-02
3.125163538581387374e-02
3.129221025015752750e-02
3.132938070078851445e-02
3.136469140513822168e-02
3.139831900986095325e-02
3.147119872993225237e-02
3.157215782748200306e-02
3.161733368881461392e-02
3.168374467775231240e-02
3.174516094996075732e-02
3.180350451849302956e-02
3.187204547059731274e-02
3.191830724671086000e-02
3.196230250935321038e-02
3.204539893968353509e-02
3.212968057037925845e-02
3.214237426019542904e-02
3.222700827456982664e-02
3.231835712418103246e-02
3.239654850558776333e-02
3.247548641589365764e-02
3.253144907810632397e-02
3.260059790961099963e-02
3.273801413742785660e-02
3.280355012229695805e-02
3.286750360095865714e-02
3.298238278861380379e-02
3.308580938114420028e-02
3.317347248770076418e-02
3.324270892898827795e-02
3.335051512902544729e-02
3.347426767948005061e-02
3.358259799561180009e-02
3.368378926908111026e-02
3.387656447600716214e-02
3.397304179773946720e-02
3.403540441210686773e-02
3.415760693969766004e-02
3.426843994497034973e-02
3.440784985014480601e-02
3.456743476811696691e-02
3.472745398941255723e-02
3.489747552591475344e-02
3.497482180952135589e-02
3.505112582201681121e-02
3.516730870299784872e-02
3.537100687749001465e-02
3.552538131278121930e-02
3.577797069702101651e-02
3.593724826697882596e-02
3.605528128966765944e-02
3.620152582963630239e-02
3.634508764932167790e-02
3.660708741307847069e-02
3.689534556797808423e-02
3.715059386964306848e-02
3.733247008991754518e-02
3.751489865491552944e-02
3.770587923464883973e-02
3.809420601507480797e-02
3.833746972865143682e-02
3.866888758843849833e-02
3.896881435715637138e-02
3.928237583029762364e-02
3.955990984406461408e-02
3.994392469722921751e-02
4.028046913965790954e-02
4.073508859655041586e-02
4.108454137885581697e-02
4.131376579150541906e-02
4.178275641373700028e-02
4.229684372103603707e-02
4.302991941134705345e-02
4.348319020447635047e-02
4.405222265108301588e-02
4.450494054326716714e-02
4.515657912234225663e-02
4.584616676535142182e-02
4.656115378724624138e-02
4.744003782667235991e-02
4.828132067306382946e-02
4.911961836399304782e-02
4.995378264992673956e-02
5.111501206605457981e-02
5.237136703937411014e-02
5.407843126176786058e-02
5.620284671295114332e-02
5.875079868262255561e-02
6.326825393958840360e-02
6.712704475999621556e-02
6.943596812569372001e-02
7.088590034761826919e-02
7.180656317028245861e-02
7.224007394609896493e-02
7.219894498386542070e-02
7.157400688801149324e-02
7.017369163167387625e-02
6.805829815860967025e-02
6.383571291443876361e-02
5.997344016150869817e-02
5.747118750141349403e-02
5.556859265282911020e-02
5.391547294702218884e-02
5.250429367451917018e-02
5.123451104764900621e-02
5.009016954356598078e-02
4.907909464650848930e-02
4.812788808668898993e-02
4.723203054720983424e-02
4.641749903356327117e-02
4.565733741527284312e-02
4.493536930939469320e-02
4.425031294693543282e-02
4.360644889832673149e-02
4.299518013962742857e-02
4.240961118495078369e-02
4.184987385083449585e-02
4.131741569524576690e-02
4.081324253255694257e-02
4.031737913984340116e-02
3.983955336775672068e-02
3.938014350891075321e-02
3.894042457195857204e-02
3.852527839790702985e-02
3.811669720865280137e-02
3.771054575286456739e-02
3.731773205533737980e-02
3.693866719515867536e-02
3.657540620080713956e-02
3.622815099605298378e-02
3.588642389281698070e-02
3.554902358262562734e-02
3.521355163841286690e-02
3.488846982355604809e-02
3.457496650633209989e-02
3.427696537212478189e-02
3.398348924603231819e-02
3.369427803885890332e-02
3.340888054168469207e-02
3.312445070295837179e-02
3.284594719254045614e-02
3.257680362283061487e-02
3.231948505574427227e-02
3.206580947267536480e-02
3.181561831663552720e-02
3.156876922490542414e-02
3.132480988664727850e-02
3.108195620449506411e-02
3.084346999426069991e-02
3.061487869386095642e-02
3.039153037295610690e-02
3.017110068774071091e-02
2.995350678664043462e-02
2.973863248855067656e-02
2.952636075823003581e-02
2.931617932523955181e-02
2.910639805194965152e-02
2.890436061253310110e-02
2.870729499006621083e-02
2.851262824212446798e-02
2.832032034035278367e-02
2.813032427568238139e-02
2.794263048895255508e-02
2.775713318220354373e-02
2.757358159378799425e-02
2.739000973032784669e-02
2.721376512059571484e-02
2.703949762301538148e-02
2.686718264519803376e-02
2.669678629172692746e-02
2.652834050039486191e-02
2.636182779079756372e-02
2.619719871825232360e-02
2.603448207458647010e-02
2.587354877831787858e-02
2.571566883772199302e-02
2.555944461811721774e-02
2.540484697367308836e-02
2.525189014210202018e-02
2.510056641060036745e-02
2.495087462982052001e-02
2.480283223516267788e-02
2.465647128065314581e-02
2.451181576242511193e-02
2.436908268615606624e-02
2.422756911761900916e-02
2.408743828457256264e-02
2.394869908744922532e-02
2.381134801372560700e-02
2.367539057622366702e-02
2.354083908802329095e-02
2.340770678736730018e-02
2.327600551131825055e-02
2.314582583583543046e-02
2.301738898588836721e-02
2.289239492589258823e-02
2.276550389441082956e-02
2.263980139016300366e-02
2.251528696423931927e-02
2.239197333401840573e-02
2.226986743628657159e-02
2.214896385072890120e-02
2.202932991312379907e-02
2.191099697076144201e-02
2.179405791140075904e-02
2.167877418192420969e-02
2.156634817391344522e-02
2.145285656116128689e-02
2.133915860486080424e-02
2.122649660056533105e-02
2.111484722674981246e-02
2.100423820144029299e-02
2.089466316757672762e-02
2.078615477561473676e-02
2.067872070655885075e-02
2.057245959237754759e-02
2.046753625290666928e-02
2.036467487977272270e-02
2.026278991391239001e-02
2.015970754966802878e-02
2.005677266859031901e-02
1.995471297663076182e-02
1.985353416763381215e-02
1.975324931694559527e-02
1.965388059488122272e-02
1.955544658763368540e-02
1.945798731273593388e-02
1.936159091929444062e-02
1.926641259963355821e-02
1.917331910437954784e-02
1.908084009104263346e-02
1.898788550705319753e-02
1.889399954787871622e-02
1.880087371559020434e-02
1.870852303760238769e-02
1.861696207514321882e-02
1.852619037766681243e-02
1.843624016528125353e-02
1.834713737588301863e-02
1.825894885196741035e-02
1.817177646452473178e-02
1.808592107235476587e-02
1.800178919747261533e-02
1.791755987065105776e-02
1.783290273495603470e-02
1.774745249744003051e-02
1.766268616714084666e-02
1.757860889170226315e-02
1.749524429676429030e-02
1.741260406293893698e-02
1.733069443051017677e-02
1.724955880567267258e-02
1.716923139444486920e-02
1.708981408071790289e-02
1.701160566097956531e-02
1.693491349012364242e-02
1.685819320478775668e-02
1.678125126426049940e-02
1.670306870973119542e-02
1.662544825897045372e-02
1.654842107300566814e-02
1.647198815869510211e-02
1.639616710713037023e-02
1.632097327035739523e-02
1.624643121670495474e-02
1.617257513660020837e-02
1.609947563317569094e-02
1.602729048707928622e-02
1.595701356691141617e-02
1.588678274701323112e-02
1.581651033012495405e-02
1.574605677826149130e-02
1.567450782562746295e-02
1.560347661934426838e-02
1.553297365897048608e-02
1.546300101192319906e-02
1.539357881868070807e-02
1.532471806941262948e-02
1.525643864156632154e-02
1.518877465690914377e-02
1.512180523114930140e-02
1.505565002090658057e-02
1.499120682527173808e-02
1.492682647629596168e-02
1.486245545735412864e-02
1.479800503630219512e-02
1.473321757980726107e-02
1.466793559045238490e-02
1.460312152688752682e-02
1.453878961349187350e-02
1.447494341958868204e-02
1.441159860681958012e-02
1.434877483579296772e-02
1.428650061041187094e-02
1.422483747417564032e-02
1.416385954277537065e-02
1.410379390077027770e-02
1.404478063002671286e-02
1.398582663829064411e-02
1.392688836070146881e-02
1.386787737100248982e-02
1.380857177304101527e-02
1.374881680158159328e-02
1.368946891398941518e-02
1.363051937144565441e-02
1.357198702133565610e-02
1.351388669985397611e-02
1.345624617241791311e-02
1.339908354507349762e-02
1.334244585825639963e-02
1.328639500273589950e-02
1.323114987387115013e-02
1.317684976215087629e-02
1.312261627935279104e-02
1.306841070465159134e-02
1.301418027264082677e-02
1.295980654172170995e-02
1.290469782672200652e-02
1.284995781464711752e-02
1.279558640182030041e-02
1.274159787626038924e-02
1.268799898085041199e-02
1.263480325452848510e-02
1.258202833822611236e-02
1.252971108354923938e-02
1.247788613709535296e-02
1.242667816592041286e-02
1.237666200288234028e-02
1.232673263682896800e-02
1.227686393481567176e-02
1.222702765906336954e-02
1.217717166937616093e-02
1.212718648508650729e-02
1.207657678473546964e-02
1.202629968454624852e-02
1.197637025978456719e-02
1.192678615316952392e-02
1.187756587045209374e-02
1.182871515202156033e-02
1.178026007520541381e-02
1.173224107688773492e-02
1.168468390405380530e-02
1.163768881093834272e-02
1.159175234668556771e-02
1.154589334325369608e-02
1.150010063559943341e-02
1.145435200212496958e-02
1.140860191095079829e-02
1.136277953781552816e-02
1.131667724893017576e-02
1.127036856840661280e-02
1.122435404914095061e-02
1.117864111703268173e-02
1.113323431803653861e-02
1.108814704221608785e-02
1.104339282432016678e-02
1.099898813947421984e-02
1.095497089810030730e-02
1.091141077082632624e-02
1.086850312379773233e-02
1.082615228826512045e-02
1.078387781261527616e-02
1.074165954964058020e-02
1.069947305431268036e-02
1.065728956069273391e-02
1.061503625087372588e-02
1.057248226814515302e-02
1.052986983418432651e-02
1.048752561240300606e-02
1.044545738309236860e-02
1.040367121901020903e-02
1.036217354377525976e-02
1.032098085900296815e-02
1.028011302561071538e-02
1.023960649215372755e-02
1.019952131498414946e-02
1.016009177289605922e-02
1.012106582661824287e-02
1.008211602473383338e-02
1.004323024651173485e-02
1.000439228148408168e-02
9.965576064599628026e-03
9.926734106943297525e-03
9.887746399833382757e-03
9.848484791982949071e-03
9.809485259097156656e-03
9.770757580760779451e-03
9.732287106344992764e-03
9.694079455536356443e-03
9.656139989645477761e-03
9.618488589194314556e-03
9.581146645571374590e-03
9.544154824910453319e-03
9.507636034456892066e-03
9.471707357114838785e-03
9.435840127287955376e-03
9.400013411269675032e-03
9.364235545517766643e-03
9.328489424319307693e-03
9.292751170511174760e-03
9.256972924519997481e-03
9.220995952364998555e-03
9.184890909445795823e-03
9.148999954339835997e-03
9.113330788488586270e-03
9.077887759272051243e-03
9.042676974797726405e-03
9.007713335790723877e-03
8.973010070017517839e-03
8.938588641907720470e-03
8.904499520332363749e-03
8.870897627996606957e-03
8.837717260265928743e-03
8.804603212604348444e-03
8.771551765480880766e-03
8.738551708109644489e-03
8.705590982558387980e-03
8.672647446294572821e-03
8.639686314771783879e-03
8.606615610706299518e-03
8.573308178446660197e-03
8.540199193464281108e-03
8.507290468042206372e-03
8.474593101703717379e-03
8.442107699101369586e-03
8.409844562737921886e-03
8.377817657110852786e-03
8.346048671735885674e-03
8.314574324232975461e-03
8.283486224944746484e-03
8.252909790932093370e-03
8.222412117418672131e-03
8.192001988369080126e-03
8.161650791639751476e-03
8.131346551623933397e-03
8.101074359532679445e-03
8.070812308572115901e-03
8.040517995375333002e-03
8.010032762337415679e-03
7.979496372754957961e-03
7.949133446037939810e-03
7.918943913250785227e-03
7.888915478276766965e-03
7.859077570830062809e-03
7.829441122396777961e-03
7.800018572671266019e-03
7.770831653793374219e-03
7.741915669323244653e-03
7.713428571402497838e-03
7.685229294396622550e-03
7.657092264820654880e-03
7.629010467345750078e-03
7.600980151184883425e-03
7.572992206702162943e-03
7.545034369745967293e-03
7.517087812859291583e-03
7.489112230943304437e-03
7.461007556533917444e-03
7.432809325056854988e-03
7.404773379126950231e-03
7.376898832792402536e-03
7.349195985567501081e-03
7.321667394883162212e-03
7.294319270963940151e-03
7.267165880159296050e-03
7.240222624710039058e-03
7.213530818569303601e-03
7.187195660113270858e-03
7.161176669640159295e-03
7.135220790483612872e-03
7.109322386069785900e-03
7.083475994323240599e-03
7.057680265380970007e-03
7.031924434732653682e-03
7.006195288897602673e-03
6.980475812960467048e-03
6.954713662216019388e-03
6.928719361678195056e-03
6.902895661836541338e-03
6.877221787321875432e-03
6.851702775034553342e-03
6.826339794616297953e-03
6.801134917765084761e-03
6.776100058554333436e-03
6.751244363336163234e-03
6.726588284402420376e-03
6.702181623402327787e-03
6.678209998156212253e-03
6.654271454784021871e-03
6.630384382320140407e-03
6.606546483264652721e-03
6.582755541252962618e-03
6.559003346783285129e-03
6.535281914977629676e-03
6.511581320254121626e-03
6.487878584149883721e-03
6.464124059356925536e-03
6.440169047494998314e-03
6.416345697701489846e-03
6.392657582412549985e-03
6.369103561201993821e-03
6.345688630070086753e-03
6.322421918948399090e-03
6.299307882709339300e-03
6.276359557025521646e-03
6.253596904536074669e-03
6.231067749049547071e-03
6.208925443476725516e-03
6.186835102428702576e-03
6.164797368065534286e-03
6.142809391903768929e-03
6.120868416898238816e-03
6.098966550553637338e-03
6.077100008876828302e-03
6.055259461003695623e-03
6.033429218309954191e-03
6.011581981734247064e-03
5.989577575823322453e-03
5.967614366815862832e-03
5.945772955267290827e-03
5.924059900601384016e-03
5.902478117802647042e-03
5.881033289556392672e-03
5.859733937383177806e-03
5.838593557793170588e-03
5.817630271231947342e-03
5.796859542154616032e-03
5.776419428714104666e-03
5.756111907191761336e-03
5.735854595086566261e-03
5.715640512259693995e-03
5.695467641327527607e-03
5.675331544381826548e-03
5.655225034560026551e-03
5.635135986509081339e-03
5.615053034825298953e-03
5.594972235159863076e-03
5.574858960691612443e-03
5.554570160996176453e-03
5.534386887456990353e-03
5.514314358682084229e-03
5.494352773440545207e-03
5.474505470913895722e-03
5.454776402765738885e-03
5.435172780619537160e-03
5.415702005792034923e-03
5.396382694343407338e-03
5.377248917591265394e-03
5.358442794718634369e-03
5.339683698677949279e-03
5.320968323549260005e-03
5.302296837434251030e-03
5.283666747588948442e-03
5.265076012135804992e-03
5.246518732544206212e-03
5.227991386840867040e-03
5.209485190637070176e-03
5.190986484825255327e-03
5.172468607142385356e-03
5.153778244236569689e-03
5.135189265019023293e-03
5.116700312502111062e-03
5.098314644273715598e-03
5.080034628258423349e-03
5.061866353608465360e-03
5.043814143587016172e-03
5.025885597414305427e-03
5.008095535336925565e-03
4.990471613571105178e-03
4.973169361227149261e-03
4.955918966612674580e-03
4.938728226442253705e-03
4.921587224354207792e-03
4.904485452964739596e-03
4.887420066781897679e-03
4.870389079837889913e-03
4.853386945921074440e-03
4.836406333617916838e-03
4.819439333232991562e-03
4.802467063595115652e-03
4.785443045051527081e-03
4.768320687372409362e-03
4.751279612335726141e-03
4.734329534315879530e-03
4.717471969155886610e-03
4.700708434581545719e-03
4.684043691844249138e-03
4.667483451847195125e-03
4.651036516306851325e-03
4.634718043165744761e-03
4.618573044097630011e-03
4.602638965769972716e-03
4.586744854849681731e-03
4.570888917635470595e-03
4.555069255870626901e-03
4.539286083133127134e-03
4.523537261014677971e-03
4.507819219099931489e-03
4.492129347616191995e-03
4.476462781472949348e-03
4.460809134648356308e-03
4.445152630388192992e-03
4.429448837827214616e-03
4.413692661800932941e-03
4.398019671973974268e-03
4.382430628112064623e-03
4.366926543243520621e-03
4.351511381592438818e-03
4.336188733361925375e-03
4.320962759241743500e-03
4.305843800281755965e-03
4.290849103179186774e-03
4.276022053656329362e-03
4.261369365314420302e-03
4.246757299866238053e-03
4.232185249180021522e-03
4.217656053578313843e-03
4.203168153279512528e-03
4.188731667738523554e-03
4.174325540689501415e-03
4.159946276938674553e-03
4.145589357498785654e-03
4.131248507533932975e-03
4.116910316087412855e-03
4.102545325383759843e-03
4.088092864724409033e-03
4.073707976975214466e-03
4.059390960462374090e-03
4.045131065099668265e-03
4.030950101582528138e-03
4.016849067514552396e-03
4.002831857634126141e-03
3.988906204214020222e-03
3.975083806122652920e-03
3.961392944584240898e-03
3.947894722587178863e-03
3.934430490663066646e-03
3.921000203208401501e-03
3.907602100462739293e-03
3.894234452087863563e-03
3.874120994083496937e-03
3.860838357209555888e-03
3.847578425723173230e-03
3.834341337134586098e-03
3.812236309408266900e-03
