0.000000000000000000e+00
0.000000000000000000e+00
0.000000000000000000e+00
0.000000000000000000e+00
0.000000000000000000e+00
0.000000000000000000e+00
0.000000000000000000e+00
0.000000000000000000e+00
0.000000000000000000e+00
0.000000000000000000e+00
0.000000000000000000e+00
0.000000000000000000e+00
0.000000000000000000e+00
0.000000000000000000e+00
0.000000000000000000e+00
0.000000000000000000e+00
0.000000000000000000e+00
0.000000000000000000e+00
0.000000000000000000e+00
0.000000000000000000e+00
1.589192091945353363e-03
3.206855280442519676e-03
4.852951149522523148e-03
6.527441283216407070e-03
8.230287265555196949e-03
9.961450680569937377e-03
1.172089311229165126e-02
1.350857614475138406e-02
1.532446136198016041e-02
1.716851034800902231e-02
1.745149259492364407e-02
1.773409068214861287e-02
1.801630460968392175e-02
1.829813437752957073e-02
1.857957998568556673e-02
1.886064143415190283e-02
1.914131872292858944e-02
1.942161185201561613e-02
1.970152082141298985e-02
1.998104563112068632e-02
2.026018628113874370e-02
2.053894277146713424e-02
2.081731510210587874e-02
2.112661943494365674e-02
2.150541605347726370e-02
2.195303750036730478e-02
2.246881631827445103e-02
2.305208504985930412e-02
2.370217623778255248e-02
2.441842242470480123e-02
2.520015615328671105e-02
2.604670996618890788e-02
2.695741640607204892e-02
2.790029185370804937e-02
2.883610856826080565e-02
2.976486654973030388e-02
3.068656579811655793e-02
3.160120631341956088e-02
3.250878809563931271e-02
3.252953025318076202e-02
3.252833820347397070e-02
3.250622267507031343e-02
3.246419439652111633e-02
3.240326409637774713e-02
3.232444250319154583e-02
3.222874034551388017e-02
3.211716835189608321e-02
3.199073725088951575e-02
3.185045777104549697e-02
3.257712153251050152e-02
3.330683384640573119e-02
3.403959471273126230e-02
3.477540413148703241e-02
3.551426210267308314e-02
3.625616862628936593e-02
3.700112370233594322e-02
3.774912733081274563e-02
3.850017951171984948e-02
3.925428024505720620e-02
4.001142953082482967e-02
4.028635886656531384e-02
4.059655101032962760e-02
4.094079562024733471e-02
4.131788235444804752e-02
4.172660087106132981e-02
4.216574082821678698e-02
4.263409188404398281e-02
4.313044369667252270e-02
4.365358592423198431e-02
4.420230822485196609e-02
4.526066875911945175e-02
4.629298210314137380e-02
4.717562561245120661e-02
4.791052394361468292e-02
4.849960175319765338e-02
4.894478369776587151e-02
4.924799443388515330e-02
4.941115861812126614e-02
4.943620090704003295e-02
4.936612143796514224e-02
4.928478476536984898e-02
4.921081000578956394e-02
4.926944659625469292e-02
4.946039667276325158e-02
4.978336237131324171e-02
5.023804582790264428e-02
5.082414917852953046e-02
5.154137455919185345e-02
5.238942410588767751e-02
5.332692447385704165e-02
5.427163790119055725e-02
5.522356438788822430e-02
5.613553116528614828e-02
5.694013751098356974e-02
5.763611305182148037e-02
5.822218741464093433e-02
5.869709022628290945e-02
5.905955111358845988e-02
5.930829970339857038e-02
5.944206562255429510e-02
5.957837208111748523e-02
5.972725048506642709e-02
5.993431903853091436e-02
6.026542389937763339e-02
6.072028087623140835e-02
6.129860577771716057e-02
6.200011441245972810e-02
6.282452258908398368e-02
6.377154611621480007e-02
6.461284517729458388e-02
6.537067367114070271e-02
6.603468394727191049e-02
6.660611432571936219e-02
6.708620312651419892e-02
6.747618866968760343e-02
6.777730927527068905e-02
6.799080326329465240e-02
6.811790895379062072e-02
6.815986466678976285e-02
6.834596434750569993e-02
6.860892539847265881e-02
6.897355586432432628e-02
6.944005423886200068e-02
7.000861901588704972e-02
7.067944868920073009e-02
7.145274175260443728e-02
7.232869669989948347e-02
7.330751202488718088e-02
7.408772381920765426e-02
7.487074222412504199e-02
7.558318589650828145e-02
7.619967620450900092e-02
7.671944406711124487e-02
7.714172040329896063e-02
7.746573613205617881e-02
7.769072217236687450e-02
7.781590944321505054e-02
7.784052886358469592e-02
7.806547375462109806e-02
7.831111767244375299e-02
7.863937390836858721e-02
7.905025016588128339e-02
7.954375414846757975e-02
8.011989355961315895e-02
8.073557923866971076e-02
8.136436484641704214e-02
8.200686607185035670e-02
8.266369860396481639e-02
8.333554969799046586e-02
8.400031965156271041e-02
8.459597720642569874e-02
8.512239669215380944e-02
8.557945243832135174e-02
8.596701877450263485e-02
8.632806689440611358e-02
8.668892517031194511e-02
8.704885994628500101e-02
8.740713756639015286e-02
8.776295280845737568e-02
8.811593312331290895e-02
8.841815137362873944e-02
8.875843950091880097e-02
8.913584421968095972e-02
8.954941224441312353e-02
8.999819028961313083e-02
9.044961493547107323e-02
9.089736001086204387e-02
9.134154744466127518e-02
9.178229916574404124e-02
9.221973710298558835e-02
9.270191032258916219e-02
9.314010881191606139e-02
9.353540778534367994e-02
9.388888245724938408e-02
9.420160804201058169e-02
9.450626988831237196e-02
9.480931609615493583e-02
9.511074666553834267e-02
9.541056159646252310e-02
9.574047296291263165e-02
9.613504153991765666e-02
9.649454417782978022e-02
9.687846093675619996e-02
9.728704119376573034e-02
9.772053432592725519e-02
9.817918971030956121e-02
9.866325672398160163e-02
9.917298474401213537e-02
9.970291492328277327e-02
1.002135484970600732e-01
1.006703201946212850e-01
1.011729486699204511e-01
1.016619493671566954e-01
1.021370684135673862e-01
1.024407085468147238e-01
1.026819798423023178e-01
1.028608522957274174e-01
1.029772959027873691e-01
1.030369888833666814e-01
1.030479373009798166e-01
1.030103650240866142e-01
1.030451842059472989e-01
1.032343199164700021e-01
1.034290274713604990e-01
1.037797008676391991e-01
1.041766923668633049e-01
1.046194943102964348e-01
1.051075990392020404e-01
1.056404988948437818e-01
1.062176862184851245e-01
1.068386533513896730e-01
1.073822043500206602e-01
1.077661303541933707e-01
1.081388922579254730e-01
1.085071556634951417e-01
1.088709205709024047e-01
1.092301869801472758e-01
1.095773307848985911e-01
1.098637343210791123e-01
1.101283887266867045e-01
1.103997455819778761e-01
1.106942784377748928e-01
1.110118777412185676e-01
1.113524339394497131e-01
1.117158374796091563e-01
1.121019788088377239e-01
1.124595194345786864e-01
1.127877436984317944e-01
1.131338853126539201e-01
1.134496266438811962e-01
1.137248026118119065e-01
1.139440557086458111e-01
1.141081278006186861e-01
1.142177607539663353e-01
1.142736964349246043e-01
1.142766767097292413e-01
1.142786723843135371e-01
1.142886555367855772e-01
1.143086424323423306e-01
1.143485918797263606e-01
1.143908496923595614e-01
1.146939723159283164e-01
1.150335176438996992e-01
1.154087937343432624e-01
1.158191086453285584e-01
1.162637704349251538e-01
1.167420871612026706e-01
1.172533668822306196e-01
1.177969176560786091e-01
1.183720475408162054e-01
1.189780645945129334e-01
1.193552366999065945e-01
1.197273140215996678e-01
1.200942965595921397e-01
1.204561843138840377e-01
1.207442931573296102e-01
1.209986872737528890e-01
1.212194531005620080e-01
1.214066770751650731e-01
1.214937936252737799e-01
1.215720768991055134e-01
1.216450266029376892e-01
1.217151599810675638e-01
1.217849942777924632e-01
1.218570467374097410e-01
1.220025187313624193e-01
1.221781583140444938e-01
1.223814589672398423e-01
1.226134063351072695e-01
1.229347111636874684e-01
1.232520426702323896e-01
1.235621425790207895e-01
1.238627350763113616e-01
1.241515443483628411e-01
1.244262945814339355e-01
1.246847099617833937e-01
1.249302196817491661e-01
1.251654852526953021e-01
1.253896760236109797e-01
1.256280016137091282e-01
1.259658559008108858e-01
1.263995914153343003e-01
1.268785283085986371e-01
1.273791734092883376e-01
1.279011217473561002e-01
1.284439683527545950e-01
1.290073082554365758e-01
1.295907364853547405e-01
1.301938480724618152e-01
1.307971246843012136e-01
1.312937834059819397e-01
1.316534553542083597e-01
1.318948930094233640e-01
1.320323812133457064e-01
1.321048793007389421e-01
1.321207188946755817e-01
1.320805944839507085e-01
1.319852005573593223e-01
1.318419358681564846e-01
1.317061125561403701e-01
1.316032897295627280e-01
1.315691698568585977e-01
1.316372585547831986e-01
1.317982934824922236e-01
1.320074358424246086e-01
1.322571985509110037e-01
1.325477316585594867e-01
1.328791852159782461e-01
1.332450050093154093e-01
1.335888919764341709e-01
1.339037962771548462e-01
1.341881648562668894e-01
1.344405525255996103e-01
1.346795630159410839e-01
1.349116138204829174e-01
1.351363984302161592e-01
1.353536103361316911e-01
1.355629430292205617e-01
1.357985158332324915e-01
1.360865922717057197e-01
1.364319666475103665e-01
1.368341223690852648e-01
1.372084290862660150e-01
1.375790744294956847e-01
1.379455836052961570e-01
1.383074818201893708e-01
1.386642942806972922e-01
1.390155461933418324e-01
1.393265613246280343e-01
1.395738036599435128e-01
1.397058113668589174e-01
1.397510250056000769e-01
1.397936031693915726e-01
1.398109648276865125e-01
1.398087927575902556e-01
1.397872956586511117e-01
1.397466822304174461e-01
1.396871611724375684e-01
1.396515814728196969e-01
1.396964339210448047e-01
1.398289681914479388e-01
1.399903384770175008e-01
1.401812453993621643e-01
1.404003112232549699e-01
1.406425568297376416e-01
1.409084771774089528e-01
1.411985672248677604e-01
1.415133219307128098e-01
1.418103715722410785e-01
1.420322516684474901e-01
1.422200856214534126e-01
1.424036357791965135e-01
1.425828264200660889e-01
1.427291046803413899e-01
1.428220673627403625e-01
1.428621023700742398e-01
1.428692719645145437e-01
1.428897317582072946e-01
1.429261261543758321e-01
1.429777327795714315e-01
1.430476634725485752e-01
1.431365842149371070e-01
1.432429074898791954e-01
1.433793082926426432e-01
1.435609726173088796e-01
1.437833695133748646e-01
1.440256692105232328e-01
1.442291743111819291e-01
1.443596807078234845e-01
1.444365849143623426e-01
1.444648961262558762e-01
1.444445767893381138e-01
1.443765302144629503e-01
1.442769728150530839e-01
1.441522217281635265e-01
1.440058513752989766e-01
1.438380606384181970e-01
1.437336506949009884e-01
1.437363581258528367e-01
1.437680900061119593e-01
1.438247867519041323e-01
1.439067990179962175e-01
1.440153116382070775e-01
1.441504109737710981e-01
1.442521957593628501e-01
1.443569298660686839e-01
1.444665996990546486e-01
1.445103636453460294e-01
1.444774626071205770e-01
1.444287331480532677e-01
1.443680293319649088e-01
1.442930438958637540e-01
1.442027991415016641e-01
1.440963173706303058e-01
1.440318471226770258e-01
1.439852338891548511e-01
1.439867591064721841e-01
1.440324951164096146e-01
1.441185142607474268e-01
1.442408888812662382e-01
1.443817864352543445e-01
1.445367428858686243e-01
1.447050724521611598e-01
1.448778439220635983e-01
1.450538614217510014e-01
1.452210555142572634e-01
1.453049240203408421e-01
1.453298108476515360e-01
1.453002196352951858e-01
1.452236208944326923e-01
1.451136497237098533e-01
1.449773705537985569e-01
1.448159058156801016e-01
1.446388236976028918e-01
1.444317960904277498e-01
1.442137966795577209e-01
1.440448572165820840e-01
1.439180530242953893e-01
1.438088121008815612e-01
1.437135779080438991e-01
1.436338706814166977e-01
1.435706060155253760e-01
1.435249901523761862e-01
1.434983628675948197e-01
1.435070759907218219e-01
1.435324251889720237e-01
1.435576755071016342e-01
1.435684114263984512e-01
1.435877050213046346e-01
1.436146460306881034e-01
1.436483241934168043e-01
1.436860912603144524e-01
1.437260862820085583e-01
1.437666730220432676e-01
1.438464332506844967e-01
1.439871163263379827e-01
1.441652042119237753e-01
1.443599417630792303e-01
1.445696464002010906e-01
1.447926355436860435e-01
1.450272266139307209e-01
1.452740796604848894e-01
1.455327767856136323e-01
1.457977984307004260e-01
1.459960535241284496e-01
1.460458147392040273e-01
1.460204108586035943e-01
1.459389365130088489e-01
1.458026909128596060e-01
1.456148078982311134e-01
1.453815629856680114e-01
1.451043850336040109e-01
1.447926493216766253e-01
1.444831499926974849e-01
1.442118621837886194e-01
1.440405535823886252e-01
1.439203808221404535e-01
1.438424633625590143e-01
1.438047700102657589e-01
1.438007089503412217e-01
1.438244608307811534e-01
1.438760327003821837e-01
1.439467983055791045e-01
1.440059197670618130e-01
1.440518806227172321e-01
1.440833749295217237e-01
1.440991659039350392e-01
1.441095251958224022e-01
1.441165979634251304e-01
1.441252553568900807e-01
1.441364543869794457e-01
1.441493853773199441e-01
1.442608846590499316e-01
1.443848909134529401e-01
1.444815277875956538e-01
1.445433699351963697e-01
1.445826185297397759e-01
1.446054012159856128e-01
1.446089849455288456e-01
1.445906366699644396e-01
1.445476233408873601e-01
1.444779988543379856e-01
1.442656826797224789e-01
1.439934109063553680e-01
1.437008850349923983e-01
1.434011439227227402e-01
1.430820506332389219e-01
1.427375417589583639e-01
1.423706435832488570e-01
1.419853047994883155e-01
1.416069789874826457e-01
1.412535024405316419e-01
1.409476556293374483e-01
1.406956359053183891e-01
1.404879337714237675e-01
1.403179609629937596e-01
1.401830930207882409e-01
1.400789365367577921e-01
1.400049749854016534e-01
1.399597694312089136e-01
1.399203760522406970e-01
1.398714683130641845e-01
1.398095719232508027e-01
1.396888414071847107e-01
1.395427337094930220e-01
1.393720179351985999e-01
1.391790486575347485e-01
1.389679493985441772e-01
1.387438832858123583e-01
1.385445483766048480e-01
1.383758190073308414e-01
1.382222321305398571e-01
1.380669619251285452e-01
1.379513085823967922e-01
1.378498263446460148e-01
1.377610476984061361e-01
1.376824171352342419e-01
1.376107786177102332e-01
1.375402941357271869e-01
1.374325907494982624e-01
1.372811192400928415e-01
1.370849163092087986e-01
1.368631490984369425e-01
1.366188078841605036e-01
1.363527962180877684e-01
1.360687957579099217e-01
1.357690916580290841e-01
1.354611530012793941e-01
1.352057946888332307e-01
1.349690548220527642e-01
1.347385582626987321e-01
1.345271705229950654e-01
1.343046641943767272e-01
1.340713724447333555e-01
1.338473374538642624e-01
1.336298532742546119e-01
1.334157277952649212e-01
1.332007481173460572e-01
1.329248920094202591e-01
1.326229140402200024e-01
1.323085899500743290e-01
1.319856761732824402e-01
1.316824262023726377e-01
1.313964284320198739e-01
1.311081412812803160e-01
1.308284027145694417e-01
1.305805569364318075e-01
1.303650211483415866e-01
1.301822125517729800e-01
1.300325483482001332e-01
1.299020544330429516e-01
1.297863660597382285e-01
1.296843221416186520e-01
1.295956245272878171e-01
1.295197281752175633e-01
1.294456785198519200e-01
1.293529854168921911e-01
1.292405231145649647e-01
1.291071658610969120e-01
1.289517879047146209e-01
1.287357125305837735e-01
1.284835492426270598e-01
1.281997492736148825e-01
1.278832546222984923e-01
1.275690790331075741e-01
1.272704266578030541e-01
1.269574189358154137e-01
1.266299461443660679e-01
1.262878985606765425e-01
1.259312070068115130e-01
1.256115358004077365e-01
1.253079582446233187e-01
1.250162350652414267e-01
1.247369574789667090e-01
1.244357269347251688e-01
1.240976398872207648e-01
1.237531892451478321e-01
1.234032644056785311e-01
1.230487549692470262e-01
1.226905099914441938e-01
1.223289793694091743e-01
1.219648385567835558e-01
1.216268187534136902e-01
1.213237939560816159e-01
1.210500746737072780e-01
1.208002177991690934e-01
1.205749209636301639e-01
1.203735757010579444e-01
1.201680389365733098e-01
1.199574989449739559e-01
1.197566706824561844e-01
1.195649177817633552e-01
1.193536338138990183e-01
1.191143938549390491e-01
1.188523264200692653e-01
1.185748750390595990e-01
1.182814791150601647e-01
1.179716821518138337e-01
1.176725620586479837e-01
1.173783466621041299e-01
1.170943140628166873e-01
1.168205228655171679e-01
1.165544583026714570e-01
1.162812189569907562e-01
1.159992297222172813e-01
1.157043977595283019e-01
1.153948520691213397e-01
1.150715060422152353e-01
1.147352730700289258e-01
1.143925852768903073e-01
1.140233793910999105e-01
1.136283514313008169e-01
1.132110997374657230e-01
1.127876273645308652e-01
1.123590797913709000e-01
1.119063414450337524e-01
1.114451946118041326e-01
1.109769922245095741e-01
1.105520335204066285e-01
1.101429095155686405e-01
1.097531096789341604e-01
1.093831912548894475e-01
1.090337711171173729e-01
1.087054661393008353e-01
1.083997390347076623e-01
1.081407866617511704e-01
1.079146148426501084e-01
1.077171101140896176e-01
1.074971826943228875e-01
1.072816213951186121e-01
1.070662350159162363e-01
1.068495761097207619e-01
1.066299847572245718e-01
1.064056649534893401e-01
1.061754810363358947e-01
1.059535622491778045e-01
1.057459525229791503e-01
1.055521142364666265e-01
1.053637187128917685e-01
1.051658251272894334e-01
1.049609480823315844e-01
1.047491509414522487e-01
1.045137634679285804e-01
1.042502869310776015e-01
1.039713326213988764e-01
1.036643554944001872e-01
1.033239523902439588e-01
1.029541122892209531e-01
1.025644340277263866e-01
1.021712960475852222e-01
1.017738197134370193e-01
1.013728396687713224e-01
1.009866002666944262e-01
1.006452187621635908e-01
1.003381882208035231e-01
1.000531890838212978e-01
9.978720253438580490e-02
9.953956416910395011e-02
9.930928054064441790e-02
9.909290837144645037e-02
9.888904963323570663e-02
9.869704425812561577e-02
9.851576854108223813e-02
9.832019045481180108e-02
9.810837281794725084e-02
9.788839416302748397e-02
9.766215403877569201e-02
9.742921913724021665e-02
9.718969640778113428e-02
9.691809583217073087e-02
9.664150546752083015e-02
9.638324096761242965e-02
9.611763511393570103e-02
9.584738692394194348e-02
9.557234613985397809e-02
9.529384867139994997e-02
9.501167308256917854e-02
9.472528189768271434e-02
9.442960697427417449e-02
9.414823284717917240e-02
9.385688166295280688e-02
9.353395520899977778e-02
9.320497814070911879e-02
9.286774668066244409e-02
9.252311673591433194e-02
9.217156184956551424e-02
9.181355556471665347e-02
9.146213581936751824e-02
9.112867566232576988e-02
9.081686308277849007e-02
9.052153700127624214e-02
9.023512295905365688e-02
8.995457788397734356e-02
8.967992691345084977e-02
8.940764650592453178e-02
8.912352564285468126e-02
8.883313436837160515e-02
8.853142059523999574e-02
8.821278836153796654e-02
8.787845474436073445e-02
8.753152825697618766e-02
8.717873909674841992e-02
8.682478763743287087e-02
8.646884926687506412e-02
8.612173223690222645e-02
8.581393042200705090e-02
8.553059644337523970e-02
8.525958927072718740e-02
8.500000769870524886e-02
8.475087883352511176e-02
8.451046246739130074e-02
8.427619405147014631e-02
8.404603275213311242e-02
8.381970512646182148e-02
8.358891945068656903e-02
8.333568693185762488e-02
8.306850351078090555e-02
8.279184547109924575e-02
8.250189392675547073e-02
8.219666960570275183e-02
8.186258166321437602e-02
8.151607494477895732e-02
8.117629498122533316e-02
8.082484406435316848e-02
8.046476956644679768e-02
8.009923599985804832e-02
7.972933771848686457e-02
7.935582493464604648e-02
7.898156590993621329e-02
7.860929737265387462e-02
7.825427295414415230e-02
7.790185331719000350e-02
7.753386914081729364e-02
7.716979012777734626e-02
7.680745888465084770e-02
7.644568172699919839e-02
7.608441058571316362e-02
7.572400124736040905e-02
7.537966455450280379e-02
7.505115077992496886e-02
7.473811840621798208e-02
7.443691578813127485e-02
7.414158693310467230e-02
7.385157532007226300e-02
7.356635718450983685e-02
7.327874554581090272e-02
7.297906359171899005e-02
7.267278969560449220e-02
7.234811319657004358e-02
7.200434859913130980e-02
7.164076252730709748e-02
7.126049781004342720e-02
7.086888526638140950e-02
7.046612443288019501e-02
7.005529161318650722e-02
6.966160445904871767e-02
6.928420785881336807e-02
6.891442265571674775e-02
6.854943644430369631e-02
6.818742638322498884e-02
6.783174931222442361e-02
6.748298615387129940e-02
6.714208360383859542e-02
6.680973925155139770e-02
6.648297427495032663e-02
6.614330308900991107e-02
6.580131146992113100e-02
6.545974210397507986e-02
6.511958163058435833e-02
6.478335624646411328e-02
6.443561078388965191e-02
6.409725278010854066e-02
6.376593268484075094e-02
6.343424231821158388e-02
6.310480277933262772e-02
6.277800863172795787e-02
6.245361399707892447e-02
6.213022421711202059e-02
6.180733837510261897e-02
6.148471488602399310e-02
6.117504071990621101e-02
6.085757829139034486e-02
6.053443770126670787e-02
6.021272439496883760e-02
5.989031418334083562e-02
5.956727073839247072e-02
5.924375001073674263e-02
5.893052407296826140e-02
5.862968667811546686e-02
5.834165475824625718e-02
5.806399269412321207e-02
5.779246086388426656e-02
5.752646743807800223e-02
5.726550839373426016e-02
5.700431586514417837e-02
5.673684239825405040e-02
5.646851476549815535e-02
5.619105916082535457e-02
5.590259525928532175e-02
5.559905947123596620e-02
5.528429709446947699e-02
5.496288354889255351e-02
5.463547124918583658e-02
5.431025227429710917e-02
5.399799738975051555e-02
5.369556907741546148e-02
5.339752262712493119e-02
5.310284284567665103e-02
5.281173992722392602e-02
5.252760248930733039e-02
5.224935726267607855e-02
5.197706710852318529e-02
5.171063307409327209e-02
5.144194441808616625e-02
5.116556975045583738e-02
5.089082607495595129e-02
5.061790469576593621e-02
5.034670552189594861e-02
5.006858851234748803e-02
4.979706261962655450e-02
4.953420875584171185e-02
4.927356018615160205e-02
4.901642801087716106e-02
4.876254986161064620e-02
4.851112739982731820e-02
4.826017614756696744e-02
4.800864641731410198e-02
4.775574362050217375e-02
4.750958206352117602e-02
4.725686521000631996e-02
4.699510417893040803e-02
4.673012607647686334e-02
4.646021124201825392e-02
4.618568564888346495e-02
4.590886341397969195e-02
4.563750740241335341e-02
4.537255028848278388e-02
4.511465403064292279e-02
4.486066596546268298e-02
4.460990075318252424e-02
4.436187180069071923e-02
4.411672170031659401e-02
4.386920824007737446e-02
4.362384285407161499e-02
4.338155438229725214e-02
4.313731492937301903e-02
4.289186173789841239e-02
4.264612463522373526e-02
4.240440417068612466e-02
4.216774192094147056e-02
4.194166215418006216e-02
4.173194807332946538e-02
4.153669514243383404e-02
4.135112136926995252e-02
4.117207656010263284e-02
4.099791982302072868e-02
4.082646705668710463e-02
4.065656292472614314e-02
4.048730087735943201e-02
4.031810150583019919e-02
4.014355082643653039e-02
3.995780545065624745e-02
3.976813063791666963e-02
3.957480833700834089e-02
3.937802742141729984e-02
3.916879851491811976e-02
3.896698192722520410e-02
3.876366948553455760e-02
3.856026126964764988e-02
3.835773523248891398e-02
3.815679618868991069e-02
3.795736046732707536e-02
3.775888093873101814e-02
3.756137532353757275e-02
3.736491045212975842e-02
3.717887119750944158e-02
3.698450427350660763e-02
3.679082122744312816e-02
3.659647111247038564e-02
3.640084978018275769e-02
3.620379943195952549e-02
3.600992472232437264e-02
3.581973876930262535e-02
3.563225141918266448e-02
3.544445887992098837e-02
3.525587605786886791e-02
3.506667944062247244e-02
3.487206965435976636e-02
3.467261784682109521e-02
3.447157793106245260e-02
3.426902958589779502e-02
3.406062485839900927e-02
3.384653807440192452e-02
3.362809197054190957e-02
3.340824647091993060e-02
3.318760913778650429e-02
3.297446078368111710e-02
3.277125658880886139e-02
3.257513371483995723e-02
3.238280310770052378e-02
3.219400291166427119e-02
3.200765112255963413e-02
3.182334291864592768e-02
3.164052037608304502e-02
3.145905041451381445e-02
3.127827450380198798e-02
3.108955185279839786e-02
3.089514482361677833e-02
3.069730939482345072e-02
3.048977495209333893e-02
3.027482795204145330e-02
3.006314629329644161e-02
2.984751380322180070e-02
2.962894987976714620e-02
2.940775937685013303e-02
2.918465851549005910e-02
2.895983857145560322e-02
2.873304125300572484e-02
2.850453072666914861e-02
2.828067712312144072e-02
2.805952468478540435e-02
2.783080262999853075e-02
2.760243250257762848e-02
2.737433980945973983e-02
2.714690477700596599e-02
2.692406193329300451e-02
2.670748780064013603e-02
2.649784344624728574e-02
2.629372702339266565e-02
2.609405571680235153e-02
2.589778622506904923e-02
2.570105547479245925e-02
2.550555484067221906e-02
2.531178910833856849e-02
2.511941645694225345e-02
2.492454151001679413e-02
2.472569046779381219e-02
2.452294582668079065e-02
2.431757010937431879e-02
2.411168505678321777e-02
2.391020668278910286e-02
2.371599632320441770e-02
2.352550972649243566e-02
2.333758819381746841e-02
2.315182362313223177e-02
2.296793614395989391e-02
2.278585483470983719e-02
2.260537848945305336e-02
2.242666633162342799e-02
2.224856193055914713e-02
2.206697496879226131e-02
2.188353061057203564e-02
2.169549897184414045e-02
2.150544887342722283e-02
2.132010962883721175e-02
2.113614221789261727e-02
2.095395124691401198e-02
2.077361249285286648e-02
2.059520173266065485e-02
2.041901844538618338e-02
2.024500514438905274e-02
2.007301085119744463e-02
1.990733362134547088e-02
1.974466338040551175e-02
1.957952223746398795e-02
1.941586321420447209e-02
1.925357435452259777e-02
1.909279938407035249e-02
1.893722281266209395e-02
1.878733477467332824e-02
1.864251745394908746e-02
1.850282056470864064e-02
1.836660302153629229e-02
1.823204405182420745e-02
1.809996098122564415e-02
1.797034956280605181e-02
1.784281913489765489e-02
1.771698667048655570e-02
1.758898188540203647e-02
1.745821096057160321e-02
1.732531318541840823e-02
1.719056940034579054e-02
1.705825484187221269e-02
1.693020359072246184e-02
1.680265991651018129e-02
1.667497483610694275e-02
1.654666453585464797e-02
1.641786804665584451e-02
1.628867087240753325e-02
1.615903183289338352e-02
1.602906716965185607e-02
1.589858742827834903e-02
1.576475022784111502e-02
1.562529400051661244e-02
1.548408100840572253e-02
1.534166167049481194e-02
1.520434248806359738e-02
1.506913543201075095e-02
1.493612917295624072e-02
1.480545907064394553e-02
1.467722470608468291e-02
1.455153177714905467e-02
1.442838661200222111e-02
1.431070155224580323e-02
1.419631181699249588e-02
1.408518374980737183e-02
1.397179037919710730e-02
1.385921685738443834e-02
1.374744306487518490e-02
1.363896491857102475e-02
1.353406458678522474e-02
1.343148124802583283e-02
1.333126729708240636e-02
1.323132384732866526e-02
1.313301236516779477e-02
1.303676101031827662e-02
1.294253600630461930e-02
1.285035328481971481e-02
1.276025704490170790e-02
1.266971594751383628e-02
1.257830252346819888e-02
1.248711449475460589e-02
1.239767516782612662e-02
1.231256881896266968e-02
1.223011302075062770e-02
1.214844518565245252e-02
1.206675442370483062e-02
1.198476436208932919e-02
1.190219718610066590e-02
1.181883091627593078e-02
1.173456780477887505e-02
1.164929758028477973e-02
1.155960197976453781e-02
1.146574315928608825e-02
1.136847027896421662e-02
1.126966256959881924e-02
1.117327652551559740e-02
1.107767867872388318e-02
1.098325506072314606e-02
1.089037279393649353e-02
1.079943290230137021e-02
1.071074260123510390e-02
1.062637230891623485e-02
1.054557539950056952e-02
1.046832923452500723e-02
1.039400134012023053e-02
1.031900013284892809e-02
1.024536403483246143e-02
1.017390384183474578e-02
1.010591948864477015e-02
1.003965109382166411e-02
9.973633621935911603e-03
9.907409623187059949e-03
9.841744723147633281e-03
9.776433335314048401e-03
9.711309815666389900e-03
9.646589179882583340e-03
9.582027563943131682e-03
9.516536222249414104e-03
9.448546041175851298e-03
9.379507702510520711e-03
9.312134896373449114e-03
9.246992052653725883e-03
9.183371730011744699e-03
9.120405905771802879e-03
9.058014810354009239e-03
8.996137525325869147e-03
8.934626057071829233e-03
8.873365387731566717e-03
8.812246608836747652e-03
8.749114620350809460e-03
8.683349495336127946e-03
8.614499522027467548e-03
8.542795454213734929e-03
8.471601213508834355e-03
8.399383044073940527e-03
8.326047223898722094e-03
8.251654146455350211e-03
8.176258537901966508e-03
8.099883896419766971e-03
8.024713436824424881e-03
7.949966334748016783e-03
7.875791511141014972e-03
7.802017038247795189e-03
7.726325237708782379e-03
7.650463575355399316e-03
7.576333048218118933e-03
7.503681190321071295e-03
7.430731126441070603e-03
7.358333845136139778e-03
7.287031590566819643e-03
7.216820618108474653e-03
7.147712258114924909e-03
7.079715429393030127e-03
7.012804374226614193e-03
6.946922248622668800e-03
6.880363540261111473e-03
6.813405052452882991e-03
6.748786949741676471e-03
6.685973255770211003e-03
6.624088918392668536e-03
6.562572954627931415e-03
6.501187140550750143e-03
6.439836518678292154e-03
6.378482088218400022e-03
6.317114046834706662e-03
6.254211968954934489e-03
6.190520132202046756e-03
6.125113992808690032e-03
6.057970150347380574e-03
5.990224549228636251e-03
5.922867981307123296e-03
5.855578652487829563e-03
5.788422811708999159e-03
5.721425604176274583e-03
5.654624272833373537e-03
5.589613348056587244e-03
5.525727679245790933e-03
5.463054724031665525e-03
5.401423897075580301e-03
5.340049212789121751e-03
5.278518069066703150e-03
5.218887165101800465e-03
5.159650665768034453e-03
5.101112801776135595e-03
5.043622850075432998e-03
4.987168164348412640e-03
4.931733345198897021e-03
4.877242861741787686e-03
4.823677910157960456e-03
4.770926661676058549e-03
4.719129061700574196e-03
4.666920513560396215e-03
4.616065194260445329e-03
4.567043243536846736e-03
4.519295821096965156e-03
4.472535648977076644e-03
4.426683342635433747e-03
4.381666275955584111e-03
4.337485124719113808e-03
4.293340632663167171e-03
4.249457351692994059e-03
4.205795967954483079e-03
4.162225334756200490e-03
4.118003423949930138e-03
4.074023358847641239e-03
4.030639621405747962e-03
3.987647931187403641e-03
3.944980585812195469e-03
3.902572352166223685e-03
3.861306863707458098e-03
3.820784867515692775e-03
3.780989877579027034e-03
3.741783306804025589e-03
3.703135302753790981e-03
3.664323328694855334e-03
3.625227020703046445e-03
3.586401768025167247e-03
3.547886513646192515e-03
3.509768675909845370e-03
3.472065882949557092e-03
3.434792068439165673e-03
3.397947461922959638e-03
3.361504837057057316e-03
3.325430200386086943e-03
3.289758467091432204e-03
3.254492721435611226e-03
3.219596470032465123e-03
3.185658701879931845e-03
3.152128671564410119e-03
3.118959989006437651e-03
3.086104908305085329e-03
3.053384188470099035e-03
3.020028801280834341e-03
2.986557441010040913e-03
2.953016615352981392e-03
2.919525889405910103e-03
2.885846800120799548e-03
2.851914016917374717e-03
2.818520277042851040e-03
2.785782529721100419e-03
2.753568273194795853e-03
2.722035387747125459e-03
2.692003053131756477e-03
2.663010378949644610e-03
2.635051216743937701e-03
2.608040748137917773e-03
2.581961373990827261e-03
2.556135413145360115e-03
2.530759239396516546e-03
2.505947913890240950e-03
2.481660062923607413e-03
2.457890400262469771e-03
2.434589536054560573e-03
2.411692960196703834e-03
2.389134862544505227e-03
2.366851449637974968e-03
2.344739061485956282e-03
2.323043630849867900e-03
2.301279274435561340e-03
2.279983166214734000e-03
2.258690016609517411e-03
2.237371029996249126e-03
2.215994578729297334e-03
2.193973403172426104e-03
2.171559621988651979e-03
2.148780242243114764e-03
2.125753781565158269e-03
2.102501729081105927e-03
2.079063595063718271e-03
2.055099002498503042e-03
2.031318605584355071e-03
2.007689103219338026e-03
1.984190574098984756e-03
1.961427670097129223e-03
1.939163376016052971e-03
1.917507837151432313e-03
1.896463925447412855e-03
1.875951786026099511e-03
1.855752934744835580e-03
1.836082766163867975e-03
1.816987594527200199e-03
1.798371943840997760e-03
1.780317177684544606e-03
1.762824458877120188e-03
1.745907061189122013e-03
1.729452481851981738e-03
1.713412273110012348e-03
1.697869564583631870e-03
1.683002949359139111e-03
1.668687315023588457e-03
1.654481923225963090e-03
1.640533649323428151e-03
1.626458075773413482e-03
1.612364930112080482e-03
1.598225659905654419e-03
1.584023827775372711e-03
1.569743548947409193e-03
1.555370508760934786e-03
1.540917380342886247e-03
1.526260704649664776e-03
1.511647288079171489e-03
1.496984859134222346e-03
1.482630440873061988e-03
1.468421529930291842e-03
1.454366411089316573e-03
1.440468784235660223e-03
1.426529090085988313e-03
1.412440675667849845e-03
1.398486252980436079e-03
1.384405814869073921e-03
1.370227019760835449e-03
1.355916167409056865e-03
1.341429689227575288e-03
1.326816312467112057e-03
1.312074668523385617e-03
1.297204733891892071e-03
1.282406362720344903e-03
1.267724587910552076e-03
1.253302809434706953e-03
1.238849263521803754e-03
1.224206388522961668e-03
1.209662118883808634e-03
1.195303674561722443e-03
1.181196768775818638e-03
1.167379289973650199e-03
1.153854198589501128e-03
1.140627381499992148e-03
1.127949283443878230e-03
1.115474872837733059e-03
1.103238715686407582e-03
1.091454489255599307e-03
1.079964030164432681e-03
1.068681898572610128e-03
1.057456974315339584e-03
1.046064799873636705e-03
1.034638452021831257e-03
1.023307708834281845e-03
1.011946942035577045e-03
1.000453688920860352e-03
9.888666145493549015e-04
9.771672653421654801e-04
9.653638748678057026e-04
9.534898980863464654e-04
9.416335341110243853e-04
9.299837338688315925e-04
9.185358667595743248e-04
9.072666276072788609e-04
8.957221419921560434e-04
8.840383672987852130e-04
8.723041484887124981e-04
8.605456706025943914e-04
8.487573341781720106e-04
8.369410783822877568e-04
8.250849325286334314e-04
8.134315205001246482e-04
8.016875819408803960e-04
7.897416966996541852e-04
7.779802367861980185e-04
7.662873593486456110e-04
7.545009050610921144e-04
7.427252476359734283e-04
7.310814296312188008e-04
7.196425823555941325e-04
7.085829533548990665e-04
6.976758910247507581e-04
6.870677664885415552e-04
6.767566621100133380e-04
6.667566135022454359e-04
6.570872385206073373e-04
6.479350341610826906e-04
6.392039489431512430e-04
6.309034491394580882e-04
6.228538270485349439e-04
6.149372068510320418e-04
6.071398252259296120e-04
5.994849880815554402e-04
5.919782393917531142e-04
5.846105161052478957e-04
5.773632169301908326e-04
5.702172516466618747e-04
5.633766304191549024e-04
5.565447274298553548e-04
5.498276117582119246e-04
5.431648974403085420e-04
5.364251926677612902e-04
5.296595199171373700e-04
5.228663357581867475e-04
5.160759909384053960e-04
5.094108495836614141e-04
5.027993084072407805e-04
4.960149127257558943e-04
4.892263505367319600e-04
4.824190295419511238e-04
4.756041533688268297e-04
4.689099682438734170e-04
4.622398092462905064e-04
4.556001628133677294e-04
4.489878871708401307e-04
4.422652739603267092e-04
4.355210838551841013e-04
4.287817780019050735e-04
4.220634363625042637e-04
4.154058143137067814e-04
4.088948324746850848e-04
4.026285818190524445e-04
3.966002031049355842e-04
3.908058998830096168e-04
3.851463879685216229e-04
3.796951779741721184e-04
3.744583885981513094e-04
3.694292809773287007e-04
3.646961348159533968e-04
3.602135299174011535e-04
3.558904575438162393e-04
3.516371143096711795e-04
3.475056527533111617e-04
3.434864246865314903e-04
3.396524809103558832e-04
3.358884454881050710e-04
3.322519800982954782e-04
3.287292709886666087e-04
3.252019782879710910e-04
3.216778865694297170e-04
3.181645623966144793e-04
3.146542868768481094e-04
3.111394127987812046e-04
3.077086068360046934e-04
3.043346875504484498e-04
3.010158867704389434e-04
2.975694252016386791e-04
2.940193764139235953e-04
2.904017197364387151e-04
2.867388342640812978e-04
2.831343134864632862e-04
2.795354732599413536e-04
2.759433161318796367e-04
2.722763201545919717e-04
2.685608807926583084e-04
2.648574547923578148e-04
2.611825737820491029e-04
2.575986399813366928e-04
2.541007314197911578e-04
2.506655397029234245e-04
2.471942348071057846e-04
2.437348075973332540e-04
2.402960697537410365e-04
2.368864282665969988e-04
2.335636103154098637e-04
2.303377877420942387e-04
2.272362420373095105e-04
2.241854622970565480e-04
2.211876066808742339e-04
2.182658242774527288e-04
2.154210803541747941e-04
2.127445396032861613e-04
2.101813221464410189e-04
2.077215642263322264e-04
2.053027779129911108e-04
2.029098831658051954e-04
2.004792775017688947e-04
1.980770975874219294e-04
1.957364723189772347e-04
1.934306105490258838e-04
1.911591926551890199e-04
1.888392749783420431e-04
1.865131714234161196e-04
1.841859330700128413e-04
1.819068741182898929e-04
1.796477511829324086e-04
1.775066472904820016e-04
1.754139691473194124e-04
1.733193067361739619e-04
1.712433901814907006e-04
1.692163429449101823e-04
1.672601780582996800e-04
1.653508555264587387e-04
1.634817015561897580e-04
1.615686464011363750e-04
1.596343163655526481e-04
1.577058757659014843e-04
1.558293174172560689e-04
1.539556912546096498e-04
1.520823926149573893e-04
1.501735549178298405e-04
1.482008309381807002e-04
1.461614670283664587e-04
1.440731454059254605e-04
1.419654862140467806e-04
1.398618121519353788e-04
1.377558740864862541e-04
1.356009099772504962e-04
1.334660378396307064e-04
1.313859568457668753e-04
1.293525645102019072e-04
1.273698092320939930e-04
1.254341405205866274e-04
1.235464222429919672e-04
1.217461962411350325e-04
1.200283518682228285e-04
1.183839601284466858e-04
1.168063974518476170e-04
1.152753472123673476e-04
1.137600597351245025e-04
1.122837425719978919e-04
1.108321651073967474e-04
1.094444906248651751e-04
1.081029609157739557e-04
1.067711843114135822e-04
1.054310256369634730e-04
1.041057473922618154e-04
1.028045204342053478e-04
1.014979108257338397e-04
1.001869913285743837e-04
9.886022745586883580e-05
9.757903483714482865e-05
9.631415532713791098e-05
9.506354496736429342e-05
9.382981453929281190e-05
9.261643038121770673e-05
9.140551703706197820e-05
9.018346187366865188e-05
8.896865629006957743e-05
8.775537769985263838e-05
8.653815455151733988e-05
8.528158120060005650e-05
8.401968031694585434e-05
8.275008076869021711e-05
8.142691626971476713e-05
8.006673984361110052e-05
7.866022195628341292e-05
7.724710196517909884e-05
7.582685128211667281e-05
7.440799478621056744e-05
7.300003099201450932e-05
7.158497491419838626e-05
7.018112062505726305e-05
6.878929825031705704e-05
6.745967215680296009e-05
6.618190238912054885e-05
6.498527510302891451e-05
6.384056130234047545e-05
6.274089354282076116e-05
6.168444529297869292e-05
6.066687968282563176e-05
5.971793370457417218e-05
5.880989049901413988e-05
5.794087386845121106e-05
5.710646865888790053e-05
5.625897688814318880e-05
5.543189710453278200e-05
5.460589482968904168e-05
5.380060887087740896e-05
5.301428929485349864e-05
5.226521597464671084e-05
5.151879896949468037e-05
5.076913835806392584e-05
5.002039363095537829e-05
4.928283215540307083e-05
4.861029765233439739e-05
4.794696669808864146e-05
4.730043900078921651e-05
4.663793978701683045e-05
4.599331809176078153e-05
4.532666621320209719e-05
4.462839801330674091e-05
4.390493010153006750e-05
4.317975604700024123e-05
4.241901012655219987e-05
4.161666086035816609e-05
4.078204580505236126e-05
3.993554151309576051e-05
3.910900993839999830e-05
3.826541866219532553e-05
3.741077414889349778e-05
3.659278598774997379e-05
3.580455730603491652e-05
3.502591970124029281e-05
3.428356186511938243e-05
3.358492481394957158e-05
3.290903526715703277e-05
3.225250847685256470e-05
3.162398810350616031e-05
3.103272931298386924e-05
3.049483604643275710e-05
2.996995442401276398e-05
2.947628839850703457e-05
2.901731186899987014e-05
2.858728337754967952e-05
2.817503443111246870e-05
2.780602135682495356e-05
2.746025885814688393e-05
2.712808768487967012e-05
2.679674747995350879e-05
2.647128042791999507e-05
2.615368902429425331e-05
2.582596453124187780e-05
2.549594072397993468e-05
2.515951354815291387e-05
2.481327581922037313e-05
2.445403009429578570e-05
2.407974452921366246e-05
2.368955074990522846e-05
2.330060855247708776e-05
2.290751327159192189e-05
2.248590358536313734e-05
2.206378469038369378e-05
2.163284425527824855e-05
2.119836238471539821e-05
2.076619034334788546e-05
2.032925413715984473e-05
1.989821311283988022e-05
1.948273316587913694e-05
1.907179473289745940e-05
1.865487393673586348e-05
1.827392004784748108e-05
1.791149367070895521e-05
1.756442544984387628e-05
1.723750336500834407e-05
1.692644168262083328e-05
1.663790367928428616e-05
1.637998149146396967e-05
1.612903163931482284e-05
1.589614532110298874e-05
1.568832513289875310e-05
1.549330811893761674e-05
1.530653785469980274e-05
1.512422944460874188e-05
1.495304071469747140e-05
1.478723589836956646e-05
1.461927727543481228e-05
1.444862609301164980e-05
1.428829189813424721e-05
1.410588168673174983e-05
1.391139398268369270e-05
1.371923907745819068e-05
1.351978195408339050e-05
1.331944996055317252e-05
1.311544373322283654e-05
1.290772058737465149e-05
1.269862729915806385e-05
1.247589380507310459e-05
1.225136995282117174e-05
1.203869585973549559e-05
1.184036120742196445e-05
1.164188307367389198e-05
1.146037856967602639e-05
1.127772397868354117e-05
1.109826436611927137e-05
1.093054756235527203e-05
1.077260189909057260e-05
1.063494122348887836e-05
1.050655514174603457e-05
1.038075434150405667e-05
1.025263440334852469e-05
1.012813695041280241e-05
1.000625449726111720e-05
9.902759972020219880e-06
9.786254105034156254e-06
9.672939749754171291e-06
9.552544248528357994e-06
9.426604125933763317e-06
9.291007773812705873e-06
9.158923234916503087e-06
9.019812875081334466e-06
8.883584276468762522e-06
8.735761968311316338e-06
8.575653083075524070e-06
8.430735452070312925e-06
8.285714525549131665e-06
8.154033837452923778e-06
8.011335701247594162e-06
7.877657623748021671e-06
7.744257945697401963e-06
7.626163035711261813e-06
7.514022919936100362e-06
7.409924301158024101e-06
7.318463010695855111e-06
7.229717707604935224e-06
7.144212515392913925e-06
7.062342273219363377e-06
6.998913219199386275e-06
6.942121838568381777e-06
6.905181844872521196e-06
6.883878673494110206e-06
6.876566862146002023e-06
6.934092015066061548e-06
6.966255271769497843e-06
6.946433317203080960e-06
6.897673952424918736e-06
6.830127118593642568e-06
6.744011411252946199e-06
6.638910705844083001e-06
6.510999428050973641e-06
6.354989920288435046e-06
6.174563679630833923e-06
5.925108509493214242e-06
5.691020638879126099e-06
5.503430366987497207e-06
5.336933158960537790e-06
5.180813780727708056e-06
5.036260326266838075e-06
4.900756234887159441e-06
4.773842770447443321e-06
4.655603930390724877e-06
4.543416093999217899e-06
4.436701566355994587e-06
4.335446121486357786e-06
4.238298749115690462e-06
4.144442755975451461e-06
4.053456784690569195e-06
3.965082817421233913e-06
3.878798441829476271e-06
3.794305405857480517e-06
3.711516198255585049e-06
3.630396879398125190e-06
3.550947041031697697e-06
3.472789071668960233e-06
3.396146321470237304e-06
3.321079661798752570e-06
3.247682685474125872e-06
3.176135124150341047e-06
3.106115178158193992e-06
3.037610499030089162e-06
2.970820622292717701e-06
2.905748775993166869e-06
2.842395764370696321e-06
2.780694883798791117e-06
2.720408862492451820e-06
2.661466779039476537e-06
2.603744532880241214e-06
2.547299422372386568e-06
2.492090782369209857e-06
2.438111053677605785e-06
2.385136980214019112e-06
2.333140515494462109e-06
2.282105685498230612e-06
2.232000038336623077e-06
2.182912655100732281e-06
2.134897667861432712e-06
2.088027337579731920e-06
2.042195839416374242e-06
1.997410293353237827e-06
1.953669646190968908e-06
1.910957249325191864e-06
1.869224422041384658e-06
1.828475016411359802e-06
1.788735449898403242e-06
1.749879482003785043e-06
1.711826088593011201e-06
1.674528813744911726e-06
1.637939935548618307e-06
1.602016862827251386e-06
1.566719081374104851e-06
1.532015497096093877e-06
1.497980997323677005e-06
1.464590391103191592e-06
1.431839939097731223e-06
1.399726949946424797e-06
1.368244755343637579e-06
1.337387033973589169e-06
1.307148833692299884e-06
1.277522508661452012e-06
1.248487662599314265e-06
1.220093756114218986e-06
1.192269757569113483e-06
1.164990894015757002e-06
1.138213155247010619e-06
1.111931963126416390e-06
1.086153406965924016e-06
1.060890210387147354e-06
1.036159371659097965e-06
1.011976155077947375e-06
9.883659362694585748e-07
9.653204417335161617e-07
9.428485837135687687e-07
9.209608565192548517e-07
8.996633988971299054e-07
8.789559885312681523e-07
8.588246821776487498e-07
8.392429053103475175e-07
8.201811376556985522e-07
8.016118364517123267e-07
7.834978548612652635e-07
7.658043949359495884e-07
7.485014105736460144e-07
7.315602241393659698e-07
7.149542636442446160e-07
6.986593113772066142e-07
6.826598757068343529e-07
6.669433268091335797e-07
6.514982323021773854e-07
6.363153845329076625e-07
6.213987372780423403e-07
6.067135519718972255e-07
5.922705841965393276e-07
5.780641306880386450e-07
5.640921121640379910e-07
5.503591665333143420e-07
5.368740992095532600e-07
5.236510472283046484e-07
5.107067000543694488e-07
4.980626460165441060e-07
4.857309302209402141e-07
4.737260522052103740e-07
4.620385908854444031e-07
4.506824210478209958e-07
4.396652316147071928e-07
4.289841019964982313e-07
4.186323870094889532e-07
4.086006212348546238e-07
3.988760259851604785e-07
3.894404481334366561e-07
3.802858752814968859e-07
3.714051547767823761e-07
3.627900062856084488e-07
3.544224543671074953e-07
3.462842478426870347e-07
3.383689932704339876e-07
3.306675886431731018e-07
3.231680651893554561e-07
3.158579109027293997e-07
3.087241440080516554e-07
3.017537591246127766e-07
2.949340089909002642e-07
2.882537810135792165e-07
2.817031953213378674e-07
2.752760970771285874e-07
2.689599752027349102e-07
2.627456762181180034e-07
2.566282987146219602e-07
2.506101623217926846e-07
2.446900139712608079e-07
2.388674759709459463e-07
2.331427519984103961e-07
2.275170734831474460e-07
2.219930978008080589e-07
2.165747764792233955e-07
2.112660437385711504e-07
2.060714290410619741e-07
2.009950716448222544e-07
1.960342618185470580e-07
1.911902326923903551e-07
1.864633715471162518e-07
1.818577344225217931e-07
1.773729095254752029e-07
1.730082899606430935e-07
1.687637858084584341e-07
1.646366586151773688e-07
1.606219991999279562e-07
1.567143497406888921e-07
1.529079520896331255e-07
1.491974976594098940e-07
1.455776668651782072e-07
1.420394189973759483e-07
1.385779155879976934e-07
1.351874708425171920e-07
1.318674712067651233e-07
1.286145682467645321e-07
1.254275133498762598e-07
1.223062007195180871e-07
1.192514607056398165e-07
1.162647102547578075e-07
1.133482401851213277e-07
1.105048433605266125e-07
1.077373159270899337e-07
1.050494135241892966e-07
1.024387910568734759e-07
9.990874018118862715e-08
9.746272231939444699e-08
9.510267893299228390e-08
9.283660910763441935e-08
9.066453141629337795e-08
8.858521460737678451e-08
8.659664771314419076e-08
8.469604008221334115e-08
8.287981946561623808e-08
8.114394691521215569e-08
7.948387805325759994e-08
7.789443720878755286e-08
7.637073357699143247e-08
7.490085925413832087e-08
7.347982713529310643e-08
7.210200735634652760e-08
7.075931517895272655e-08
6.943974677097546028e-08
6.814387693378397534e-08
6.687006258354748284e-08
6.561673121811741755e-08
6.438256150429644133e-08
6.316683300504720676e-08
6.196934151568356798e-08
6.079081700462932897e-08
5.963305001746416310e-08
5.849987237564461986e-08
5.739944296174679659e-08
5.632780154321865288e-08
5.528360725462461324e-08
5.426573283173028288e-08
5.327311757356745121e-08
5.230631534536153419e-08
5.136685391527835421e-08
5.045266361708208748e-08
4.956161225065952799e-08
4.869224488049225931e-08
4.784332326762081479e-08
4.701362191324866424e-08
4.620180782183031612e-08
4.540637763377325271e-08
4.462583971548530635e-08
4.385699793365007581e-08
4.309597818590655685e-08
4.234237093128706477e-08
4.159610235964938551e-08
4.085719665885487961e-08
4.012513280086243798e-08
3.940282432299652176e-08
3.869046542188171032e-08
3.798834068182660719e-08
3.729685823416719567e-08
3.661644451884490104e-08
3.594740793786887790e-08
3.528999107534184106e-08
3.464430150285997785e-08
3.401049490577727299e-08
3.338926118832762058e-08
3.277798871624396653e-08
3.217686908380102478e-08
3.158608540841483541e-08
3.100569673588369131e-08
3.043567351208177572e-08
2.987545020440309803e-08
2.932660304065382044e-08
2.878910436063968003e-08
2.826282391205155977e-08
2.774763664637558790e-08
2.724326295449068887e-08
2.674932555805332180e-08
2.626549725983475509e-08
2.579145443522591161e-08
2.532684994272803361e-08
2.487192499109926055e-08
2.442466884369233738e-08
2.398463971935537650e-08
2.355139607096494385e-08
2.312450036964267981e-08
2.270361936878911275e-08
2.228829336658903522e-08
2.187828937216747876e-08
2.147383395583380386e-08
2.107468475661714683e-08
2.068062000227849513e-08
2.029149995362673624e-08
1.990726986563867502e-08
1.952797881583362105e-08
1.915372475721377075e-08
1.878462352643946166e-08
1.842097507294486800e-08
1.806276398355833467e-08
1.770955819604390206e-08
1.736148304259273828e-08
1.701866508141279091e-08
1.668123783207704042e-08
1.634929470288949672e-08
1.602279623338165629e-08
1.570214042213544816e-08
1.538744334528767343e-08
1.507852775657779291e-08
1.477524742767555026e-08
1.447744726698830686e-08
1.418498798285841767e-08
1.389773052258068066e-08
1.361551917351991031e-08
1.333819321629883340e-08
1.306563939101344385e-08
1.279729065857621972e-08
1.253287414188181211e-08
1.227240872944948622e-08
1.201593897954690249e-08
1.176352146863007689e-08
1.151518920823524471e-08
1.127093521521078407e-08
1.103095510535389034e-08
1.079568368208108545e-08
1.056520700426985548e-08
1.033951367029733298e-08
1.011856973016750157e-08
9.902354119329361647e-09
9.690840645688954892e-09
9.484002598734757695e-09
9.281812985395803632e-09
9.084275820316835379e-09
8.891179895142114951e-09
8.702079432328140309e-09
8.516847412932193405e-09
8.335412676053485947e-09
8.157718429108683181e-09
7.983691545729482227e-09
7.813235609925382399e-09
7.646142180931503409e-09
7.482200030018676912e-09
7.321480417620979384e-09
7.163930551446052190e-09
7.009474339035902890e-09
6.858018556726686730e-09
6.709458959019282702e-09
6.563689367327118043e-09
6.420622949728921966e-09
6.280198942420937332e-09
6.142448845390701955e-09
6.007405302734356141e-09
5.874806713045024641e-09
5.744541225614135359e-09
5.616522392000466058e-09
5.490683070792214585e-09
5.366988137159038135e-09
5.245427948085736888e-09
5.126035083477383559e-09
5.008971267236804812e-09
4.894422025752554822e-09
4.782388663564441089e-09
4.672881767524955587e-09
4.565902187773657191e-09
4.461449662806252693e-09
4.359540640816576136e-09
4.260201709207454473e-09
4.163450763828968809e-09
4.069265302798891439e-09
3.977484696244744413e-09
3.887904480479727001e-09
3.800542594592124136e-09
3.715379027508720247e-09
3.632356597412895656e-09
3.551415509034455833e-09
3.472487780990380768e-09
3.395484269689811138e-09
3.320232633428008255e-09
3.246551511455678261e-09
3.174398885559662146e-09
3.103696264049666414e-09
3.034334751560680611e-09
2.966239825076978494e-09
2.899369501882018632e-09
2.833676872467441298e-09
2.769123247746252794e-09
2.705692602468146467e-09
2.643451393182085436e-09
2.582470608207472423e-09
2.522680596032606867e-09
2.464066167706814478e-09
2.406615077685825867e-09
2.350319034636212738e-09
2.295175407613430856e-09
2.241193243254403723e-09
2.188387032042188094e-09
2.136788754836104457e-09
2.086522073758374797e-09
2.037629117830332480e-09
1.990104866234139457e-09
1.943949614854971802e-09
1.899156998946761432e-09
1.855715215748563054e-09
1.813611534643296992e-09
1.772829339630023748e-09
1.733349699903857959e-09
1.695133447221531322e-09
1.658046343031023763e-09
1.622034318528183106e-09
1.587084017839507620e-09
1.553181323791728610e-09
1.520316380880820362e-09
1.488478829423234434e-09
1.457655385535323713e-09
1.427831987983020159e-09
1.398997819361563428e-09
1.371154435284947356e-09
1.344393530184581172e-09
1.318701054894119073e-09
1.294041503231591449e-09
1.270374577061322960e-09
1.247657119445122492e-09
1.225847480609777906e-09
1.204904307344769481e-09
1.184783846126242161e-09
1.165434892524879117e-09
1.146787387482833026e-09
1.128678977526019710e-09
1.111053937032268467e-09
1.093884277273324625e-09
1.077142334747813750e-09
1.060801536493861727e-09
1.044835697462327089e-09
1.029209305740578226e-09
1.013867805310724791e-09
9.987153890503279794e-10
9.835125681190443513e-10
9.682144864781944319e-10
9.528106471790429420e-10
9.372896759045981795e-10
9.216448802596743886e-10
9.058711996642989491e-10
8.899640965589856856e-10
8.739283908144544015e-10
8.577859933396624337e-10
8.415991020034643155e-10
8.255764984827341156e-10
8.097333746676196964e-10
7.940536003458585584e-10
7.785227375900727928e-10
7.631287865580809129e-10
7.478613660768248807e-10
7.327138402023418089e-10
7.176862428972948396e-10
7.027889684411865856e-10
6.880517359381351995e-10
6.735431587295036704e-10
6.594081162187555891e-10
6.456602914791126426e-10
6.323083130491592540e-10
6.193589931009168630e-10
6.068181410905964502e-10
5.946881956510717554e-10
5.829655200552146190e-10
5.716409090858384751e-10
5.606870010259620705e-10
5.500393106595603427e-10
5.395589007555705601e-10
5.292380481258001449e-10
5.190733359071450057e-10
5.090623435415512305e-10
4.992030744477186374e-10
4.894948673073664404e-10
4.799376278695322139e-10
4.705278530758040697e-10
4.612636852847379458e-10
4.521426815388967876e-10
4.431612832299312868e-10
4.343385540724727073e-10
4.256757882435440434e-10
4.171732634521154117e-10
4.088308112510331421e-10
4.006469259731556143e-10
3.926196618488583945e-10
3.847487584381083627e-10
3.770348732055314322e-10
3.694788981033663735e-10
3.620835716698549232e-10
3.548298497407013749e-10
3.477178214386875522e-10
3.407474275053183618e-10
3.339181707108232216e-10
3.272305600589582585e-10
3.206857806817663709e-10
3.142840991623201270e-10
3.080249728198582941e-10
3.019075953773464398e-10
2.959285460789101936e-10
2.900723741469290938e-10
2.843405316162680646e-10
2.787278184190537798e-10
2.732294022175091067e-10
2.678400636712244647e-10
2.625543550189810558e-10
2.573675676490542567e-10
2.522763934911696749e-10
2.472788786025465177e-10
2.423751467212935553e-10
2.375770210284191094e-10
2.328795363419891049e-10
2.282849329141543010e-10
2.237959288472948473e-10
2.194122940980509535e-10
2.151331635015813675e-10
2.109566484896334253e-10
2.068791170845582681e-10
2.028952457653793448e-10
1.989976672868611070e-10
1.951772837512304722e-10
1.914235891860928068e-10
1.877298122294413183e-10
1.840963193703244344e-10
1.805198438335117306e-10
1.769974789299195087e-10
1.735264360014284682e-10
1.701045348746793972e-10
1.667301857372933502e-10
1.634037652100482167e-10
1.601270803139326604e-10
1.569031886523317959e-10
1.537307982723743719e-10
1.506018693355285887e-10
1.475152495743088778e-10
1.444693957360808976e-10
1.414630873063881386e-10
1.384952893587271914e-10
1.355653105195197765e-10
1.326727463836625379e-10
1.298183836621976826e-10
1.270047697285993283e-10
1.242360671792829063e-10
1.215171877325089600e-10
1.188553406100823711e-10
1.162545883091484511e-10
1.137161521314408066e-10
1.112408995240318982e-10
1.088295552440815040e-10
1.064824898703136734e-10
1.041991566900718234e-10
1.019772329876245688e-10
9.981300186500916794e-11
9.770205502562857544e-11
9.563793349076356375e-11
9.361788626894489345e-11
9.164240818113363273e-11
8.971208928534968187e-11
8.782722455817431276e-11
8.598852630125950933e-11
8.419651623113266397e-11
8.245156322102976930e-11
8.075410604642606524e-11
7.910404605234481603e-11
7.750096209053741587e-11
7.594448011725467374e-11
7.443426171683637896e-11
7.297075926941171717e-11
7.155186354973323349e-11
7.017523852382588874e-11
6.883893423193466806e-11
6.754128420587549455e-11
6.628048971501293822e-11
6.505491591729872000e-11
6.386286078557701714e-11
6.270260744450544478e-11
6.157214231258743954e-11
6.046833556510929668e-11
5.939057241381314925e-11
5.833825729496276846e-11
5.731064201503326061e-11
5.572285529951398578e-11
5.475891476023607138e-11
5.381541856309427686e-11
5.289133166416150890e-11
5.187290268187611369e-11
