0.000000000000000000e+00
0.000000000000000000e+00
0.000000000000000000e+00
0.000000000000000000e+00
0.000000000000000000e+00
0.000000000000000000e+00
0.000000000000000000e+00
0.000000000000000000e+00
0.000000000000000000e+00
0.000000000000000000e+00
0.000000000000000000e+00
0.000000000000000000e+00
0.000000000000000000e+00
0.000000000000000000e+00
0.000000000000000000e+00
0.000000000000000000e+00
0.000000000000000000e+00
0.000000000000000000e+00
0.000000000000000000e+00
0.000000000000000000e+00
2.348763124399805367e-03
4.737555776513595676e-03
7.166367693365888018e-03
9.635188611981230708e-03
1.214400826938413953e-02
1.469281640259916498e-02
1.728160274865082197e-02
1.991035704456366184e-02
2.257906902736219953e-02
2.528772843407098639e-02
2.568756187731473239e-02
2.608729269080380456e-02
2.648692087453820634e-02
2.688644642851793082e-02
2.728586935274298492e-02
2.768518964721337211e-02
2.808440731192907852e-02
2.848352234689011803e-02
2.888253475209648716e-02
2.928144452754816163e-02
2.968025167324518307e-02
3.007895618918751679e-02
3.047755807537519401e-02
3.092064579298655497e-02
3.146378388575960666e-02
3.210693792258875051e-02
3.285007347236852671e-02
3.369315610399334360e-02
3.463615138635775526e-02
3.567902488835617697e-02
3.682174217888310730e-02
3.806426882683299623e-02
3.940657040110036313e-02
4.080402400940125879e-02
4.220103067689223025e-02
4.359759040357329141e-02
4.499370318944442837e-02
4.638936903450563420e-02
4.778458793875692279e-02
4.784682279071120897e-02
4.787643773997910662e-02
4.787344082483345475e-02
4.783784008354708545e-02
4.776964355439285159e-02
4.766885927564357139e-02
4.753549528557211162e-02
4.736955962245126966e-02
4.717106032455391229e-02
4.694000543015281607e-02
4.800894008900800231e-02
4.907750818978159901e-02
5.014570973247369640e-02
5.121354471708420425e-02
5.228101314361320584e-02
5.334811501206061790e-02
5.441485032242653064e-02
5.548121907471084691e-02
5.654722126891366385e-02
5.761285690503492596e-02
5.867812598307464711e-02
5.905514219520077018e-02
5.948264842208570574e-02
5.996060348761227815e-02
6.048896621566331178e-02
6.106769543012160323e-02
6.169674995486999769e-02
6.237608861379128483e-02
6.310567023076830984e-02
6.388545362968388319e-02
6.471539763442081539e-02
6.628334737669398791e-02
6.782550358044101002e-02
6.915834279069253687e-02
7.028196141421790000e-02
7.119645585778656971e-02
7.190192252816786367e-02
7.239845783213122443e-02
7.268615817644605293e-02
7.276511996788170844e-02
7.269880634493323945e-02
7.261397381202092105e-02
7.253565283366278371e-02
7.264738211007366886e-02
7.294908047972951948e-02
7.344066678110632018e-02
7.412205985268001396e-02
7.499317853292662706e-02
7.605394166032206082e-02
7.730426807334236927e-02
7.868070987873780620e-02
8.005652581733355144e-02
8.143171588912963277e-02
8.273841173886975486e-02
8.388096127208460873e-02
8.485940055142560112e-02
8.567376563954429147e-02
8.632409259909207266e-02
8.681041749272050412e-02
8.713277638308102035e-02
8.729120533282515304e-02
8.745375649620039382e-02
8.763673752314179999e-02
8.790795108904818356e-02
8.836298360853159228e-02
8.900173333908309448e-02
8.982409853819386947e-02
9.082997746335499945e-02
9.201926837205769150e-02
9.339186952179297230e-02
9.460329590386123977e-02
9.569773524663592601e-02
9.665891092594432188e-02
9.748691964740612004e-02
9.818185811664094376e-02
9.874382303926848570e-02
9.917291112090836913e-02
9.946921906718032835e-02
9.963284358370400051e-02
9.966388137609907827e-02
9.990681241617602182e-02
1.002588623609158430e-01
1.007569791334436415e-01
1.014010735342887326e-01
1.021910563639805841e-01
1.031268384230485530e-01
1.042083305120220793e-01
1.054354434314305061e-01
1.068080879818033013e-01
1.079105683934455939e-01
1.090228295251634977e-01
1.100353994667742641e-01
1.109112928988100349e-01
1.116505616243986393e-01
1.122532574466676980e-01
1.127194321687450262e-01
1.130491375937582865e-01
1.132424255248352940e-01
1.132993477651036973e-01
1.136355626879155395e-01
1.140035683744922007e-01
1.144932421136104772e-01
1.151044662629369802e-01
1.158371231801384182e-01
1.166910952228814996e-01
1.176042797748534097e-01
1.185378191909720880e-01
1.194916135723262801e-01
1.204655630200047733e-01
1.214597481575901000e-01
1.224419713210148503e-01
1.233223227183416065e-01
1.241008874887429836e-01
1.247777507713915546e-01
1.253529977054599343e-01
1.258886984041001911e-01
1.264236780092336809e-01
1.269580039166109398e-01
1.274917435219824480e-01
1.280247836986049548e-01
1.285568092710148436e-01
1.290198877277780320e-01
1.295416897259290823e-01
1.301220726713158971e-01
1.307608939697865458e-01
1.314580110271888758e-01
1.321666937557011146e-01
1.328775389805136042e-01
1.335905242074253152e-01
1.343056269422351623e-01
1.350228246907420604e-01
1.358100274701788679e-01
1.365395421293100764e-01
1.372114887680866147e-01
1.378259874864593837e-01
1.383831583843793955e-01
1.389297090554674208e-01
1.394750201803319489e-01
1.400190917589730355e-01
1.405619237913905972e-01
1.411507144728467444e-01
1.418369498901260184e-01
1.424729032347910318e-01
1.431471606084452342e-01
1.438595886443569671e-01
1.446100539757944892e-01
1.453984232360260864e-01
1.462245630583201006e-01
1.470883400759447901e-01
1.479810839264121547e-01
1.488437656613868509e-01
1.496248380486611962e-01
1.504719667512493253e-01
1.512965045221245641e-01
1.520985235825954018e-01
1.526445561852513011e-01
1.530972637719046348e-01
1.534567889676695940e-01
1.537232743976604532e-01
1.539053996827477455e-01
1.540150048343872924e-01
1.540521602563847958e-01
1.541986325794448276e-01
1.545766680554894745e-01
1.549597690366004699e-01
1.555713196367800588e-01
1.562487027753741153e-01
1.569918201884266951e-01
1.578005736119818259e-01
1.586748647820835356e-01
1.596145954347758245e-01
1.606196673061027758e-01
1.615082859052096587e-01
1.621581771200240607e-01
1.627958107383140895e-01
1.634313147546462841e-01
1.640646891690207554e-01
1.646959339814374479e-01
1.653138241415162413e-01
1.658469848414984293e-01
1.663530389891008654e-01
1.668745152920036445e-01
1.674360538316595204e-01
1.680374397600571112e-01
1.686784582291851187e-01
1.693588943910322442e-01
1.700785333975871894e-01
1.707570369812662359e-01
1.713916497429029129e-01
1.720505626437808522e-01
1.726603218097216841e-01
1.732060574390082708e-01
1.736639275831831364e-01
1.740341832733149074e-01
1.743170755404722383e-01
1.745128554157238387e-01
1.746217739301382799e-01
1.747242055343566081e-01
1.748341668609827981e-01
1.749548779395492526e-01
1.751022059195748715e-01
1.752485280781539423e-01
1.757869411961763828e-01
1.763771172087709727e-01
1.770188993221585017e-01
1.777121307425598984e-01
1.784566546761959249e-01
1.792523143292874266e-01
1.800989529080552487e-01
1.809964136187202366e-01
1.819445396675031801e-01
1.829431742606249522e-01
1.835983018734787253e-01
1.842500937771564540e-01
1.848985499716581660e-01
1.855436704569838613e-01
1.860804030509978224e-01
1.865695569218603356e-01
1.870111014418235629e-01
1.874050059831397774e-01
1.876476445113527403e-01
1.878771821541680154e-01
1.880949529326353120e-01
1.883007596719762644e-01
1.884944051974126733e-01
1.886756923341662284e-01
1.889494760895943648e-01
1.892459390853582502e-01
1.895592005687432302e-01
1.898892488284797120e-01
1.903288005607898792e-01
1.907359570156851591e-01
1.911094358126892989e-01
1.914494857671539263e-01
1.917563556944307523e-01
1.920302944098714881e-01
1.922715507288277892e-01
1.924891845020515191e-01
1.926891587505786263e-01
1.928715674539998592e-01
1.930751146404566798e-01
1.934269852662872102e-01
1.939265947225972120e-01
1.945035886160472460e-01
1.951242228093053310e-01
1.957882835739865601e-01
1.964955571817061097e-01
1.972458299040791008e-01
1.980388880127206264e-01
1.988745177792458629e-01
1.997247624259357868e-01
2.004312960093842799e-01
2.009444672334391169e-01
2.012857462581461032e-01
2.014740869002946688e-01
2.015680638001001723e-01
2.015795284911741092e-01
2.015085790435595103e-01
2.013553135272994066e-01
2.011302192553894308e-01
2.009169260721821726e-01
2.007505581579789866e-01
2.006810054611901650e-01
2.007566346074228236e-01
2.009607058011118330e-01
2.012239732285850402e-01
2.015345776879486905e-01
2.018924134408776050e-01
2.022973747490465768e-01
2.027389666311778249e-01
2.031308227196620408e-01
2.034644858593717409e-01
2.037401541605327604e-01
2.039581973844213081e-01
2.041499978007346450e-01
2.043262924649043299e-01
2.044871549271870537e-01
2.046326587378395900e-01
2.047628774471186297e-01
2.049294423674852816e-01
2.051724110978697391e-01
2.054993818640517278e-01
2.059098415134706095e-01
2.062747724545518635e-01
2.066318283110918919e-01
2.069808134916693576e-01
2.073215324048632291e-01
2.076537894592520861e-01
2.079773890634148414e-01
2.082409065833262241e-01
2.084092303692015036e-01
2.084061427897076491e-01
2.082737255138573940e-01
2.081408592938911450e-01
2.079727534274474765e-01
2.077774954686452680e-01
2.075551754608634392e-01
2.073058834474807988e-01
2.070297094718761832e-01
2.067895203594316000e-01
2.066695276778733326e-01
2.066817555915321791e-01
2.067385280247297785e-01
2.068397543931891347e-01
2.069823443518644945e-01
2.071581785144473165e-01
2.073671350053690743e-01
2.076090919490612419e-01
2.078839274699552375e-01
2.081284141908791296e-01
2.082559695765816288e-01
2.083253945754988123e-01
2.083806946574108809e-01
2.084219657721824159e-01
2.084069874029543801e-01
2.083052628740723611e-01
2.081170876932136315e-01
2.078727394363650005e-01
2.076425477296726108e-01
2.074313810580552808e-01
2.072390479252741446e-01
2.070710350826060475e-01
2.069290256996475785e-01
2.068114018833307199e-01
2.067389381276912852e-01
2.067361393464960395e-01
2.067981401643887718e-01
2.068946820201073844e-01
2.069396025139242368e-01
2.068874465385160122e-01
2.067653412650956313e-01
2.065802565047891171e-01
2.063323777496731959e-01
2.060232209387891644e-01
2.056757618602205184e-01
2.052984527946718485e-01
2.048959324603907839e-01
2.044682506932213595e-01
2.041365949750849340e-01
2.039571132323822478e-01
2.038154762320608382e-01
2.037045791543158624e-01
2.036231991861691126e-01
2.035713254675511619e-01
2.035474113689699771e-01
2.034613026951853365e-01
2.033635824184507335e-01
2.032544338546256324e-01
2.030287544617983830e-01
2.026712351024010927e-01
2.022695215009402414e-01
2.018289830148224939e-01
2.013477868820680583e-01
2.008261703611390891e-01
2.002643707104976856e-01
1.997503020007976027e-01
1.992499648954155766e-01
1.988084033522310723e-01
1.984249074120898459e-01
1.980987671158376262e-01
1.978292725043202249e-01
1.975960151982341650e-01
1.973942583467830636e-01
1.972236303192556051e-01
1.970729136162371053e-01
1.969403610440473296e-01
1.968093511445144217e-01
1.965816326843274342e-01
1.962855411872801992e-01
1.959246988980187232e-01
1.955062949444603682e-01
1.950458320138441504e-01
1.945512456965110826e-01
1.940228243893666882e-01
1.934719848555766786e-01
1.928783633994988200e-01
1.922663095285355173e-01
1.917087159088126935e-01
1.911945531083382166e-01
1.906878423881988582e-01
1.901821159905316971e-01
1.896775003322406783e-01
1.891733260168486086e-01
1.886693206289840608e-01
1.881653717714515117e-01
1.876823022690377873e-01
1.871948448429343603e-01
1.866833193023940130e-01
1.861311347147163731e-01
1.855713627332703231e-01
1.850039971471028610e-01
1.844290317452609851e-01
1.838445682420437599e-01
1.832502833182575175e-01
1.826461396238392432e-01
1.820831652666945188e-01
1.815913502074217867e-01
1.811430323502418727e-01
1.807136400676186139e-01
1.803028817060410294e-01
1.799104656119981382e-01
1.795361001319789318e-01
1.791821815006012786e-01
1.788491340048703471e-01
1.785312918703859664e-01
1.781417429654394424e-01
1.775870576561739689e-01
1.769539068494960510e-01
1.762672906980263521e-01
1.755293483501433049e-01
1.747437873302177536e-01
1.739171943592517366e-01
1.730501416247474666e-01
1.721527608904989126e-01
1.712669435163691745e-01
1.704301362991837154e-01
1.697068927367631763e-01
1.690380877557891570e-01
1.684093723732443260e-01
1.678153909507066888e-01
1.672460789411970850e-01
1.666938724042882347e-01
1.661584504520949024e-01
1.656291652032431949e-01
1.650698377515293913e-01
1.644802895842187862e-01
1.638606102101104189e-01
1.632109751150025156e-01
1.625453639804347039e-01
1.618673441735684893e-01
1.611836235941301321e-01
1.604955303386627619e-01
1.598023606615657788e-01
1.592069036910041258e-01
1.586263912282698529e-01
1.580226694620585071e-01
1.573918332017947008e-01
1.567495735916994704e-01
1.561049113743298578e-01
1.554579343616302178e-01
1.548087303655449332e-01
1.541573871980182475e-01
1.535047959940961382e-01
1.527320538079035006e-01
1.519210299851733170e-01
1.511105242477429333e-01
1.503105489122345539e-01
1.495058290279829838e-01
1.486877600459868831e-01
1.478569151712748608e-01
1.470148091902460097e-01
1.461857370588386940e-01
1.453832883771856432e-01
1.446245661322860809e-01
1.439105913517063629e-01
1.432280566657752330e-01
1.425691455827473586e-01
1.419303286534119302e-01
1.413069240333670873e-01
1.406983760994302834e-01
1.401031876470481552e-01
1.394970813021284561e-01
1.388664850463842693e-01
1.382110304279793311e-01
1.374886809367734386e-01
1.367354972904203381e-01
1.359536692318791817e-01
1.351467903940657411e-01
1.343196068050866998e-01
1.334773542897923770e-01
1.326552638707509946e-01
1.318604876381318514e-01
1.310808063092777920e-01
1.303023196079394208e-01
1.295670335815551910e-01
1.288516406834992745e-01
1.281557522484005895e-01
1.274779569566043824e-01
1.268158694524121333e-01
1.261643530034246286e-01
1.254882756795247523e-01
1.247805844829942001e-01
1.240398836743812905e-01
1.232833047502950169e-01
1.225134464356104069e-01
1.217308249379351753e-01
1.209380567146801644e-01
1.201365816355779575e-01
1.193326009965392787e-01
1.185767684238840936e-01
1.178411775054866995e-01
1.171152075514827196e-01
1.164097201936170611e-01
1.156970238806033086e-01
1.149757444216106816e-01
1.142624536399174939e-01
1.135544907717159213e-01
1.128488134533833509e-01
1.121416876445506527e-01
1.113828175097601042e-01
1.106004672519996790e-01
1.098061295668607135e-01
1.090030925349400326e-01
1.082165293282376234e-01
1.074451692761753396e-01
1.066722717007249355e-01
1.059063045090000293e-01
1.051652704299027297e-01
1.044488379809100781e-01
1.037566756794992273e-01
1.030884520431472468e-01
1.024330381754986197e-01
1.017871422066234655e-01
1.011500362927166274e-01
1.005217810952801077e-01
9.990223682434148933e-02
9.928318744206951485e-02
9.864946293062092086e-02
9.800113177018991706e-02
9.733826244097064373e-02
9.666092342315732444e-02
9.594377552589115898e-02
9.520703415633112454e-02
9.445529482318489045e-02
9.368900911753860750e-02
9.293351983535033667e-02
9.220010050325465334e-02
9.146904957307420980e-02
9.074078902068405394e-02
9.001574082195919202e-02
8.929435367028966397e-02
8.861291895110322281e-02
8.795453544112524780e-02
8.731517801465819850e-02
8.669405802616682311e-02
8.606613549926565854e-02
8.541879351006657906e-02
8.477184156184411346e-02
8.412509934828195368e-02
8.347838670511469050e-02
8.283149675056206140e-02
8.218407078082677619e-02
8.153598748431595267e-02
8.090539692949855199e-02
8.029612996087157062e-02
7.970236867215162169e-02
7.911954160367556943e-02
7.854754871834350449e-02
7.798540784614341193e-02
7.741445769553871592e-02
7.683461805494423702e-02
7.625567152850956654e-02
7.567764482576933016e-02
7.508241929370583490e-02
7.446675459086714299e-02
7.383642084568850517e-02
7.319773456724620875e-02
7.255147355051465297e-02
7.189862357080868682e-02
7.125784938291680748e-02
7.062621769330465482e-02
7.000732886553866219e-02
6.940382070868515718e-02
6.881683359781756715e-02
6.824019156159315258e-02
6.767416552795260665e-02
6.711755320299675476e-02
6.656922911029704293e-02
6.602931581954911422e-02
6.549793590044865332e-02
6.497822889106266708e-02
6.445697013756160332e-02
6.393162796422595384e-02
6.340132881644698626e-02
6.287249631906295655e-02
6.234416891241189446e-02
6.180338640695329233e-02
6.125814635356178345e-02
6.070860790859864548e-02
6.018161430647119003e-02
5.965776468228889406e-02
5.913836637920861367e-02
5.862324431637200295e-02
5.811229000323771959e-02
5.760539494926440740e-02
5.710303722748884953e-02
5.661914697070938307e-02
5.614594043804681939e-02
5.568173711074197313e-02
5.519946369255900043e-02
5.471837804942993738e-02
5.423699755830057451e-02
5.375534749113675820e-02
5.327335899173565870e-02
5.279091826339913501e-02
5.230820453949721477e-02
5.183219436412041248e-02
5.136717485746031958e-02
5.091446448445245687e-02
5.047124800812380352e-02
5.003129523022443320e-02
4.959622965686202867e-02
4.916606174589539802e-02
4.873353577712327689e-02
4.829709983731410305e-02
4.786262675850278675e-02
4.742428436002481262e-02
4.697850720743705633e-02
4.652570291608500858e-02
4.606902315517048818e-02
4.561509806003253426e-02
4.516280028034306421e-02
4.471226860231074240e-02
4.427111795775545006e-02
4.385114300567009848e-02
4.344644746095665394e-02
4.305130264407498741e-02
4.266432804444555971e-02
4.228517528252463686e-02
4.191341030683422286e-02
4.154766967619318019e-02
4.118744670449052403e-02
4.083258161732721686e-02
4.048279880092191252e-02
4.012798404784576750e-02
3.976810414638524971e-02
3.940715778947109782e-02
3.904609895413875542e-02
3.868488460471444790e-02
3.832365572494154937e-02
3.795317983365267128e-02
3.758380333178597960e-02
3.722446499350760135e-02
3.686636893498638351e-02
3.651065371092986761e-02
3.615736938644337206e-02
3.580714739993060003e-02
3.546003366938731832e-02
3.511595925414713604e-02
3.477318136044510455e-02
3.444064759347693905e-02
3.410912988261249196e-02
3.377036040763719410e-02
3.343312232763720471e-02
3.309646369309406089e-02
3.276059517813903477e-02
3.242559442737839859e-02
3.209153908541836214e-02
3.176252011990376989e-02
3.144252591161409566e-02
3.113290153451009692e-02
3.083200835188425887e-02
3.053731058588919633e-02
3.024761980170420639e-02
2.996269705509794004e-02
2.968115906004627561e-02
2.939832815463203075e-02
2.911594250346535850e-02
2.883220953433321063e-02
2.854497209580364459e-02
2.825419446234792020e-02
2.796046896348271943e-02
2.766576807660903192e-02
2.737160274911777311e-02
2.707780810683268688e-02
2.678790091099758977e-02
2.651107788454911893e-02
2.624228285679950506e-02
2.597784815747064893e-02
2.571764361410464744e-02
2.546152282308197096e-02
2.520913416635330376e-02
2.495995133756453294e-02
2.471358116718248496e-02
2.447013963643429255e-02
2.422721834563780138e-02
2.397988008060071563e-02
2.373122444150475158e-02
2.348266604330039031e-02
2.323328410187476545e-02
2.298310601569327274e-02
2.272903485199315524e-02
2.247574349476900643e-02
2.222866303243243094e-02
2.198337034855922176e-02
2.174069199481050776e-02
2.150137872275222767e-02
2.126566799497427857e-02
2.103371408285487423e-02
2.080613824521702557e-02
2.058297889979697481e-02
2.036763594145997794e-02
2.015572334120893649e-02
1.994186029730338552e-02
1.973054776400899255e-02
1.952098800218899852e-02
1.931273521354151881e-02
1.910565714146381100e-02
1.889971784374233632e-02
1.869849967526788365e-02
1.850192758875679813e-02
1.830990102157805180e-02
1.812161712746412218e-02
1.793580764807257630e-02
1.775242729578951212e-02
1.757144202518648446e-02
1.739137152262056757e-02
1.721036805673950912e-02
1.702990929826131775e-02
1.684736408259979862e-02
1.666282105294143029e-02
1.647636191193159461e-02
1.628892581087404076e-02
1.610182582651388875e-02
1.591504970647355036e-02
1.572918799165712658e-02
1.554958580254518427e-02
1.537569949629412520e-02
1.520524292505950198e-02
1.503728596176502098e-02
1.487121327465741258e-02
1.470745799318170371e-02
1.454588762274207359e-02
1.438651484376788324e-02
1.422944613761859683e-02
1.407402026715275957e-02
1.391627184721769273e-02
1.375859816220331711e-02
1.360169549469199615e-02
1.344586657767898874e-02
1.329165420146916597e-02
1.313618579911987778e-02
1.298369251719139195e-02
1.283392478773132984e-02
1.268565104715655562e-02
1.253945832039951407e-02
1.239549162960249321e-02
1.225376626464290061e-02
1.211408237009172113e-02
1.197638801499375724e-02
1.184067081487550147e-02
1.170929680255266073e-02
1.157806836582068143e-02
1.144713070747873512e-02
1.131760988253393066e-02
1.118897828269705720e-02
1.106113720608890676e-02
1.093401498042649578e-02
1.080940239232271692e-02
1.068753063058392773e-02
1.056834227576520374e-02
1.045132078558181320e-02
1.033578045498251101e-02
1.022168384319397522e-02
1.010899568314827489e-02
9.996861723287044088e-03
9.884251694283502365e-03
9.772100150005371549e-03
9.659021576649259866e-03
9.544805615836862364e-03
9.429010014085983937e-03
9.312553714709525393e-03
9.196301783397177465e-03
9.080420947647551214e-03
8.966224687180687422e-03
8.855611597545134245e-03
8.748349592307224851e-03
8.643546358185037401e-03
8.540998174310053537e-03
8.440700297663404975e-03
8.343040122257767630e-03
8.247562645046471047e-03
8.154091366300065397e-03
8.062444123502543469e-03
7.971243107845773362e-03
7.879428697488172206e-03
7.788249447960861674e-03
7.697643624265374310e-03
7.607529466330116910e-03
7.516682270206096438e-03
7.427104309377369554e-03
7.339156052863211530e-03
7.252025837277294856e-03
7.166039808480118706e-03
7.081310036103857265e-03
6.997858289571281913e-03
6.915558140772584163e-03
6.834395049296406420e-03
6.754381375938923494e-03
6.676724532898002835e-03
6.599502629398167411e-03
6.522371337092828375e-03
6.446127574574636414e-03
6.370458753885936166e-03
6.295317798747090965e-03
6.220922591118909287e-03
6.148163530197724158e-03
6.077006857896800722e-03
6.007378086195323298e-03
5.938655831649763961e-03
5.870613693589168090e-03
5.803112420622644381e-03
5.736090696970495319e-03
5.668860624673478267e-03
5.601929334709476564e-03
5.535281323004221862e-03
5.468160788443956512e-03
5.400598960640650738e-03
5.332662723407617829e-03
5.264974740299244171e-03
5.197775077387693440e-03
5.131774022241119074e-03
5.067764802102494442e-03
5.005710216239197576e-03
4.945130138389600832e-03
4.885807642898650806e-03
4.827735482827534563e-03
4.770845106079146455e-03
4.715143188415855599e-03
4.660613734043987134e-03
4.607209936720525929e-03
4.554298189161630830e-03
4.501123112881659852e-03
4.448399776324211963e-03
4.396084400550129279e-03
4.344116705147381755e-03
4.291439390910458708e-03
4.240073573203773094e-03
4.188980353058192191e-03
4.138247555862073664e-03
4.087902617816804689e-03
4.037960449879255537e-03
3.988365731725996427e-03
3.939028573232335531e-03
3.889916915449015411e-03
3.841014831446099270e-03
3.793334446683944809e-03
3.744905144905663185e-03
3.696745142499574185e-03
3.648738260553482330e-03
3.600860495603977127e-03
3.553146639384861544e-03
3.506174624967435798e-03
3.460132726303020208e-03
3.415045594392833363e-03
3.370722872356105362e-03
3.327134334640618422e-03
3.284298395733561970e-03
3.241754672416923694e-03
3.199555277232260780e-03
3.158009219355399112e-03
3.117128333762359590e-03
3.076413221090965912e-03
3.035785733589274442e-03
2.995285915718880372e-03
2.955126797685402300e-03
2.915357214935036714e-03
2.876624315810755953e-03
2.839199965292145411e-03
2.802857383893304910e-03
2.767298328753742612e-03
2.732496032397262447e-03
2.698363064779470480e-03
2.664870454007730455e-03
2.631981864280125583e-03
2.599703809496167663e-03
2.567997503622464726e-03
2.536188705504102605e-03
2.504464039988109261e-03
2.473003171341825370e-03
2.441397082930655497e-03
2.409844947710989508e-03
2.379145829313509836e-03
2.348809670082370113e-03
2.318872302085323370e-03
2.289312571684025584e-03
2.260141526530456187e-03
2.231340406500081485e-03
2.202848603975022645e-03
2.174644926483030368e-03
2.147093325017517765e-03
2.119965736251556380e-03
2.092440728194523876e-03
2.065018437854068602e-03
2.037681927608685998e-03
2.010456049679576734e-03
1.983618569378933685e-03
1.957258006606039415e-03
1.931398819814253345e-03
1.905940916268655631e-03
1.880839549581303461e-03
1.856063344119407476e-03
1.831440326938754649e-03
1.807106278597356720e-03
1.783111734810926717e-03
1.759451561304936325e-03
1.735867419140934079e-03
1.712303345977704040e-03
1.688810054851119097e-03
1.665498195361473808e-03
1.642501930019413465e-03
1.620133512871536202e-03
1.598552420620998797e-03
1.577513793656502936e-03
1.556934927599519167e-03
1.536782972884372014e-03
1.517028495384108210e-03
1.497649563498247398e-03
1.478619466506024159e-03
1.459936693164907854e-03
1.441520782857251852e-03
1.423091302301000664e-03
1.404719218572197253e-03
1.386220474065288834e-03
1.367718951070273289e-03
1.349600009744259498e-03
1.331648553725719086e-03
1.313875096569364206e-03
1.296270876841097751e-03
1.278827133106823916e-03
1.261548482783837570e-03
1.244418586700051779e-03
1.227417299575412181e-03
1.210800619427131490e-03
1.194397615986139954e-03
1.177888204793930711e-03
1.161511121762674650e-03
1.145265568336404326e-03
1.129164631775505384e-03
1.113413954957702054e-03
1.098001542931219005e-03
1.082862844989042469e-03
1.067994808946873524e-03
1.053313304701565360e-03
1.038747313484837285e-03
1.024349573581929702e-03
1.010138512475301830e-03
9.961142263941436502e-04
9.822793592588843249e-04
9.684458398521790827e-04
9.546424065330893225e-04
9.409591541211609301e-04
9.274376787251246371e-04
9.143212537317620039e-04
9.017385639143218326e-04
8.895255740130069994e-04
8.776542995611196808e-04
8.660906412562075548e-04
8.548200047329164832e-04
8.438259551463233405e-04
8.330901434525788980e-04
8.225997144219767939e-04
8.123287850344117905e-04
8.021087534433431416e-04
7.917796776214472854e-04
7.814571575999080004e-04
7.711202181809501165e-04
7.610267206224885896e-04
7.509894135544445707e-04
7.409991988400363395e-04
7.310498381492577889e-04
7.211358963447995173e-04
7.112526879771254636e-04
7.013950792078950738e-04
6.916875838488083499e-04
6.820478072264523186e-04
6.725041128533822219e-04
6.628281538930769559e-04
6.532134894095278053e-04
6.436738265534959914e-04
6.343267548267217957e-04
6.251981136850291504e-04
6.162459897414387282e-04
6.074776890381193518e-04
5.987994204133778413e-04
5.902656380991226680e-04
5.818836463861857319e-04
5.736443972460889950e-04
5.655422917667263802e-04
5.575746151037601610e-04
5.496372754966216733e-04
5.417150282544136875e-04
5.338596475984480920e-04
5.261399505004401948e-04
5.186955096589711744e-04
5.114892122682978366e-04
5.044719768215359191e-04
4.976296532383236515e-04
4.909601039631420524e-04
4.844599096447397592e-04
4.781218179218079995e-04
4.719413415648972157e-04
4.659133602972723599e-04
4.598973132114232872e-04
4.538807443647410538e-04
4.478606723019644366e-04
4.418798891894889147e-04
4.360504541820567109e-04
4.302760650898688772e-04
4.245447511689435138e-04
4.188440196890606880e-04
4.131626035019539899e-04
4.074878788910575849e-04
4.018893969253571662e-04
3.963276241935320687e-04
3.907994514185302113e-04
3.852778169662351179e-04
3.796453978396024226e-04
3.740065801705993575e-04
3.684060777575879622e-04
3.629133978275227959e-04
3.574953393075101945e-04
3.521226388172092690e-04
3.468015716563582524e-04
3.415751730797005233e-04
3.364499531592675006e-04
3.314332029784472652e-04
3.265431816211724139e-04
3.217730820111281104e-04
3.170869403140246217e-04
3.124244720056180784e-04
3.078271267704136031e-04
3.033795649345012485e-04
2.990824156946318138e-04
2.948962316115975803e-04
2.907857415290333826e-04
2.867447078822265953e-04
2.827671825190037204e-04
2.788477999635949139e-04
2.749856807530971737e-04
2.711813779545917819e-04
2.673823953226050912e-04
2.635754316309182324e-04
2.597625981215397344e-04
2.559604889040922415e-04
2.522664867137221277e-04
2.486511061386360898e-04
2.451084335009512936e-04
2.416361811310068831e-04
2.382311174380404289e-04
2.348858305596405386e-04
2.316482134368513248e-04
2.284823098747366683e-04
2.253781655065496099e-04
2.223223791325719932e-04
2.192444773303033252e-04
2.161709813369298611e-04
2.131453312079659808e-04
2.101436003889255708e-04
2.071096570335639474e-04
2.040635875456930210e-04
2.010231916769457351e-04
1.979913209175685428e-04
1.949734665599660679e-04
1.919755034030660762e-04
1.890026730396120159e-04
1.860598322592990498e-04
1.831090582777908620e-04
1.801759500963103031e-04
1.773408517435482020e-04
1.746002844287242953e-04
1.719395983514478924e-04
1.693532224689108228e-04
1.668388622879032890e-04
1.643953290194591799e-04
1.620221683092311913e-04
1.597188163617474261e-04
1.574513355593260878e-04
1.552393354481752818e-04
1.530620032743729663e-04
1.509136708551961522e-04
1.488115516094073434e-04
1.467721766402969364e-04
1.447825339423202459e-04
1.428386072767606199e-04
1.409352218483807490e-04
1.390666101746075632e-04
1.372619199245809682e-04
1.354965366322177258e-04
1.337644544397673942e-04
1.320548739113996733e-04
1.303460052631751380e-04
1.286224472369825312e-04
1.269319744165045918e-04
1.252168187859609768e-04
1.234777985490594890e-04
1.217230728737808893e-04
1.199523100865291191e-04
1.181651628245339439e-04
1.163603536629445151e-04
1.145391900218264622e-04
1.127027675946094896e-04
1.108592427115437650e-04
1.089762499966369797e-04
1.071176805960711572e-04
1.053023835850613811e-04
1.035221958211100893e-04
1.017746075140876251e-04
1.000616211990389885e-04
9.838517503513212752e-05
9.674770776988472006e-05
9.513575779660639299e-05
9.355669266296972968e-05
9.201381929296985351e-05
9.050728902413018298e-05
8.902120062133637068e-05
8.757295553651343368e-05
8.617353617323748503e-05
8.482253279408072724e-05
8.352041647915030699e-05
8.226528118932980855e-05
8.107153345275951520e-05
7.992567069851787395e-05
7.882307261959656188e-05
7.775809746796660978e-05
7.672871026199270833e-05
7.571915465744909028e-05
7.472144786268688295e-05
7.373694930539941245e-05
7.276003213871459676e-05
7.179039488119539866e-05
7.082679756427666905e-05
6.986778379842311108e-05
6.891117735261643009e-05
6.795400236498510009e-05
6.699367618808240181e-05
6.602939725991756239e-05
6.506046620337137590e-05
6.408974523816167045e-05
6.313084311789266771e-05
6.217222661796336812e-05
6.121348369784512182e-05
6.025422821491576537e-05
5.929237676218619501e-05
5.831989669135793366e-05
5.734912699035540847e-05
5.638388780365645621e-05
5.542845344401004046e-05
5.447925950118413633e-05
5.353615105289481226e-05
5.261693245494304449e-05
5.172502616317261812e-05
5.085892751327857005e-05
5.002162421696709771e-05
4.922367318563495518e-05
4.845498102472351354e-05
4.771338780471535811e-05
4.699615684295420788e-05
4.630219635001994760e-05
4.561770617831330867e-05
4.494312721400412153e-05
4.427945779656428907e-05
4.362615378966414157e-05
4.298373769771304722e-05
4.235191868478852900e-05
4.173028633119321387e-05
4.111852983859962509e-05
4.051641733348797464e-05
3.992308230937898872e-05
3.934420234914014425e-05
3.877350306679195523e-05
3.822056946499630028e-05
3.767960781515294124e-05
3.714959968442784751e-05
3.662935673534799226e-05
3.610834476328066205e-05
3.558900713202495204e-05
3.506992168004815228e-05
3.455158930279447120e-05
3.403323082777574816e-05
3.351455180872199796e-05
3.298815417761218169e-05
3.246087148200259450e-05
3.193005400726544403e-05
3.139439616617450946e-05
3.086356010754087270e-05
3.033462396016846019e-05
2.981071699694612322e-05
2.929251518898859074e-05
2.877947216769612625e-05
2.826912167569868112e-05
2.776576812413272601e-05
2.727426375839131137e-05
2.679663586285786319e-05
2.633583836953243821e-05
2.589280212353588202e-05
2.546783452728259043e-05
2.505897539425702497e-05
2.466560009815587179e-05
2.428900059654004017e-05
2.393169368085578351e-05
2.359117662280692051e-05
2.325777511076272187e-05
2.293236333245685018e-05
2.260991210711476123e-05
2.229171000242250345e-05
2.197716984567943480e-05
2.166601182397275208e-05
2.135810904931407454e-05
2.105337427606168111e-05
2.075199641175406887e-05
2.045150095693869658e-05
2.015848437119117909e-05
1.987181742772467719e-05
1.959519595161065173e-05
1.932567604610709125e-05
1.906294989861243320e-05
1.880652970629022338e-05
1.855243900275798210e-05
1.829752183611680304e-05
1.804475906139912960e-05
1.778988683702391695e-05
1.753140279793267164e-05
1.726839576235186363e-05
1.700019114884018803e-05
1.672752368265329669e-05
1.645041325713229405e-05
1.616888199975534410e-05
1.588628799974532889e-05
1.560544296530273764e-05
1.532918667676594232e-05
1.505390201386414257e-05
1.477844535795272395e-05
1.450692803899775254e-05
1.424088163779402105e-05
1.398136115181321842e-05
1.372894917009953084e-05
1.348395038521556978e-05
1.324680499505250119e-05
1.301980383492514504e-05
1.279779611149273481e-05
1.258177896299126497e-05
1.237425621918895944e-05
1.217328482697370990e-05
1.197795246302349115e-05
1.178670886591709488e-05
1.159780790710829839e-05
1.141298604278001127e-05
1.123381313035311523e-05
1.105952665262354019e-05
1.088992461634312379e-05
1.072605715128935894e-05
1.056747853196438194e-05
1.041387971092823358e-05
1.026512437172378688e-05
1.012169350241069361e-05
9.984728228217385710e-06
9.853625254261758916e-06
9.727124397236359350e-06
9.598236617700756302e-06
9.467084113406897507e-06
9.333617248173175653e-06
9.197907458990722991e-06
9.059830176868503796e-06
8.919375821724964443e-06
8.776429182859267204e-06
8.633747807471443624e-06
8.488350917249483022e-06
8.339552189757642862e-06
8.192573358145002985e-06
8.046349664370158582e-06
7.899847373485507375e-06
7.754345494804251525e-06
7.611015321832784632e-06
7.470515368531599294e-06
7.334413684839162858e-06
7.199742691389645144e-06
7.067666786814438814e-06
6.938025303596346232e-06
6.810914676701073674e-06
6.686506476872784065e-06
6.566331789994664160e-06
6.449364462474934419e-06
6.335832817106347850e-06
6.225155328669413393e-06
6.116941240223754266e-06
6.011937081465297359e-06
5.910832578803013946e-06
5.813894412359394379e-06
5.721116106025170361e-06
5.632356079613606849e-06
5.547439600727448095e-06
5.468295130887546248e-06
5.391934274974134073e-06
5.318364297646985108e-06
5.246438689165298820e-06
5.174407828979347096e-06
5.102529904153086713e-06
5.030628852478733500e-06
4.958879060213489496e-06
4.888345178602339998e-06
4.818048895251205715e-06
4.745657235111781377e-06
4.672750582013550896e-06
4.599070254481597976e-06
4.524644599162507879e-06
4.450686244527290800e-06
4.376221329026714040e-06
4.301400556912555944e-06
4.226398772278316483e-06
4.150081715263563761e-06
4.073560357932923286e-06
3.997239574811522164e-06
3.921421023113864922e-06
3.846648519945744551e-06
3.773908057184955880e-06
3.704411572012012304e-06
3.638277656171791635e-06
3.575471072803251506e-06
3.515072343383019582e-06
3.457632532116298893e-06
3.403069668183598367e-06
3.351187514322706862e-06
3.302812473948149825e-06
3.256946266785160591e-06
3.212488881595983346e-06
3.168264373213601437e-06
3.124553822551783630e-06
3.081177236449044186e-06
3.038612468940550390e-06
2.995892639333125841e-06
2.953819324872040535e-06
2.912618824587723512e-06
2.871296062805329542e-06
2.830454027349161420e-06
2.790313627353524213e-06
2.750921467058160505e-06
2.712324701106277208e-06
2.675368119803113773e-06
2.639817560373875128e-06
2.605537824954037208e-06
2.570578359708445608e-06
2.534682044187385009e-06
2.497886660550116708e-06
2.460306677624203092e-06
2.422790121520866361e-06
2.384706913521946992e-06
2.346065521743306188e-06
2.306172541766342328e-06
2.265293566027427240e-06
2.224002890575831961e-06
2.182785564015622916e-06
2.142337314103780861e-06
2.102797839757099547e-06
2.064044164139124066e-06
2.025220490123998533e-06
1.986857219086933865e-06
1.948990685835957443e-06
1.911653029614898087e-06
1.875283070519939171e-06
1.839920966725215618e-06
1.805642404802408075e-06
1.771893070061441003e-06
1.738615250432643480e-06
1.705987183969679550e-06
1.674059960007997907e-06
1.643642109130063808e-06
1.614325174642855014e-06
1.586048638228020608e-06
1.558304241347655359e-06
1.530980345188225116e-06
1.503700701224957340e-06
1.477006448019190691e-06
1.451196290222972596e-06
1.426073389171755116e-06
1.401635503168282142e-06
1.377198068355334030e-06
1.353097644475300193e-06
1.329364285847440866e-06
1.306414713514497136e-06
1.284128256066673905e-06
1.263273591542582901e-06
1.243225861591868841e-06
1.223521262281113783e-06
1.204278938188477212e-06
1.185701506754536837e-06
1.167805229889055818e-06
1.150307186123293948e-06
1.133121348341959844e-06
1.115551913000430410e-06
1.097680944688669553e-06
1.079633442221420321e-06
1.061843289696577824e-06
1.044076454057964599e-06
1.026360669736231699e-06
1.008451621329587837e-06
9.902851036041328356e-07
9.719798946414464952e-07
9.536441209136764652e-07
9.354381993916651188e-07
9.175019609054354649e-07
8.997731757197312465e-07
8.818451809081696255e-07
8.641292876123158332e-07
8.468549451596238164e-07
8.299645533120202039e-07
8.134662764086942260e-07
7.973204155927236053e-07
7.815940325691662383e-07
7.666440600721691643e-07
7.525258599712347543e-07
7.391723170390147692e-07
7.265030373228465607e-07
7.143603982764917902e-07
7.025217326017542316e-07
6.911089178210783636e-07
6.799466783356796504e-07
6.692558090065373899e-07
6.588847520620493064e-07
6.485927753830788767e-07
6.382235585970903554e-07
6.279845852459099152e-07
6.179998040385952469e-07
6.081202781835622284e-07
5.983366143738373516e-07
5.885463663950486614e-07
5.792021148003028184e-07
5.700611999098997514e-07
5.611009827457391131e-07
5.523144838557964660e-07
5.436790258543573657e-07
5.350056328145696237e-07
5.261607168761953895e-07
5.172325195379657777e-07
5.082020204293534636e-07
4.990781193016659655e-07
4.896530344680805064e-07
4.802297554165365160e-07
4.708207116693597546e-07
4.612123301310675690e-07
4.515181457320005825e-07
4.417170180975673394e-07
4.320375976453304352e-07
4.224725438685679762e-07
4.130756349811053803e-07
4.039056763135966439e-07
3.948628064356190834e-07
3.860557019731749203e-07
3.774863412666604134e-07
3.694140509527422863e-07
3.617823276120586738e-07
3.547383435471198987e-07
3.480873706748954484e-07
3.417518998622473062e-07
3.356924960167752346e-07
3.298701498652002551e-07
3.244535774219363624e-07
3.192659157143536842e-07
3.142890132411243499e-07
3.094916457230459971e-07
3.046078005438704713e-07
2.998280706863302490e-07
2.950409721863673182e-07
2.903977736508459036e-07
2.859118040049213440e-07
2.816926514705600064e-07
2.775261854568415580e-07
2.733566653301276299e-07
2.691901894566589549e-07
2.650694633668478930e-07
2.612667733724658011e-07
2.574287936711928369e-07
2.535905921666791564e-07
2.495677072897597781e-07
2.455603301479450138e-07
2.413589933855644596e-07
2.369325776914036355e-07
2.323523864086038885e-07
2.277690656020014336e-07
2.230074225432915135e-07
2.180541916893349534e-07
2.129894693841328921e-07
2.079404418569566325e-07
2.030900877050676300e-07
1.982242572124905179e-07
1.933680271865918094e-07
1.887723224204250627e-07
1.843789842060092995e-07
1.800722786319283764e-07
1.759999963262545388e-07
1.722028051013125562e-07
1.685584424140060753e-07
1.650442546578126958e-07
1.616993053247819910e-07
1.585669236576696842e-07
1.557282990473012870e-07
1.529590235412004428e-07
1.503736022321789365e-07
1.479970513103943216e-07
1.457994147544350809e-07
1.437177188898007257e-07
1.418974173601926550e-07
1.402223310540509784e-07
1.386345888360627436e-07
1.370470538536962146e-07
1.354785819029881891e-07
1.339336434911026243e-07
1.323065506236637717e-07
1.306340480182392853e-07
1.288931564944960859e-07
1.270623908431273992e-07
1.251205716713540041e-07
1.230600424244517684e-07
1.208797359314814433e-07
1.186872156921597441e-07
1.164624698431664617e-07
1.140902021888965953e-07
1.117161735549089240e-07
1.092869654003758610e-07
1.068251280059200123e-07
1.043652315643023618e-07
1.018809405485555087e-07
9.943515296670127118e-08
9.707937789353000995e-08
9.475861798434807424e-08
9.241715693747351019e-08
9.027357859774340454e-08
8.823993343712201628e-08
8.630518818201300523e-08
8.450492918069009586e-08
8.282212529769109471e-08
8.128434979665056452e-08
7.993469512573989646e-08
7.864896353505002977e-08
7.748337516023542307e-08
7.647211917437914237e-08
7.554064947430782348e-08
7.465592707524802823e-08
7.379192363202552040e-08
7.297554830340670470e-08
7.216067023154144647e-08
7.130129274995100529e-08
7.038952708302769325e-08
6.948961049942061503e-08
6.843413268291683785e-08
6.728030960792458584e-08
6.611292242946517221e-08
6.488773871873896235e-08
6.364080887826571116e-08
6.235343707440927641e-08
6.103662769833828811e-08
5.970941788021260365e-08
5.831659281551345599e-08
5.691847615785345716e-08
5.558831316450586035e-08
5.433031518289637192e-08
5.307483860747083916e-08
5.190582728372443522e-08
5.074590935002650284e-08
4.961746773914296618e-08
4.856285109760697311e-08
4.757333302280140779e-08
4.669296328546876251e-08
4.587325648835612983e-08
4.509178259296305994e-08
4.432465044218183968e-08
4.359699594477650441e-08
4.290233929364644549e-08
4.230444951323313173e-08
4.166408029010112217e-08
4.104953938419092651e-08
4.041854901799504091e-08
3.977525100218027712e-08
3.909911315105686261e-08
3.843914696556751662e-08
3.775051231935678741e-08
3.707606951955019664e-08
3.635670289646198193e-08
3.559173032999445284e-08
3.489711232806824242e-08
3.420516617233482954e-08
3.356892114380908735e-08
3.288733295036145282e-08
3.224473615676357428e-08
3.160453294673223287e-08
3.102981200008476968e-08
3.048086088810889862e-08
2.996627321448394529e-08
2.950579112791815058e-08
2.905884872870703061e-08
2.862736897452253010e-08
2.821057961128226904e-08
2.786342822516311905e-08
2.753096926599489814e-08
2.726495348682174199e-08
2.704342971736303955e-08
2.685781636589468067e-08
2.688475275211446419e-08
2.681123375603358631e-08
2.655175803296919649e-08
2.618499289480277981e-08
2.575011409415851067e-08
2.525901256025955548e-08
2.471577176024779532e-08
2.411065215593134566e-08
2.342709566581538575e-08
2.268012391708574979e-08
2.171768011727109634e-08
2.082658774140021205e-08
2.010955709998288283e-08
1.947846344971642639e-08
1.889452411616917434e-08
1.835625392427214163e-08
1.785160273305674196e-08
1.737726922219030824e-08
1.693246706543506764e-08
1.650816326447463625e-08
1.610201591354079869e-08
1.571428425147905162e-08
1.534046795989719270e-08
1.497760009477062051e-08
1.462420780192819195e-08
1.427958601014601197e-08
1.394201554551563307e-08
1.361050958663168871e-08
1.328498192739301279e-08
1.296569823902767320e-08
1.265317867978057406e-08
1.234627468511529522e-08
1.204601282418119741e-08
1.175284258797428667e-08
1.146723461172100672e-08
1.118982609939042953e-08
1.091934287043827071e-08
1.065568016715616700e-08
1.039951221556394966e-08
1.015076226666005167e-08
9.909305037282958404e-09
9.674756227223723943e-09
9.446176068662474814e-09
9.223270148141327008e-09
9.005696480817296702e-09
8.793655433534562321e-09
8.587041146501646506e-09
8.385974199010294774e-09
8.189766762381391752e-09
7.998399574276098963e-09
7.811887641428195807e-09
7.630150596362019493e-09
7.453469362263935797e-09
7.281975723415765902e-09
7.115729531038200972e-09
6.954255974159937592e-09
6.797460409446387643e-09
6.645188458648703326e-09
6.497190249808254214e-09
6.353085145374624115e-09
6.212679308442307364e-09
6.075906595849087862e-09
5.942215082856801198e-09
5.811215573319916305e-09
5.682665562765638935e-09
5.556349016827518670e-09
5.432098418133670311e-09
5.309779658653568313e-09
5.189310025222611001e-09
5.070996576748872926e-09
4.954791020050068005e-09
4.840697161200493228e-09
4.728721723232543245e-09
4.618857197420019377e-09
4.511097649570858222e-09
4.405446922199149255e-09
4.301896346697872120e-09
4.200393413038692545e-09
4.101143203548833907e-09
4.003924298448914435e-09
3.908690233776870761e-09
3.815329872645539841e-09
3.723872565520269758e-09
3.634381045959792986e-09
3.546931303807922097e-09
3.461598911522416429e-09
3.378448828973603288e-09
3.297573758254698970e-09
3.218943821288398437e-09
3.142585758650776329e-09
3.068526505987690454e-09
2.996779766635880514e-09
2.927333979747881149e-09
2.860123250589003929e-09
2.795030144916868492e-09
2.731923089981935332e-09
2.670673779648744088e-09
2.611115891340018601e-09
2.553093209718599308e-09
2.496467434663051713e-09
2.441103278815179897e-09
2.386868544704339676e-09
2.333644584822900085e-09
2.281350432951405074e-09
2.229923171608750430e-09
2.179308976249021300e-09
2.129462043337372466e-09
2.080383837344396562e-09
2.031938692867056468e-09
1.984159892782686067e-09
1.937024146890285290e-09
1.890522498839095616e-09
1.844665509392801925e-09
1.799481653854118179e-09
1.755023676301489427e-09
1.711354231916934318e-09
1.668554653163147581e-09
1.626681462661787493e-09
1.585803453603039213e-09
1.545900895041581711e-09
1.507040755558921961e-09
1.469268636423245776e-09
1.432594702761306896e-09
1.397015519524503392e-09
1.362511772774273724e-09
1.329052796573736777e-09
1.296587748842904473e-09
1.265096977730645803e-09
1.234560106283709737e-09
1.204950933540971882e-09
1.176203084699910788e-09
1.148247368429402505e-09
1.121055387153321814e-09
1.094589527528743136e-09
1.068799713471325708e-09
1.043633017156977603e-09
1.019034624429886620e-09
9.949498462744572230e-10
9.713257751015598836e-10
9.481162894298451306e-10
9.252823342896746690e-10
9.028014632696049911e-10
8.806294364953769601e-10
8.587324253734691914e-10
8.370940335860719879e-10
8.157282069999133424e-10
7.946378818682785320e-10
7.738308248361621548e-10
7.533178039622210475e-10
7.331140948896451180e-10
7.132400850282105565e-10
6.937207599850628071e-10
6.745815735398689993e-10
6.558513881896162295e-10
6.375583503930540070e-10
6.197034909207447449e-10
6.023022085717524208e-10
5.853673406691704584e-10
5.689200583902747792e-10
5.529638096633260506e-10
5.375004792144341439e-10
5.225330361462656678e-10
5.080541897687645239e-10
4.940472620974091497e-10
4.804924934349281776e-10
4.673671018780979843e-10
4.546479577484244411e-10
4.423094400809124119e-10
4.303158384347925560e-10
4.186457415313076074e-10
4.072728087011977984e-10
3.961887862787356337e-10
3.853772967738752403e-10
3.748293365704602151e-10
3.645386841278790257e-10
3.545028613490576372e-10
3.447214317817326006e-10
3.351961015511632453e-10
3.259301054885433986e-10
3.169277223162572315e-10
3.081979160641743182e-10
2.997273429874935780e-10
2.915202017096043831e-10
2.835799400247896294e-10
2.759025647121941891e-10
2.685038808540927471e-10
2.613819076281743750e-10
2.545319982034665545e-10
2.479477515140648929e-10
2.416209090527811182e-10
2.355415355778730894e-10
2.296989402895955458e-10
2.240819874932919048e-10
2.186794370824574664e-10
2.134853104253386730e-10
2.084721434477338998e-10
2.036283556509091341e-10
1.989414524751434246e-10
1.943947191305085283e-10
1.899671069450883209e-10
1.856605428558376366e-10
1.814700090455372685e-10
1.773907682893030054e-10
1.734186709865010029e-10
1.695509172601835917e-10
1.657856621983291084e-10
1.621230418242210080e-10
1.585655244798153451e-10
1.551175605665379823e-10
1.517885818720180168e-10
1.485658842179103015e-10
1.454445706545158674e-10
1.424197094973052149e-10
1.394857762276775788e-10
1.366393491401567705e-10
1.338817628228537891e-10
1.312055556518847602e-10
1.286027663096288585e-10
1.260683414948882044e-10
1.235981329553880492e-10
1.211883214077876639e-10
1.188351398066258386e-10
1.165348365487908937e-10
1.142843693355080110e-10
1.120782454259638592e-10
1.099066438087876240e-10
1.077677908040508820e-10
1.056606093496271787e-10
1.035841661464591842e-10
1.015360130156950265e-10
9.952269341240895626e-11
9.754385082891157141e-11
9.559942218279114778e-11
9.368973202417422620e-11
9.181527937942037460e-11
8.997645550449921137e-11
8.817368256452181383e-11
8.640712858293042244e-11
8.467717168156145038e-11
8.298580798332623548e-11
8.132642747772455704e-11
7.969948083775406528e-11
7.810538580474227276e-11
7.654423108458202982e-11
7.501589536339404494e-11
7.351923327241024555e-11
7.205835355664472474e-11
7.063286682162769036e-11
6.924208028108625711e-11
6.788524279535802198e-11
6.656128153742627205e-11
6.526895454252448798e-11
6.400724144409015907e-11
6.277507766657920261e-11
6.157121693664454227e-11
6.039554898150308040e-11
5.924242696699827794e-11
5.811053022100518142e-11
5.699851672789613975e-11
5.590496954236964334e-11
5.482861638968509878e-11
5.376787737527767964e-11
5.272168612976516443e-11
5.169036089025421255e-11
5.067307170025172509e-11
4.966908083558052205e-11
4.867788347587759396e-11
4.769927976045202172e-11
4.673336085375643677e-11
4.578043215169231608e-11
4.484092033230632896e-11
4.391571805486882738e-11
4.300488766048738596e-11
4.210727838057992187e-11
4.122323806028215312e-11
4.035313088145352767e-11
3.949743841690099351e-11
3.865660656009238505e-11
3.783079185103938158e-11
3.702125608086996511e-11
3.622859390867928936e-11
3.545264310586590775e-11
3.469334578214132344e-11
3.395058151251153911e-11
3.322418981318364126e-11
3.251397532668866911e-11
3.181961445436056833e-11
3.114069355244430244e-11
3.047690302574625186e-11
2.982672438064000384e-11
2.918928395063208883e-11
2.856439230530202915e-11
2.795183211675787026e-11
2.735140345595788017e-11
2.676284163552670171e-11
2.618573073930222638e-11
2.561989686398209695e-11
2.506604670016934213e-11
2.452402197330867967e-11
2.399342353713188704e-11
2.347381129187519015e-11
2.296481129326665218e-11
2.246611216525068444e-11
2.197744901795361476e-11
2.149863828282160336e-11
2.102963774876291258e-11
2.057012590139456974e-11
2.011893412605242430e-11
1.967571645240484756e-11
1.924035386612487984e-11
1.881280311255957129e-11
1.839301865070902621e-11
1.798094367116556713e-11
1.757632590595531686e-11
1.717910932176961202e-11
1.678961020659391438e-11
1.640778323547219423e-11
1.603354967560592907e-11
1.566682735562151125e-11
1.530752144256065646e-11
1.495550062785792093e-11
1.461064143061068819e-11
1.427284816075942647e-11
1.394216112010486982e-11
1.361837604135529064e-11
1.330088150747804739e-11
1.298946880607079373e-11
1.268394408653188941e-11
1.238413173091280803e-11
1.208987534403884488e-11
1.180104803124766826e-11
1.151754617910754844e-11
1.123937682370682862e-11
1.096686357185437433e-11
1.069992074422626836e-11
1.043847636422818920e-11
1.018244129735684565e-11
9.931743026633232956e-12
9.686337558617438275e-12
9.446215489803499624e-12
9.211374394491857487e-12
8.981801362618275454e-12
8.757369911634528986e-12
8.537650177733319962e-12
8.322731263121973119e-12
8.112629694462892728e-12
7.907296598653479309e-12
7.706687425714370503e-12
7.510760127402607753e-12
7.319453234570383278e-12
7.132576348405481536e-12
6.950030885025434803e-12
6.771810607261159785e-12
6.597774785862845994e-12
6.427716276070016152e-12
6.261505672142905615e-12
6.099079870291628810e-12
5.940360843856740455e-12
5.785268839644851642e-12
5.633738286105085918e-12
5.485826477584444889e-12
5.341482320373824913e-12
5.200536420404360543e-12
5.062945712562959732e-12
4.928654155473162883e-12
4.797602376324282468e-12
4.669734880663595514e-12
4.545008712480250559e-12
4.423382769270112290e-12
4.304850513601354304e-12
4.189588406556521522e-12
4.077648983768962991e-12
3.968973180844258437e-12
3.863511511168387068e-12
3.761209099378316588e-12
3.662004524046786358e-12
3.565839745980780232e-12
3.472655580044689140e-12
3.382396476606730275e-12
3.294976423637204308e-12
3.210121395793034184e-12
3.127682408401450560e-12
3.047623820487598977e-12
2.969918461008591995e-12
2.894554587382013917e-12
2.821525796064327953e-12
2.750823233980708422e-12
2.682435748633396249e-12
2.616346996626528593e-12
2.552510472668195087e-12
2.491059477979739826e-12
2.431967146243751994e-12
2.375155093139614969e-12
2.320531984813593176e-12
2.267993350025866184e-12
2.217436976753016812e-12
2.168762394548839285e-12
2.121869610404477973e-12
2.076656566265645422e-12
2.033042426840081221e-12
1.990765719630226155e-12
1.949726781824165504e-12
1.909881840804818169e-12
1.871187720689078087e-12
1.833600590998033435e-12
1.797076632844490925e-12
1.761555336326731091e-12
1.726945245581519955e-12
1.693104849157049135e-12
1.659758618094781672e-12
1.626881950497159323e-12
1.594435271434457476e-12
1.562379929235408094e-12
1.530686720849660395e-12
1.499332296490443660e-12
1.468293926985739796e-12
1.437563095044962108e-12
1.407156795603183457e-12
1.377139946296491363e-12
1.347716761871367560e-12
1.318841238299588777e-12
1.290487229470060504e-12
1.262628033732808980e-12
1.235237002196999765e-12
1.208288184406171498e-12
1.181760280975515952e-12
1.155639644884169540e-12
1.129926837334695957e-12
1.104649905245126098e-12
1.079877810290136293e-12
1.055777745667699182e-12
1.032362718461411315e-12
1.009637093418738869e-12
9.876050132206302359e-13
9.662696988124852045e-13
9.456299422413223740e-13
9.256775137160965893e-13
9.063948157981006609e-13
8.877383474820501677e-13
8.696253618723239512e-13
8.518768264794220030e-13
8.344682837091913963e-13
8.173859492451670942e-13
8.006192294603583294e-13
7.841610744137793390e-13
7.680081349737429628e-13
7.521580610322016176e-13
7.366038606301228034e-13
7.213402964770674631e-13
7.063593251217849224e-13
6.916457079181756377e-13
6.772289070442588927e-13
6.631051789131030253e-13
6.492686279010249304e-13
6.357101330113490396e-13
6.224176188273227334e-13
6.093784301207767674e-13
5.965838785690652128e-13
5.840289859615776572e-13
5.717116112120287098e-13
5.596404395666937731e-13
5.477825131906155883e-13
5.361386472489412756e-13
5.247092703642722224e-13
5.134952337573858365e-13
5.024985152865219553e-13
4.917214815981665962e-13
4.811653379668957889e-13
4.708317101578862634e-13
4.607237421979056627e-13
4.508408285703418935e-13
4.411630315244926901e-13
4.316979806609923367e-13
4.224377756662724692e-13
4.133768044854973597e-13
4.045100182808700194e-13
3.958324692725412132e-13
3.873394823484250169e-13
3.790254767649842774e-13
3.708840525978625929e-13
3.629103308458237249e-13
3.551170825000344297e-13
3.474900675235641413e-13
3.400320944649299346e-13
3.327456102872714268e-13
3.256282967305636559e-13
3.186774339265049786e-13
3.118895182145894475e-13
3.052592717959063949e-13
2.987791126484233415e-13
2.924373333984599119e-13
2.862186222061221847e-13
2.801058535123957159e-13
2.740909464771884645e-13
2.681753196505684542e-13
2.623538155121109190e-13
2.566213290874306308e-13
2.509730119676516318e-13
2.454051706745517643e-13
2.399156989712994729e-13
2.345071697105344146e-13
2.291855247464985737e-13
2.239581271178232824e-13
2.188220677542732125e-13
2.137653510649308428e-13
2.087873813873987587e-13
2.038862227418064137e-13
1.990598826070781161e-13
1.943057923365783800e-13
1.896215296665840065e-13
1.850053046996851641e-13
1.804574372806078671e-13
1.759811929034710461e-13
1.715826457005687746e-13
1.672690138561461187e-13
1.630509233171306805e-13
1.589336459748671165e-13
1.549181183690382275e-13
1.510057855430425071e-13
1.471984153955936579e-13
1.434970821170386121e-13
1.399009813317661529e-13
1.364061822585583777e-13
1.330058828367447899e-13
1.296911943777469914e-13
1.264497146647279694e-13
1.232759451170091229e-13
1.201690932209462700e-13
1.171282159572676141e-13
1.141524584708126583e-13
1.112422358716649044e-13
1.083980856556369600e-13
1.056204724076625395e-13
1.029095019391663933e-13
1.002647187121093109e-13
9.768541279994292804e-14
9.517071560142565194e-14
9.272032655796626560e-14
9.033593561444314347e-14
8.801499410590936538e-14
8.575390517686821711e-14
8.354925041710176336e-14
8.139806599279505576e-14
7.929790168594379505e-14
7.724705341398958927e-14
7.524408384381902062e-14
7.328783324040244661e-14
7.137662525023877363e-14
6.950686391995198207e-14
6.767917614699632070e-14
6.589421578537900157e-14
6.415234294219145020e-14
6.143660631330255207e-14
5.980333318761475840e-14
5.821645110019683832e-14
5.667324681824210772e-14
5.506946539086364719e-14
