0.000000000000000000e+00
0.000000000000000000e+00
0.000000000000000000e+00
0.000000000000000000e+00
0.000000000000000000e+00
0.000000000000000000e+00
0.000000000000000000e+00
0.000000000000000000e+00
0.000000000000000000e+00
0.000000000000000000e+00
0.000000000000000000e+00
0.000000000000000000e+00
0.000000000000000000e+00
0.000000000000000000e+00
0.000000000000000000e+00
0.000000000000000000e+00
0.000000000000000000e+00
0.000000000000000000e+00
0.000000000000000000e+00
0.000000000000000000e+00
2.366699750263069439e-03
4.773983093272678516e-03
7.221849979553407808e-03
9.710300359629869121e-03
1.223933418402664390e-02
1.480895140326834308e-02
1.741915196787954812e-02
2.006993582838487167e-02
2.276130293530888998e-02
2.549325323917621747e-02
2.589908694024836699e-02
2.630492014656647670e-02
2.671075285813055006e-02
2.711658507494058706e-02
2.752241679699658772e-02
2.792824802429855202e-02
2.833407875684647304e-02
2.873990899464035770e-02
2.914573873768020601e-02
2.955156798596599715e-02
2.995739673949777276e-02
3.036322499827549121e-02
3.076905276229918371e-02
3.121990965817216315e-02
3.177193498697571117e-02
3.242512856680734162e-02
3.317949021576470370e-02
3.403501975194531126e-02
3.499171699344681696e-02
3.604958175836674855e-02
3.720861386480272398e-02
3.846881313085227100e-02
3.983017937461304919e-02
4.124768278757923873e-02
4.266518388676719675e-02
4.408268267217695796e-02
4.550017914380847378e-02
4.691767330166178585e-02
4.833516514573687334e-02
4.840400592652916584e-02
4.844013072590729052e-02
4.844353948636339474e-02
4.841423215038963279e-02
4.835220866047817284e-02
4.825746895912114837e-02
4.813001298881072060e-02
4.796984069203902995e-02
4.777695201129823765e-02
4.755134688908044943e-02
4.864167401738247326e-02
4.973199825682776687e-02
5.082231960741639271e-02
5.191263806914828832e-02
5.300295364202352311e-02
5.409326632604201379e-02
5.518357612120385058e-02
5.627388302750895022e-02
5.736418704495738208e-02
5.845448817354912535e-02
5.954478641328415228e-02
5.993670405518099209e-02
6.038022117013058104e-02
6.087533733099633609e-02
6.142205211064172971e-02
6.202036508193016495e-02
6.267027581772513511e-02
6.337178389089004327e-02
6.412488887428836881e-02
6.492959034078353564e-02
6.578588786323900928e-02
6.739215872349969827e-02
6.897297856652766235e-02
7.034162458814723073e-02
7.149809723245910409e-02
7.244239694356413573e-02
7.317452416556308181e-02
7.369447934255672628e-02
7.400226291864582528e-02
7.409787533793121828e-02
7.404593096868843094e-02
7.397563802654261167e-02
7.391244015102546583e-02
7.404305992883414289e-02
7.436749669838912946e-02
7.488574979811107868e-02
7.559781856642044939e-02
7.650370234173790862e-02
7.760340046248395685e-02
7.889691226707919169e-02
8.031962316976931637e-02
8.174232473745067507e-02
8.316501697012324001e-02
8.451834116194852087e-02
8.570451872989406916e-02
8.672354974663198934e-02
8.757543428483453851e-02
8.826017241717384887e-02
8.877776421632213588e-02
8.912820975495154563e-02
8.931150910573429358e-02
8.949966427276179193e-02
8.970943119317874304e-02
9.001016732068788107e-02
9.049964998618598155e-02
9.117787786486507284e-02
9.204484963191723879e-02
9.310056396253452160e-02
9.434501953190900514e-02
9.577821501523270387e-02
9.704672889037808947e-02
9.819637901055379425e-02
9.921040904663951110e-02
1.000888198587953498e-01
1.008316123071813786e-01
1.014387872519578043e-01
1.019103455532846814e-01
1.022462880713221750e-01
1.024466156662303812e-01
1.025113291981694652e-01
1.027938497246191490e-01
1.031891723099798569e-01
1.037354650339065848e-01
1.044327260411242464e-01
1.052809534763579080e-01
1.062801454843324694e-01
1.074303002097729554e-01
1.087314157974043072e-01
1.101834903919515496e-01
1.113574524423925349e-01
1.125423504641759470e-01
1.136253676273196178e-01
1.145683343358624984e-01
1.153712509287736915e-01
1.160341177450220362e-01
1.165569351235766771e-01
1.169397034034064808e-01
1.171824229234805087e-01
1.172850940227676830e-01
1.176767867359841402e-01
1.181021233713995672e-01
1.186543546353229645e-01
1.193334771008528195e-01
1.201394873410877029e-01
1.210723819291261438e-01
1.220678053855114992e-01
1.230855179001875133e-01
1.241255134440075736e-01
1.251877859878250954e-01
1.262725133631349139e-01
1.273463630401119318e-01
1.283160819665412899e-01
1.291816712234186149e-01
1.299431318917393940e-01
1.306004650524992816e-01
1.312180238392489928e-01
1.318360457161389110e-01
1.324545343664097208e-01
1.330734934733021346e-01
1.336927428594154588e-01
1.343119403686444668e-01
1.348599994350130615e-01
1.354706159438444635e-01
1.361437792240584310e-01
1.368794786045750278e-01
1.376777034143140122e-01
1.384895186723302252e-01
1.393050798048099392e-01
1.401243835075576538e-01
1.409474264763778129e-01
1.417742054070749158e-01
1.426758035614294762e-01
1.435185217499228005e-01
1.443023673394394912e-01
1.450273476968641229e-01
1.456934701890812422e-01
1.463496664928405633e-01
1.470057778777602575e-01
1.476618043438403527e-01
1.483177458910808766e-01
1.490235122528904832e-01
1.498336628739252163e-01
1.505920154536960209e-01
1.513925586595408490e-01
1.522352788358427023e-01
1.531201623269845269e-01
1.540471954773492969e-01
1.550163646313200694e-01
1.560276561332796796e-01
1.570719729101625328e-01
1.580868950205532308e-01
1.590178551804896645e-01
1.600210278511546846e-01
1.610024165259041906e-01
1.619620270210490598e-01
1.626506658641138914e-01
1.632418293360162753e-01
1.637355213172068391e-01
1.641317456881362935e-01
1.644395897467039458e-01
1.646715539257501137e-01
1.648276362894146030e-01
1.651028560741951978e-01
1.656288031863126231e-01
1.661623898939646182e-01
1.669419258718891075e-01
1.677939128690430215e-01
1.687183450348503921e-01
1.697152165187351125e-01
1.707845214701210479e-01
1.719262540384321469e-01
1.731404083730923305e-01
1.742319574511674851e-01
1.750693035800006125e-01
1.758955267049576721e-01
1.767215086536508550e-01
1.775472494260801337e-01
1.783727490222454248e-01
1.791858191894332430e-01
1.799089626687291055e-01
1.806048712207798945e-01
1.813200179808711066e-01
1.820814351200200354e-01
1.828890854778765784e-01
1.837429318940907996e-01
1.846429372083126241e-01
1.855890642601920881e-01
1.864935701353826192e-01
1.873534527136149208e-01
1.882428200425054488e-01
1.890816380397897789e-01
1.898537977216056827e-01
1.905330832380463246e-01
1.911195106908817609e-01
1.916130961818818812e-01
1.920138558128167694e-01
1.923218056854563707e-01
1.926246676555671833e-01
1.929376110375521924e-01
1.932640039841291013e-01
1.936211677583355995e-01
1.939787171501684004e-01
1.947740290696042265e-01
1.956289050715105393e-01
1.965433205368867786e-01
1.975172508467322452e-01
1.985506713820464064e-01
1.996435575238286741e-01
2.007958846530783770e-01
2.020076281507949545e-01
2.032787633979778463e-01
2.046092657756264366e-01
2.055608963750728269e-01
2.065118290224489395e-01
2.074620637177548577e-01
2.084116004609905259e-01
2.092420600410207221e-01
2.100220511682754365e-01
2.107515243768751656e-01
2.114304302009402670e-01
2.119415502369181581e-01
2.124415042076389093e-01
2.129319084579182897e-01
2.134126426275631816e-01
2.138835863563806339e-01
2.143446192841776954e-01
2.149140002618965817e-01
2.155128941555486122e-01
2.161345679494497407e-01
2.167789933995048213e-01
2.175507933860145182e-01
2.182889406642129493e-01
2.189917601462638141e-01
2.196593134493394217e-01
2.202916621906121919e-01
2.208888679872543781e-01
2.214509924564384002e-01
2.219882032787022785e-01
2.225072241925889482e-01
2.230080741650523612e-01
2.235355908223474464e-01
2.242380864272206509e-01
2.251153721375218630e-01
2.260857262165007209e-01
2.271099441827882370e-01
2.281879538009385366e-01
2.293196828355058003e-01
2.305050590510442088e-01
2.317440102121079426e-01
2.330364640832510992e-01
2.343500475830045671e-01
2.354997804348392954e-01
2.364266849897222189e-01
2.371547232190984456e-01
2.377055432172184291e-01
2.381482760411964827e-01
2.384967202100765904e-01
2.387507327828236048e-01
2.389101708184023232e-01
2.389873128323529439e-01
2.390820838835923112e-01
2.392359935490290801e-01
2.395080042486041338e-01
2.399554648861920714e-01
2.405580808903177992e-01
2.412336703206606203e-01
2.419682286719667674e-01
2.427616928990616596e-01
2.436139999567705494e-01
2.445126653433435104e-01
2.453542319140183392e-01
2.461280935920299728e-01
2.468342050912214480e-01
2.474727279156242465e-01
2.480812636664326276e-01
2.486726861048995096e-01
2.492470240952812111e-01
2.498043065018341335e-01
2.503445621888145678e-01
2.509314374219359656e-01
2.516144667370112664e-01
2.524031473034107353e-01
2.532971123553499071e-01
2.541364600078798164e-01
2.549675226589647736e-01
2.557899320190362147e-01
2.566033197985255199e-01
2.574073177078641805e-01
2.582015574574836325e-01
2.589224652938025284e-01
2.595264262017307200e-01
2.599168762411215861e-01
2.601457864362546335e-01
2.603724011730407240e-01
2.605535217409279403e-01
2.606990949077007680e-01
2.608090107989117223e-01
2.608831595401130410e-01
2.609214312568570726e-01
2.610036290551992488e-01
2.612370988321334742e-01
2.616362333311333943e-01
2.620902655075029730e-01
2.625992069361351433e-01
2.631592780054725078e-01
2.637602543131536970e-01
2.644019680990499221e-01
2.650842516030320617e-01
2.658069370649713270e-01
2.664895318067913021e-01
2.670214794505220146e-01
2.674773008712155176e-01
2.679130573929474624e-01
2.683288483842787286e-01
2.686694925837323500e-01
2.688944249497452477e-01
2.690031197996355372e-01
2.690344067251888016e-01
2.690799817987351017e-01
2.691457291836336641e-01
2.692309018950733712e-01
2.693421241115037112e-01
2.694811043860938504e-01
2.696452430378937781e-01
2.698609962922535743e-01
2.701606133252668074e-01
2.705382788629810964e-01
2.709548879047260495e-01
2.712974284287713034e-01
2.715048130162627804e-01
2.716118822582244130e-01
2.716274620943987528e-01
2.715514140466021575e-01
2.713853529642293871e-01
2.711591718629841608e-01
2.708837211148781288e-01
2.705647320488777652e-01
2.702018704462004761e-01
2.699565579504624724e-01
2.699030331381607750e-01
2.698894209362178165e-01
2.699063758452621697e-01
2.699523560292589330e-01
2.700274673888953259e-01
2.701297623822874194e-01
2.701381237129184543e-01
2.701186610842430391e-01
2.700709645010925253e-01
2.698539086464143977e-01
2.694474385763702684e-01
2.689683161349883944e-01
2.684233837444077730e-01
2.678100602999000657e-01
2.671285588545709855e-01
2.663790924615260791e-01
2.656796774015387497e-01
2.649862816530128562e-01
2.643594883371799265e-01
2.637983445871431298e-01
2.633018975360055802e-01
2.628691943168705025e-01
2.624728103241636967e-01
2.621062705462541276e-01
2.617689100364778976e-01
2.614456447335176126e-01
2.611341710919962145e-01
2.608122347218793102e-01
2.603470606486635308e-01
2.597756939639615514e-01
2.591023932973453014e-01
2.583366012836226799e-01
2.574990082233937772e-01
2.565999391047725786e-01
2.556394669563495370e-01
2.546324625179103296e-01
2.535516790013319088e-01
2.524280725030856321e-01
2.513581661141788826e-01
2.503262891512245125e-01
2.492853660726473963e-01
2.482268289939807970e-01
2.471507386031076281e-01
2.460561606615755126e-01
2.449428110097685574e-01
2.438106131191145887e-01
2.426870962743684079e-01
2.415399742392070337e-01
2.403453314695592480e-01
2.390831621177603172e-01
2.377976516563743703e-01
2.364892938956211221e-01
2.351585826457203154e-01
2.338036491299526620e-01
2.324245780700398833e-01
2.310217946542405254e-01
2.296597671979201394e-01
2.283753479363163363e-01
2.271329926668746724e-01
2.259017464259949481e-01
2.246811436864136202e-01
2.234707189208668676e-01
2.222700066020911192e-01
2.210818987160967641e-01
2.199066836716169759e-01
2.187372764920607893e-01
2.174658338464716956e-01
2.159782803133306339e-01
2.143815638552701852e-01
2.127073432922398921e-01
2.109584835627072996e-01
2.091398581951809943e-01
2.072598896924884582e-01
2.053199882508693064e-01
2.033326511196318354e-01
2.013471352764635292e-01
1.994092361551789150e-01
1.975979171458797923e-01
1.958419065232660516e-01
1.941251542284202214e-01
1.924418947267598490e-01
1.907809711853169499e-01
1.891338132119295135e-01
1.875002394254613181e-01
1.858682034868925637e-01
1.841963367048232159e-01
1.824851783576256770e-01
1.807354768558243341e-01
1.789480762324626439e-01
1.771392987579306078e-01
1.753134866234285494e-01
1.734783647285013108e-01
1.716355225575688648e-01
1.697843520111545490e-01
1.680297379797796586e-01
1.662868421856714685e-01
1.645174266500895877e-01
1.627184436671409162e-01
1.609063599561821878e-01
1.590905964154263053e-01
1.572716217141658657e-01
1.554499045216934106e-01
1.536259135073014537e-01
1.518009382197411106e-01
1.498557978763935261e-01
1.478767244166658279e-01
1.459044097805067552e-01
1.439490275084925330e-01
1.419958191582991469e-01
1.400370721087461634e-01
1.380742394949288077e-01
1.361095055097056306e-01
1.341647776763327804e-01
1.322526790275454223e-01
1.303898144911972701e-01
1.285761087566129057e-01
1.267997660874395638e-01
1.250533708270510636e-01
1.233338001827417041e-01
1.216369832028737635e-01
1.199621939104805468e-01
1.183079752708317972e-01
1.166531469187999243e-01
1.149858129797780987e-01
1.133055763937314553e-01
1.115813781281811828e-01
1.098435318672430772e-01
1.080948246009332120e-01
1.063391680129979200e-01
1.045814219461153466e-01
1.028261588071872346e-01
1.010988379108611335e-01
9.940505478049591059e-02
9.773690832376212556e-02
9.608527553810106148e-02
9.448144072961027484e-02
9.290597561389617176e-02
9.135792664746338054e-02
8.983567275227317961e-02
8.833686958431764824e-02
8.685723466623673783e-02
8.537159861292478724e-02
8.387465583056473439e-02
8.236704910317901862e-02
8.086304739748063908e-02
7.936548701855297705e-02
7.787579856429700798e-02
7.639632006754501492e-02
7.492856219949087238e-02
7.347684795613156072e-02
7.207022602055722371e-02
7.069488406371290945e-02
6.934564854321116634e-02
6.802910864815675529e-02
6.672954167809365400e-02
6.544715229100656062e-02
6.419083499965368145e-02
6.295922324719968599e-02
6.175095273293641079e-02
6.056402406852213344e-02
5.937037924562425101e-02
5.818482126805526317e-02
5.701364118570298456e-02
5.585845531504105010e-02
5.473097132995913966e-02
5.362840509713472786e-02
5.254078965957149211e-02
5.147098675045206490e-02
5.042646992467036959e-02
4.940676363780777819e-02
4.841139234544584308e-02
4.743988050316591543e-02
4.648738182383002626e-02
4.555222306886275857e-02
4.463371801930492849e-02
4.373148770172625988e-02
4.284512242460551679e-02
4.197073744090489000e-02
4.110132882192975984e-02
4.023638776709779347e-02
3.937540547582674133e-02
3.851787314753429836e-02
3.765636731736792669e-02
3.680104167594400177e-02
3.595521777787391571e-02
3.512033704267832762e-02
3.430581080398725780e-02
3.351675332817743991e-02
3.274755810848062332e-02
3.199888028799229706e-02
3.127137500980794321e-02
3.056570415608940439e-02
2.989362736016586836e-02
2.924647530353828920e-02
2.862140600386398059e-02
2.801710426385618791e-02
2.742439812628453405e-02
2.683790990240644825e-02
2.626325106976400842e-02
2.569974435402950716e-02
2.514671251860658291e-02
2.460347158783261420e-02
2.406939840912445186e-02
2.354400881746646426e-02
2.303142451631908644e-02
2.253248638633044074e-02
2.204561715999634255e-02
2.156946313064931828e-02
2.110378846181086912e-02
2.064821459616074731e-02
2.019870091707063817e-02
1.975568497229366477e-02
1.932149649038182246e-02
1.889607229572577360e-02
1.847479324300335679e-02
1.805657065093737440e-02
1.764258435095403948e-02
1.723432045691801473e-02
1.683187297465125673e-02
1.643535644917024086e-02
1.604854744706809763e-02
1.567027479538584886e-02
1.530152856318081275e-02
1.494325040553111383e-02
1.459601213773406223e-02
1.425883572764883797e-02
1.393182425068583558e-02
1.361480338745343563e-02
1.330753776294027642e-02
1.301001829487915575e-02
1.272223590100291304e-02
1.244465107421498587e-02
1.217367047289499675e-02
1.190808549219202206e-02
1.164709244682126874e-02
1.139148573639816621e-02
1.114080785078457383e-02
1.089284462296198283e-02
1.064905270423911234e-02
1.040945575770617360e-02
1.017808640276673081e-02
9.952126109942215429e-03
9.731620973461658358e-03
9.516428334028201319e-03
9.306429130209091516e-03
9.101504300571584827e-03
8.901632194041471727e-03
8.708796280651583122e-03
8.521335878522324006e-03
8.338780026012149529e-03
8.156791210793606570e-03
7.977894095795783763e-03
7.801749131948874753e-03
7.628262105079990953e-03
7.457325413035779949e-03
7.288808437757865466e-03
7.122632165185559076e-03
6.959538388287841472e-03
6.800012882220346500e-03
6.644247728661316875e-03
6.491963802072455228e-03
6.342675529986800849e-03
6.196832677985018162e-03
6.054519166337755595e-03
5.915076189155763116e-03
5.778558630957607821e-03
5.645724021465531144e-03
5.515926029004164510e-03
5.388735577606758829e-03
5.264156266689606900e-03
5.142505493092679007e-03
5.024308383038700483e-03
4.909131308958993543e-03
4.796858230774581934e-03
4.688124953998601581e-03
4.583802276934353589e-03
4.483083823373507949e-03
4.385316740859261306e-03
4.290244658891734057e-03
4.197727173050148052e-03
4.107609705514370796e-03
4.019647514446438898e-03
3.933697633269771579e-03
3.849665353228084747e-03
3.767460234113335308e-03
3.686066168424535164e-03
3.605423657385304573e-03
3.525846457563927734e-03
3.447371839694166485e-03
3.369949326515577718e-03
3.293557618332482780e-03
3.217573424960158690e-03
3.142807085474352922e-03
3.069992331961487499e-03
2.998521033110543906e-03
2.928470839030277405e-03
2.859832044831291109e-03
2.792653106961659124e-03
2.726941481770756188e-03
2.662696829466163276e-03
2.599808617177677347e-03
2.539001856498753363e-03
2.479589453410219451e-03
2.420894321220219952e-03
2.363517150692411115e-03
2.307381312803886367e-03
2.252492224267049412e-03
2.198843722220776477e-03
2.146429643803935555e-03
2.095480704899251208e-03
2.046234171784597905e-03
1.998647936360380389e-03
1.952544554328400957e-03
1.907729924553074660e-03
1.864097137226714473e-03
1.821582756254428413e-03
1.780075936095134237e-03
1.739330686798585971e-03
1.699452028229841158e-03
1.660306153572939586e-03
1.621742424897477464e-03
1.583731315247186976e-03
1.546278774886113497e-03
1.509475656529703788e-03
1.473393227125974637e-03
1.438020228173869913e-03
1.403519200804929099e-03
1.370308315008903280e-03
1.338094527515100570e-03
1.306663255863288247e-03
1.275982646396252220e-03
1.246023410074852946e-03
1.216747148148234359e-03
1.188103693462682058e-03
1.160052205162776916e-03
1.132579077128148147e-03
1.105556128151225902e-03
1.078734450281861740e-03
1.052231071617958568e-03
1.026096556967734299e-03
1.000290785415487022e-03
9.748612007021282460e-04
9.497235827066766124e-04
9.250991405066340788e-04
9.012228131528621277e-04
8.779692859943714510e-04
8.553896015983726998e-04
8.335221665507918818e-04
8.123874105196766558e-04
7.920025686303127418e-04
7.723953442555891438e-04
7.535120669678874172e-04
7.354405954312699016e-04
7.179652051803620547e-04
7.008420100502090605e-04
6.841895290364862544e-04
6.679470014759570588e-04
6.520781178756246800e-04
6.365588130574651718e-04
6.213678413979954957e-04
6.065941903050653394e-04
5.922229329407313917e-04
5.782380801781162238e-04
5.646071524676214920e-04
5.512851421314804044e-04
5.382617354985782220e-04
5.255286193882464625e-04
5.130401237164485245e-04
5.007510826335641796e-04
4.887020672791377029e-04
4.768089637864188972e-04
4.650703073937741626e-04
4.534849159232802376e-04
4.420763740015433993e-04
4.308817565075168240e-04
4.198987380519919013e-04
4.091380362578519439e-04
3.987270192999330500e-04
3.886548223817779609e-04
3.788532613065075322e-04
3.692958323034804835e-04
3.599859860361120847e-04
3.509424032342357445e-04
3.421628771010017675e-04
3.336466180535103314e-04
3.253964476649536496e-04
3.173980450124872128e-04
3.095564802756354530e-04
3.019150588305606338e-04
2.944851302426906392e-04
2.872687780965449064e-04
2.802524585725174556e-04
2.733626638183643477e-04
2.666743058643809166e-04
2.601789810960640514e-04
2.538501558651359196e-04
2.476940153314100414e-04
2.417084712183031577e-04
2.358905005424230951e-04
2.302335798881824380e-04
2.247332095898401847e-04
2.193856104255990664e-04
2.142308461856116117e-04
2.091803554760745469e-04
2.042281260665781127e-04
1.993885747751508643e-04
1.946474990956755088e-04
1.900000103351306296e-04
1.854411934521156026e-04
1.809952513298993947e-04
1.766634812745314842e-04
1.724431740387164240e-04
1.683255681944697310e-04
1.642986906217875189e-04
1.603596028773294937e-04
1.565050961441286081e-04
1.527212719568531998e-04
1.489959427443163340e-04
1.453435049208087304e-04
1.417415956248698438e-04
1.381855097472926407e-04
1.346723566142830398e-04
1.312198555785276677e-04
1.278432065197243248e-04
1.245461572929681298e-04
1.213466711487785747e-04
1.182716477447168387e-04
1.153173423163212789e-04
1.124688564730506787e-04
1.097226723552746907e-04
1.070778312604358834e-04
1.045339804375448954e-04
1.020773158937750242e-04
9.970083284336446125e-05
9.739942764157669835e-05
9.515324584202039472e-05
9.294497109619114113e-05
9.078619489009628375e-05
8.867343395415186512e-05
8.660332300385228650e-05
8.456054146649897424e-05
8.256538240446656515e-05
8.062051704176106026e-05
7.871664708351879002e-05
7.685585734672286697e-05
7.503811887684725844e-05
7.326255805832363670e-05
7.152707403096960877e-05
6.983053246427346544e-05
6.817208358961977441e-05
6.656357956573736787e-05
6.498273509379710769e-05
6.342472803793166615e-05
6.189672197391926601e-05
6.039480256058741631e-05
5.891795888239945183e-05
5.746736025912261360e-05
5.605045954382049803e-05
5.466749018254160115e-05
5.331842001327638324e-05
5.199858963111415617e-05
5.070594641237234336e-05
4.944151601985275277e-05
4.820599035403078130e-05
4.699583392672223908e-05
4.581649142261188265e-05
4.466842129603648182e-05
4.354548109671874822e-05
4.244757481385955799e-05
4.137482852043861733e-05
4.033169394018958976e-05
3.931974906698698706e-05
3.834129851552201180e-05
3.740003848620333392e-05
3.649380613054610957e-05
3.561662285757775595e-05
3.476537291372929829e-05
3.393863954095399421e-05
3.313459991702354747e-05
3.235199239668529154e-05
3.158978033384122320e-05
3.084716325716235086e-05
3.011929366117712599e-05
2.940044272575214286e-05
2.869515261808028178e-05
2.800280551696344820e-05
2.732266746482332775e-05
2.664916742697421320e-05
2.599386922579629051e-05
2.535154316411781779e-05
2.472270542708468461e-05
2.410743260359785321e-05
2.350579353627080465e-05
2.291751180702022430e-05
2.234201868910384376e-05
2.177900602656899674e-05
2.122822423386007770e-05
2.069439749592720074e-05
2.016584772247129528e-05
1.964724958086180645e-05
1.913747538971969565e-05
1.863600749880118713e-05
1.814278391476857827e-05
1.766117892932374245e-05
1.719254879669404324e-05
1.673731961812580858e-05
1.629483703814261169e-05
1.586504690682926245e-05
1.544806352940919961e-05
1.504212628175297617e-05
1.464787543021581552e-05
1.426675403253369645e-05
1.389868572253394765e-05
1.354033425055780860e-05
1.319065207351511533e-05
1.284924072161800832e-05
1.251658863252468947e-05
1.219261637535886050e-05
1.187955431466367977e-05
1.157822888452797736e-05
1.128710520816638792e-05
1.100454035697695225e-05
1.073013869394188417e-05
1.046323362661543365e-05
1.020334158868702576e-05
9.950021770985502940e-06
9.703087441717895127e-06
9.462222174332688264e-06
9.224647271408458564e-06
8.990881709830662557e-06
8.761456225192594768e-06
8.535018010421616922e-06
8.312238226680372625e-06
8.095668643829924700e-06
7.883929769040611747e-06
7.677139554425235803e-06
7.475231897555012411e-06
7.278254224563821781e-06
7.086186540302693897e-06
6.898867134869764480e-06
6.716221916797138100e-06
6.539282461378159576e-06
6.367083534964597074e-06
6.196956156299687784e-06
6.030574787314003196e-06
5.867967587254709401e-06
5.709213892771751522e-06
5.554996761787955544e-06
5.405544057664081668e-06
5.260956995519724242e-06
5.120984746243664391e-06
4.985501185706103941e-06
4.854407107812475807e-06
4.727280441433620016e-06
4.604079847708292284e-06
4.484668171947360054e-06
4.368859709819866129e-06
4.255863291326664312e-06
4.145377492481831550e-06
4.037343957360962641e-06
3.931890205495551055e-06
3.829229181613209911e-06
3.729958373522634102e-06
3.634356280635102444e-06
3.541720213705625308e-06
3.451762994574569072e-06
3.364335356144198946e-06
3.279287981785086053e-06
3.196472442214028284e-06
3.115749992094744190e-06
3.037060436431923440e-06
2.960187811011323123e-06
2.884490957202231863e-06
2.810067518794661442e-06
2.736634017388939134e-06
2.664431584048311866e-06
2.594130259744089687e-06
2.525412496130546420e-06
2.458290339091145864e-06
2.392742257362174617e-06
2.328746719679922665e-06
2.266308108675294041e-06
2.205401781604766374e-06
2.145990008085837939e-06
2.088446154867291978e-06
2.032501306400116230e-06
1.977618750021783532e-06
1.924154695405319472e-06
1.872106949122272961e-06
1.821492560932837553e-06
1.772594681720301419e-06
1.725399072758266065e-06
1.679810877043221507e-06
1.635816991679716183e-06
1.593293885244805657e-06
1.552034296021781903e-06
1.512012075992061460e-06
1.473176979318670061e-06
1.435469691055398621e-06
1.398841853237908628e-06
1.362977792492453551e-06
1.327853753956992307e-06
1.293541969699853214e-06
1.260058780730946648e-06
1.227681890643058380e-06
1.196541172799097827e-06
1.166376709479257454e-06
1.137124527088321837e-06
1.108718507297696057e-06
1.081115752155294046e-06
1.054274577995338473e-06
1.028155169836956711e-06
1.002723729455408901e-06
9.779311589143349439e-07
9.535629463165425812e-07
9.294472395838391555e-07
9.057280845021716183e-07
8.823894098826380060e-07
8.597075606504975898e-07
8.375051037304984825e-07
8.157696100560670893e-07
7.944922050190410564e-07
7.736659445520203941e-07
7.532846319640597570e-07
7.333417806123092906e-07
7.139565343931807784e-07
6.950278955176360066e-07
6.766026676018790040e-07
6.584410561169277940e-07
6.407236615226814018e-07
6.234608266127048071e-07
6.067515028605613332e-07
5.906183198658590693e-07
5.750207778474102834e-07
5.599606605703908796e-07
5.453645996451754814e-07
5.312709904858788607e-07
5.176379420353809045e-07
5.044317410135256738e-07
4.916289521037974017e-07
4.792106595395122584e-07
4.670684140121701464e-07
4.551686887420592781e-07
4.435405456745216957e-07
4.322236705751336907e-07
4.213114499451022836e-07
4.107516744720573176e-07
4.004925011527400264e-07
3.905119202595056403e-07
3.807978111581554729e-07
3.713387117521229829e-07
3.621229916245784445e-07
3.531417656292362071e-07
3.443859999015944361e-07
3.357576212354143678e-07
3.272513251894027189e-07
3.188686627279327690e-07
3.106426713511302907e-07
3.026509611871745536e-07
2.948381044673605562e-07
2.871980760203865342e-07
2.797246072299360955e-07
2.724120753060177028e-07
2.652536277902601910e-07
2.582900723067053513e-07
2.514868035076213204e-07
2.448352953899110698e-07
2.383124465876357246e-07
2.318465032325093481e-07
2.255063353840469141e-07
2.193174177569960796e-07
2.133165675995895776e-07
2.074843773889948498e-07
2.018044927577841392e-07
1.962820293744184566e-07
1.909403341382843044e-07
1.857823256048680838e-07
1.808108274918054590e-07
1.760242612770776149e-07
1.714037302828292153e-07
1.669220340584851451e-07
1.625409201587775440e-07
1.582776240794680972e-07
1.541686191235291178e-07
1.502090407059650409e-07
1.463758005879957424e-07
1.426502914245199896e-07
1.390254635122149857e-07
1.354945493899676047e-07
1.320512875131439195e-07
1.286915449494183050e-07
1.254122280419880765e-07
1.221898318835606145e-07
1.190155969543140660e-07
1.158870808823574072e-07
1.128079371195598749e-07
1.098163285856906135e-07
1.068999178807331335e-07
1.040562954310047877e-07
1.012845111788620808e-07
9.858347588586099639e-08
9.595046939059324548e-08
9.340399795638792774e-08
9.092735445152127996e-08
8.851559657252149392e-08
8.616225132815431298e-08
8.383840037673903395e-08
8.155397751940379239e-08
7.932275579602537719e-08
7.713709096753937839e-08
7.498291182460164728e-08
7.287270799392962558e-08
7.081440019434899310e-08
6.881031274640283803e-08
6.686312243127673845e-08
6.497517974570657664e-08
6.314804614195519015e-08
6.138278770503350781e-08
5.966579569174034593e-08
5.800322315029171101e-08
5.641436625738587243e-08
5.488980101066600093e-08
5.342067741155273410e-08
5.200190735679953130e-08
5.063000291064130139e-08
4.930205869879928865e-08
4.801597898658636098e-08
4.677010609618069236e-08
4.555457187916835043e-08
4.437370401453207025e-08
4.322036195190143474e-08
4.209211390667470455e-08
4.099305331903341992e-08
3.992721129025759940e-08
3.889130459466937198e-08
3.788415285876253950e-08
3.690431575696853809e-08
3.595026522482006992e-08
3.502921094717609384e-08
3.413419340036059639e-08
3.326327453977019000e-08
3.241333641749197995e-08
3.157841639635257057e-08
3.075442658392026961e-08
2.995140189792777564e-08
2.915841255620622737e-08
2.837622286834921304e-08
2.760650933012737480e-08
2.684898140316549292e-08
2.610339518077455153e-08
2.536934494962749774e-08
2.464680029591261255e-08
2.393673186151683493e-08
2.324224389553435025e-08
2.255728743806772567e-08
2.189393801472059631e-08
2.125505091393964314e-08
2.063883970565617557e-08
2.004465834323587739e-08
1.947256483467691871e-08
1.892254154395976045e-08
1.839476234777089362e-08
1.788542401429792989e-08
1.739359344377969482e-08
1.691838130024611979e-08
1.645867421956788454e-08
1.601056876761979168e-08
1.557628454975326247e-08
1.515695045728456235e-08
1.475182742407328177e-08
1.436052832327852395e-08
1.398241527038349045e-08
1.361987945160751235e-08
1.327028620079172529e-08
1.293270419367085475e-08
1.260597037788982223e-08
1.228954906725243544e-08
1.198061805699454965e-08
1.167794855607586467e-08
1.138221256702954252e-08
1.109289168440522746e-08
1.080993127870182816e-08
1.053311954303638826e-08
1.026223220600648342e-08
9.996958818761808124e-09
9.736871385282488351e-09
9.481566706798853206e-09
9.230867607667581348e-09
8.984610726708800752e-09
8.742624774798789991e-09
8.506435060121017102e-09
8.274566102329423627e-09
8.046793036948019915e-09
7.822909715450260772e-09
7.602648197497701563e-09
7.385584678242750132e-09
7.173459083804272497e-09
6.966828003918746030e-09
6.766221292959871834e-09
6.571169312943651862e-09
6.381408170549861805e-09
6.198870772093295969e-09
6.023852806423873987e-09
5.856102095739573912e-09
5.695753581387583614e-09
5.543293370238467188e-09
5.397041258380937090e-09
5.256429250084573823e-09
5.120898797352952554e-09
4.990132539345594004e-09
4.862534443193637730e-09
4.738125456744306543e-09
4.616975318234205295e-09
4.499007666013701566e-09
4.384215904632376783e-09
4.272513095162445863e-09
4.163784279089000667e-09
4.057930347493441713e-09
3.954861787978241172e-09
3.854438610888947006e-09
3.757129276861447140e-09
3.662115451018506622e-09
3.570076010592456896e-09
3.480440404431399845e-09
3.393064985112492472e-09
3.307790022333531822e-09
3.223730432476199538e-09
3.141122870428530191e-09
3.059862906598290616e-09
2.979987930025708615e-09
2.901422172983532569e-09
2.824120551730166676e-09
2.747351951384629446e-09
2.671772565980785900e-09
2.597176196969570006e-09
2.523440563195991523e-09
2.451297175542905449e-09
2.380552672283409042e-09
2.311570748466719759e-09
2.244447419714158355e-09
2.179159951278226210e-09
2.115547694546920059e-09
2.053889195096128375e-09
1.994443729401820474e-09
1.937305921695044682e-09
1.882666465613025561e-09
1.830585457341558168e-09
1.780915743042256902e-09
1.733290292231314913e-09
1.687544335145301846e-09
1.643697848416963000e-09
1.601864641789108201e-09
1.561717468522989773e-09
1.522714886362399715e-09
1.484917849850350220e-09
1.447971193981714986e-09
1.411950146563448073e-09
1.376808548422694245e-09
1.342514310973411791e-09
1.309027944047740397e-09
1.276314421044882714e-09
1.244358573033295368e-09
1.212966619510228673e-09
1.182407374062670823e-09
1.152584698044595297e-09
1.123724928804061612e-09
1.095622198221369224e-09
1.068229294513617184e-09
1.041495807310685199e-09
1.015225663782139960e-09
9.892908366817507266e-10
9.638521825600128725e-10
9.386734012736253688e-10
9.137251961651520380e-10
8.889882830987119816e-10
8.644296431827979859e-10
8.400818906674644450e-10
8.159418316450589185e-10
7.920060932595153289e-10
7.684278331869255371e-10
7.454319275943783442e-10
7.231737066155256723e-10
7.015006635715278127e-10
6.803503717692707020e-10
6.599101750228099221e-10
6.402453863510748889e-10
6.213994855889222240e-10
6.033940219855961280e-10
5.862366395946134210e-10
5.699378841239735311e-10
5.544545096466340399e-10
5.394812823082498743e-10
5.250212770380283819e-10
5.111689276265368511e-10
4.978130930324834922e-10
4.848978707294756659e-10
4.723412649371918602e-10
4.600571378288699809e-10
4.481051698430132765e-10
4.365337366405666779e-10
4.252876913372132863e-10
4.143254245941032952e-10
4.036753449650427690e-10
3.933165032087791420e-10
3.832346468216815525e-10
3.734252749787102995e-10
3.639097356151731834e-10
3.547355478319135874e-10
3.458681194587868573e-10
3.372631977629995502e-10
3.287014432060408152e-10
3.202015361910254181e-10
3.117748026851075532e-10
3.034237294150437642e-10
2.951419860766321032e-10
2.869270754987734784e-10
2.787731668183636841e-10
2.707611531876486529e-10
2.627897479066206287e-10
2.548255373739409442e-10
2.470268165182842779e-10
2.393476793805211413e-10
2.318067064766203288e-10
2.244875889549440303e-10
2.174308588592854664e-10
2.106570576719069210e-10
2.042147931179862825e-10
1.980219934646167374e-10
1.921195820922727040e-10
1.865031108173247307e-10
1.811724565402245000e-10
1.761291921265623453e-10
1.713576821058365797e-10
1.667725093698641210e-10
1.623639435096504583e-10
1.580919621563000439e-10
1.539274268348137891e-10
1.498731387331100505e-10
1.459389599092604416e-10
1.421277649776581363e-10
1.384383396140901430e-10
1.348666390284510844e-10
1.314084045849024077e-10
1.281112304575828311e-10
1.249028473398239146e-10
1.217986337131864530e-10
1.187741710405944616e-10
1.157923482368555104e-10
1.128611680276620319e-10
1.099769026970484160e-10
1.071426025041046941e-10
1.043800747780122439e-10
1.016676089781257570e-10
9.894756995686333018e-11
9.625479659420933528e-11
9.358367100563109119e-11
9.093510433157457550e-11
8.833592885426022184e-11
8.576202499092681962e-11
8.322197099090577443e-11
8.072699905840785138e-11
7.825745200244679931e-11
7.583899145516038339e-11
7.348220841353994784e-11
7.119543823121289178e-11
6.899156959778861059e-11
6.689312448687441940e-11
6.491862272924890314e-11
6.306767770342646200e-11
6.132983721718455396e-11
5.967386902409598116e-11
5.810288284942257637e-11
5.661097258481811903e-11
5.519043963434599369e-11
5.385073322707419995e-11
5.257375963558506893e-11
5.133376235580535479e-11
5.011140614405950007e-11
4.891414934554109742e-11
4.773970778528272569e-11
4.659915368542709257e-11
4.547380711772720716e-11
4.437493481049180679e-11
4.330368935938579916e-11
4.224170936327937719e-11
4.119530724623585738e-11
4.016734945591904130e-11
3.915787748856289974e-11
3.816694199777905366e-11
3.720726358930503005e-11
3.627551788223262947e-11
3.537144218620503324e-11
3.446729977427239876e-11
3.356620113438835489e-11
3.267158115925064379e-11
3.178650355005829073e-11
3.092392577480036863e-11
3.007615675359468207e-11
2.924340153798088603e-11
2.841473725788364009e-11
2.759360962449239280e-11
2.678799347596273284e-11
2.600255461328353062e-11
2.524118289231322963e-11
2.450354209116692801e-11
2.378656342754041255e-11
2.307709215215429113e-11
2.238131492956779484e-11
2.169891204179602960e-11
2.102948698473512353e-11
2.037796700107844090e-11
1.974430091006450271e-11
1.912927234013158452e-11
1.852356211076800041e-11
1.792522667269427408e-11
1.733548896741151563e-11
1.675387359094980443e-11
1.618920647611274152e-11
1.563563438965159956e-11
1.509196788979835723e-11
1.455148238720618677e-11
1.401258961958630803e-11
1.347071339134867752e-11
1.292799009717425307e-11
1.238497086825422375e-11
1.183708278836992206e-11
1.128220558169499603e-11
1.071008209601022996e-11
1.012311259908827405e-11
9.519519685758399527e-12
8.901143858376845923e-12
8.263559860234935834e-12
7.613307082230694642e-12
6.944069382590490371e-12
6.250035822771470322e-12
5.531740357793571952e-12
4.789559146154621867e-12
4.020982546847564961e-12
3.221160976376740485e-12
2.386769215679896630e-12
1.509455188202363138e-12
5.844688503295645031e-13
-3.911828440554170350e-13
-1.424811612380118978e-12
-2.521445713550089908e-12
-3.683751383690645793e-12
-4.916453681398540739e-12
-6.221093045582784286e-12
-7.593231414705472283e-12
-9.033707638513162293e-12
-1.054198628706298840e-11
-1.211312976707725639e-11
-1.373202933216848130e-11
-1.537900654158484237e-11
-1.704658559492658975e-11
-1.873375634318584267e-11
-2.041047382414468409e-11
-2.205454934788597030e-11
-2.359125175811610863e-11
-2.499190533501206449e-11
-2.625068213080277398e-11
-2.732734232935041495e-11
-2.820211385700989432e-11
-2.886878745778912600e-11
-2.931411292402100777e-11
-2.952094443833107878e-11
-2.951267302660588495e-11
-2.930247659520378690e-11
-2.896651912307818231e-11
-2.852621398724769513e-11
-2.797793960273087177e-11
-2.735566120527798349e-11
-2.668348474151344562e-11
-2.597390985354220251e-11
-2.522476081296224302e-11
-2.445004739519795009e-11
-2.365328065932130681e-11
-2.285596587552814921e-11
-2.204774542284525006e-11
-2.123106154503608702e-11
-2.041048329770918950e-11
-1.958899013558396798e-11
-1.877192581119874309e-11
-1.796877930238593472e-11
-1.719602642989712788e-11
-1.645381190475589960e-11
-1.574124345347422083e-11
-1.504418087235799918e-11
-1.437265900111857245e-11
-1.372733658857702631e-11
-1.310182252704455445e-11
-1.249886872669380670e-11
-1.191935498113165657e-11
-1.136983185960128579e-11
-1.084981370002914267e-11
-1.036044512899710914e-11
-9.902522034297793271e-12
-9.472107817045088132e-12
-9.071488831585887516e-12
-8.698773517928728713e-12
-8.360230387301205268e-12
-8.053317329797222987e-12
-7.779667533403923080e-12
-7.529264161138187828e-12
-7.297965507913769479e-12
-7.083716319386263174e-12
-6.883714779542593487e-12
-6.703465498430452796e-12
-6.535956954637091924e-12
-6.379507200712472861e-12
-6.232530882882553428e-12
-6.082924152387610458e-12
-5.934797395298824233e-12
-5.780761657353383857e-12
-5.623049174885676899e-12
-5.460058299529890285e-12
-5.294982124189234294e-12
-5.120185276266976060e-12
-4.936473295467646550e-12
-4.746422180212914766e-12
-4.552463667968562787e-12
-4.367273388353678833e-12
-4.182422518033871519e-12
-4.002609394238538908e-12
-3.826170080145475067e-12
-3.658421232969310029e-12
-3.495093471194286385e-12
-3.337457048356650730e-12
-3.187467484104635744e-12
-3.047553728097355594e-12
-2.914159564451392498e-12
-2.786336671132326931e-12
-2.665034805627106496e-12
-2.552223579786141187e-12
-2.450376040999661868e-12
-2.354602056715629438e-12
-2.264479639430106257e-12
-2.183539023491886616e-12
-2.109320303941288542e-12
-2.038977007887095799e-12
-1.974313527871701194e-12
-1.915706013497147491e-12
-1.860622147945380931e-12
-1.808174894300442004e-12
-1.759022454091776846e-12
-1.713898111187594875e-12
-1.674401568230784133e-12
-1.636376423565205040e-12
-1.601615440552139331e-12
-1.570360681904572671e-12
-1.541963416096372464e-12
-1.515170909280251181e-12
-1.492446204760026379e-12
-1.472188000835442793e-12
-1.453519907572185804e-12
-1.435764962305122397e-12
-1.419632458169073445e-12
-1.405905913916166204e-12
-1.393297071258758276e-12
-1.382422220817445195e-12
-1.373319952426238089e-12
-1.365843829365164319e-12
-1.359800557743342158e-12
-1.355319266203041935e-12
-1.352293520156129794e-12
-1.351687772566393639e-12
-1.352859195342089118e-12
-1.353186762571096297e-12
-1.354640455368533269e-12
-1.356496066435733508e-12
-1.358569686875343895e-12
-1.360968649548711416e-12
-1.361818884148575675e-12
-1.361219768540183293e-12
-1.360277372755906895e-12
-1.357730668599426970e-12
-1.350989019487487174e-12
-1.343972375884927286e-12
-1.334571289221070810e-12
-1.321992236968621056e-12
-1.306643654058176621e-12
-1.287912677097394437e-12
-1.267585113317030949e-12
-1.247351860483357896e-12
-1.222925631546253871e-12
-1.196202637351068514e-12
-1.168894146186050387e-12
-1.139020806970029208e-12
-1.106478771895026358e-12
-1.071183294167384683e-12
-1.034435155430602088e-12
-9.954641142421179314e-13
-9.533398997543990475e-13
-9.078406356132618713e-13
-8.617120913640546418e-13
-8.103456736058129298e-13
-7.551326567986444575e-13
-6.980895464102505601e-13
-6.376822410406979871e-13
-5.744191289589687963e-13
-5.072302240510620557e-13
-4.359006335916314884e-13
-3.603179702144058539e-13
-2.782291856509902141e-13
-1.904289417215633808e-13
-9.803602222225487159e-14
-5.131492161761452734e-16
1.049004094839179710e-13
2.169269131200955377e-13
3.385133609088926572e-13
4.701634474709710687e-13
6.117264052867891773e-13
7.646145573553259654e-13
9.289919757819001398e-13
1.107346563779152581e-12
1.301311513176920003e-12
1.513680305354258962e-12
1.745633018506573459e-12
1.999642176475469072e-12
2.276501554894700244e-12
2.581371482518330596e-12
2.916418312291555779e-12
3.285784564035722976e-12
3.694050740301663984e-12
4.146411827664930105e-12
4.649430396292218379e-12
5.212266193584345357e-12
5.843981314828877593e-12
6.555213039536483964e-12
7.363303358883478575e-12
8.287941356499972627e-12
9.354082763365036689e-12
1.060011174493738561e-11
1.206186980361885870e-11
1.381407573031696188e-11
1.589167142852795509e-11
1.845123088398473123e-11
2.160966374314527541e-11
2.544659375927853003e-11
3.023074929696945399e-11
3.605691159547621729e-11
4.323189630046459265e-11
5.195067377511235214e-11
6.220866606487427924e-11
7.434431559346049941e-11
8.886169781907236320e-11
1.063806672872356138e-10
1.267846311330160112e-10
1.557416379898377748e-10
1.811647254426779106e-10
1.983560686127217399e-10
2.101859426745701291e-10
2.178214075588589593e-10
2.213363047981906404e-10
2.208772119790842572e-10
2.161211740988096370e-10
2.064639597025074285e-10
1.921981679015335524e-10
1.676815229360989437e-10
1.448148302865811677e-10
1.283196236721731419e-10
1.150737702425655204e-10
1.037199628578877240e-10
9.417131133817706116e-11
8.591754584607699497e-11
7.876434454256249297e-11
7.254753521299274210e-11
6.698098302989809723e-11
6.196693069095935129e-11
5.743720700937412856e-11
5.326702864707867222e-11
4.939172770996657874e-11
4.578328934082556829e-11
4.244275552180805646e-11
3.933787566537082838e-11
3.645309135400253644e-11
3.378532323519578735e-11
3.133272724739198914e-11
2.909158310032469353e-11
2.704547862125374384e-11
2.518838323465821455e-11
2.351162164495612291e-11
2.200336262519874949e-11
2.064695104353827870e-11
1.942473551720839335e-11
1.832340752031455130e-11
1.733350364184608457e-11
1.644246834665483815e-11
1.563648508423592848e-11
1.489960716794319794e-11
1.422098166124957232e-11
1.359100307249548603e-11
1.299893477870652378e-11
1.244120439208273291e-11
1.191266964123120592e-11
1.141187370881457235e-11
1.093281876097163312e-11
1.047208215580918642e-11
1.002659790075609368e-11
9.592347825826456802e-12
9.168324425661265049e-12
8.756297518463429720e-12
8.358822042798169054e-12
7.972024195654146334e-12
7.595084223944541773e-12
7.227398148482661792e-12
6.868557470897761455e-12
6.519020383738685401e-12
6.181661292466884821e-12
5.858474671264813891e-12
5.549156544724342000e-12
5.252165185138299461e-12
4.967220597904329695e-12
4.694458091643297482e-12
4.434363623845283099e-12
4.187659369226380292e-12
3.954982383034064738e-12
3.735902001368753095e-12
3.527886904808396108e-12
3.331220095834738966e-12
3.146115152736216486e-12
2.972649547175258991e-12
2.810610806259030463e-12
2.659632765613272381e-12
2.519124393314897127e-12
2.388277928936797712e-12
2.266130900556629820e-12
2.152074361426243462e-12
2.045642752698097286e-12
1.946127705645391958e-12
1.853176475652414041e-12
1.766494871155206014e-12
1.685840758941694026e-12
1.610879435108955656e-12
1.541293794956301719e-12
1.476826977234389671e-12
1.417316690582317673e-12
1.362530109812972559e-12
1.312207372549474425e-12
1.266073204383332560e-12
1.223907297144399091e-12
1.185499787857634472e-12
1.150633184400423521e-12
1.119126866346931984e-12
1.090816075506147845e-12
1.065530815441927695e-12
1.043186563505467676e-12
1.023686616799733005e-12
1.006934839896320623e-12
9.928269067668583861e-13
9.812293426023202974e-13
9.719333669788132513e-13
9.647170110986157337e-13
9.593413252714761808e-13
9.555566363289847792e-13
9.530905749618655397e-13
9.515567578917719462e-13
9.507468180066212494e-13
9.504367809566167446e-13
9.503917194009504849e-13
9.503627488647890946e-13
9.501223797054707866e-13
9.494295344368535191e-13
9.480354652041680012e-13
9.456487722356607560e-13
9.420930930332171477e-13
9.373217882658073962e-13
9.311695414760682769e-13
9.235346097270981710e-13
9.143564497870596825e-13
9.036048841887998460e-13
8.912981510602439919e-13
8.775039708734503986e-13
8.623335295795877560e-13
8.459713848183853383e-13
8.285401742365128214e-13
8.101479022319106394e-13
7.909294198764906575e-13
7.710073462409250111e-13
7.505110158276799301e-13
7.295931762018818577e-13
7.083512484796653798e-13
6.868712074469049716e-13
6.652276331925631175e-13
6.434858150202346684e-13
6.217019851523347017e-13
5.999226144989968851e-13
5.781757060620960197e-13
5.564748078964096066e-13
5.343487535786874899e-13
5.090372064553572026e-13
4.775202721315406202e-13
4.368094686240042772e-13
3.838672466441529299e-13
3.156239919575017384e-13
2.290011268853847092e-13
1.209182374652589152e-13
-1.183484015329788627e-14
-1.770497081312718466e-13
-3.843828850235254259e-13
-6.412547298395884172e-13
-9.548489955540762109e-13
-1.332414907516454088e-12
-1.781240060420692534e-12
-2.308695282800181654e-12
-2.922224778785396155e-12
-3.629251168962408286e-12
-4.437085119915947261e-12
-5.348458687766472177e-12
-6.361840294970990326e-12
-7.468235995878498893e-12
-8.657850498725334664e-12
-9.920834191356280715e-12
-1.124720472224610842e-11
-1.262687325949127932e-11
-1.404968229850974374e-11
-1.550541013380700080e-11
-1.698370869682592159e-11
-1.847427868044284597e-11
-1.996864885780553504e-11
-2.146567951291048797e-11
-2.298059650805550127e-11
-2.456526598318891731e-11
-2.627313464866117446e-11
-2.815771966161957722e-11
-3.027280399224422442e-11
-3.267261587258575769e-11
-3.541160105045276071e-11
-3.854434971986377030e-11
-4.212166217286862023e-11
-4.614933092204175428e-11
-5.060596497983124028e-11
-5.543183739292692431e-11
-6.055241556974186130e-11
-6.584980648496618512e-11
-7.120203919138280532e-11
-7.648671468538192772e-11
-8.158121542057146624e-11
-8.636237132552668549e-11
-9.071057223872831530e-11
-9.455103863306607745e-11
-9.782030360149254278e-11
-1.004582828813394472e-10
-1.024212099360281851e-10
-1.037064227468556743e-10
-1.043133365197461808e-10
-1.042432340218658339e-10
-1.034988507148733700e-10
-1.020866186620160306e-10
-1.000140525198326332e-10
-9.730887329073285349e-11
-9.403127018055242841e-11
-9.024029749154516449e-11
-8.599208403270248812e-11
-8.134562951938488346e-11
-7.639877982531782964e-11
-7.126951819717002408e-11
-6.607512915595546181e-11
-6.092999097580865500e-11
-5.594861360386421209e-11
-5.122754304012141713e-11
-4.683095787356468593e-11
-4.282151066418250772e-11
-3.924532056437326011e-11
-3.611191342008043430e-11
-3.339209654597668790e-11
-3.103470835529760775e-11
-2.898792255157263129e-11
-2.719946083404986176e-11
-2.561613522359726204e-11
-2.418276885040998240e-11
-2.284431438307586017e-11
-2.154671350203979385e-11
-2.025232372213908035e-11
-1.895942015539719971e-11
-1.766790942223448284e-11
-1.637834588674399532e-11
-1.509691477734209574e-11
-1.383131032055294954e-11
-1.258923864825469759e-11
-1.137842464916029430e-11
-1.020662346262606907e-11
-9.081601666229128259e-12
-8.011125253221306362e-12
-7.002946840788928635e-12
-6.064782044498854627e-12
-5.203732561236844664e-12
-4.421287953109839295e-12
-3.717447159781624858e-12
-3.092216987716355999e-12
-2.544050399176812390e-12
-2.067877766163330690e-12
-1.658426508338063001e-12
-1.310331172102646427e-12
-1.018194862031236491e-12
-7.766116904711638197e-13
-5.801455149662313640e-13
-4.233578238532123104e-13
-3.006644183480814317e-13
-2.047548801346224238e-13
-1.293747706850778294e-13
-7.177105216718819501e-14
-2.937534355842550536e-14
2.892904449890438382e-16
1.967076666327676151e-14
3.121131538435636142e-14
3.732478938761982021e-14
4.042091020846291230e-14
4.276315336822659422e-14
4.487434210842058510e-14
4.678272877230668278e-14
4.851043907109696909e-14
5.006648164357166940e-14
5.145769799487100340e-14
5.268971023469645261e-14
5.376727845513392903e-14
5.469620884801438266e-14
5.548360617435738347e-14
5.613295290333243068e-14
5.664596127083782090e-14
5.702502571322260291e-14
5.727371199225777118e-14
5.739560122243686729e-14
5.739429670083105078e-14
5.727396883292399686e-14
5.703940943912240307e-14
5.669385824470110192e-14
5.623912285209255188e-14
5.568328565312549455e-14
5.503652867070999375e-14
5.430855042099779233e-14
5.350852004089774146e-14
5.264597165289537779e-14
5.173100471550387761e-14
5.077366746149994664e-14
4.978387415435489890e-14
4.877310810705893779e-14
4.775271610125676128e-14
4.672786402479589846e-14
4.570362944942625042e-14
4.468545286152913258e-14
4.367898484275683807e-14
4.268938721863248651e-14
4.172173434839491066e-14
4.078187674866852481e-14
3.987524946828766198e-14
3.900826917327802320e-14
3.818431752457012371e-14
3.740400345661462447e-14
3.666769327878924548e-14
3.597514323652505398e-14
3.532521085868068399e-14
3.471673763148866710e-14
3.414806946423744094e-14
3.361642178184972435e-14
3.311888471765088642e-14
3.265048512778334923e-14
3.220866076373605521e-14
3.179350592203723263e-14
3.140540743070766870e-14
3.104515158460079744e-14
3.071506453814794645e-14
3.042038191815410212e-14
3.016101191425015876e-14
2.993600565365007309e-14
2.974449060881749649e-14
2.958574964858961457e-14
2.945936537917084303e-14
2.936477128518939195e-14
2.930110114806147626e-14
2.926725170428608061e-14
2.926093154709684443e-14
2.927684150131286017e-14
2.931511188082804328e-14
2.937671388997037683e-14
2.946256899419510669e-14
2.957358311633143614e-14
2.971059025770398386e-14
2.987426646217683488e-14
3.006465399239153282e-14
3.027887417947361100e-14
3.052092652537391865e-14
3.079453582063674448e-14
3.110339858491419793e-14
3.145110444652996122e-14
3.184114326461520779e-14
3.227681820292829041e-14
3.276127288196548978e-14
3.329782871042134203e-14
3.389050927758609616e-14
3.454658602687467142e-14
3.526675351673068427e-14
3.605251503041729328e-14
3.690414011665523464e-14
3.782071207309878094e-14
3.880126962093768224e-14
3.984464963614335958e-14
4.094933096558692648e-14
4.211288619533606594e-14
4.333485517146602379e-14
4.461217865729971742e-14
4.594011983505473349e-14
4.731320961040479647e-14
4.872709206961747104e-14
5.017861797091795803e-14
5.166464191832884053e-14
5.318244781414921885e-14
5.472992660558186428e-14
5.630635780015207476e-14
5.790896423541305763e-14
5.953695200920139751e-14
6.119102333564123219e-14
6.287254219534576272e-14
6.458608892626573567e-14
6.633759836994908347e-14
6.813545693691261412e-14
6.999812166783675138e-14
7.194765954731099936e-14
7.399764331138524934e-14
7.615023513608439850e-14
7.839853424912955467e-14
8.073434007761592499e-14
8.314576782314383094e-14
8.561277291701464747e-14
8.811319900865881602e-14
9.062161579341077965e-14
9.310190462481563929e-14
9.551397605549915916e-14
9.782480867871840274e-14
1.000108165352268513e-13
1.020542710889804168e-13
1.039366077987288060e-13
1.056374853533517863e-13
1.071372010729326052e-13
1.084066632406564491e-13
1.094063738148722375e-13
1.100840549213326622e-13
1.103895502479617546e-13
1.103081803099591370e-13
1.098332367588703402e-13
1.089649255539813323e-13
1.077094406577683810e-13
1.060817828852034608e-13
1.041020839280223586e-13
1.018013915390403959e-13
9.922307198988147181e-14
9.642408584654889967e-14
9.346152465815636277e-14
9.036110584466023279e-14
8.714482880538617493e-14
8.383223889971726459e-14
8.044201435968958576e-14
7.699240636034579653e-14
7.350423105834066054e-14
7.000079454453900827e-14
6.651058344767961246e-14
6.307367255835192242e-14
5.973395869487548253e-14
5.651958756398063659e-14
5.344857725038991596e-14
5.053307816260192344e-14
4.778016393452646477e-14
4.519344043895569342e-14
4.277309978471927914e-14
4.051570813570895023e-14
3.840976773376449449e-14
3.643072315895292114e-14
3.454754774881517183e-14
3.274189957535850325e-14
3.100342043153372066e-14
2.932667886071022223e-14
2.770825838148749882e-14
2.614465757154481562e-14
2.463227766921956098e-14
2.316787905975750481e-14
2.175017011393049449e-14
2.037904224227076403e-14
1.905522117976168691e-14
1.777967922264935658e-14
1.655234909076861974e-14
1.537324094010562407e-14
1.424248522544383612e-14
1.316057365095861285e-14
1.212817257394813400e-14
1.114615309878598736e-14
1.021592625436836559e-14
9.337512253633038289e-15
8.510287200277092320e-15
7.733182744383512563e-15
7.005996613345499609e-15
6.328288593642818835e-15
5.699415362768603464e-15
5.118316297209173991e-15
4.583767408446155043e-15
4.094188790599166476e-15
3.647112916077397512e-15
3.240959090966868036e-15
2.873963048797321307e-15
2.543957532723810169e-15
2.248264898016700223e-15
1.984106015144909151e-15
1.748726694419859978e-15
1.539306485442438162e-15
1.352928526909166597e-15
1.186795260966240562e-15
1.038294393763022273e-15
9.051397051017086308e-16
7.855230617307167817e-16
6.779947699839179143e-16
5.815225190360604598e-16
4.952225851447335100e-16
4.182033760222300757e-16
3.496504447574502594e-16
2.888733150006449855e-16
2.351811431377206274e-16
1.879009631698989606e-16
1.463729341581489798e-16
1.099463827392747160e-16
7.802683610198985974e-17
5.015385915563804046e-17
2.588832681967610558e-17
4.849105113768326189e-18
-1.328296686542132340e-17
-2.879007107502884662e-17
-4.193011969703651592e-17
-5.296115333026370041e-17
-6.211832281508119517e-17
-6.963553283398370154e-17
-7.572254381359828550e-17
-8.056990355012939469e-17
-8.432969884045952966e-17
-8.715034319221602345e-17
-8.916847970696115416e-17
-9.052216179702937757e-17
-9.134466191657319896e-17
-9.173917932815445666e-17
-9.178406397748757121e-17
-9.153866833183370640e-17
-9.105161211022547937e-17
-9.037162814597295670e-17
-8.954445728548439598e-17
-8.861079188194884606e-17
-8.760062415056721819e-17
-8.653619193506649956e-17
-8.543496967662059236e-17
-8.431101616613063597e-17
-8.317744539123940593e-17
-8.204696152329944501e-17
-8.092942252262859445e-17
-7.983099407247051258e-17
-7.875713351636239537e-17
-7.771148144860128116e-17
-7.669636517292768566e-17
-7.571560688850687927e-17
-7.477175565362049938e-17
-7.386681874936850317e-17
-7.300238645207753543e-17
-7.217987947033393256e-17
-7.140074234236748532e-17
-7.066653671381269698e-17
-6.997880182419468193e-17
-6.933897175741789958e-17
-6.874852572556281932e-17
-6.821079590559754813e-17
-6.772841020600992436e-17
-6.730192298179135276e-17
-6.693202828069773780e-17
-6.661955761515409795e-17
-6.636522418507488744e-17
-6.616938621886661629e-17
-6.603217027666896525e-17
-6.595340717773832176e-17
-6.593226637140259178e-17
-6.596575633741333419e-17
-6.605149491221532226e-17
-6.618890700635249847e-17
-6.637740767638887115e-17
-6.661672121176504292e-17
-6.690783992770699295e-17
-6.725101844310220394e-17
-6.764470748051803580e-17
-6.808712750213805958e-17
-6.857668406297219740e-17
-6.911206336437949770e-17
-6.969194437624233207e-17
-7.031578335749551097e-17
-7.098423960922198325e-17
-7.169339691574788742e-17
-7.243791893187454876e-17
-7.321312149858379300e-17
-7.401567886156738421e-17
-7.484213635563798762e-17
-7.568900640709086133e-17
-7.655263480753471509e-17
-7.742939974826517166e-17
-7.831484867218333286e-17
-7.920327115112366912e-17
-8.009333833491095778e-17
-8.098365828741018376e-17
-8.187249815463171693e-17
-8.321483767297396649e-17
-8.409946624779972969e-17
-8.498047874089002715e-17
-8.585338394766350824e-17
-8.651627462406323649e-17
