0.000000000000000000e+00
0.000000000000000000e+00
0.000000000000000000e+00
0.000000000000000000e+00
0.000000000000000000e+00
0.000000000000000000e+00
0.000000000000000000e+00
0.000000000000000000e+00
0.000000000000000000e+00
0.000000000000000000e+00
1.647068256491858148e-03
3.324006764667362425e-03
5.030815480157280369e-03
6.767494358592379515e-03
8.534043355603426750e-03
1.033046242682119156e-02
1.215675152787644084e-02
1.401291061439994060e-02
1.589893964202246032e-02
1.781483856637476604e-02
1.976060734308762723e-02
2.173624592779180992e-02
2.374175427611808012e-02
2.577713234369720732e-02
2.784238008615995755e-02
2.993749745913710028e-02
3.206248441825940154e-02
3.421734091915763082e-02
3.640206691746255413e-02
3.861666236880494096e-02
4.086112722881555387e-02
4.313546145312516927e-02
4.543966499736454279e-02
4.777373781716445084e-02
5.014321330898525303e-02
5.263483852089773096e-02
5.524861307751113143e-02
5.798453660343474286e-02
5.919554046678596887e-02
6.049882229698229363e-02
6.189438176300220834e-02
6.338221853382422499e-02
6.496233227842682090e-02
6.663472266578851499e-02
6.839938936488780541e-02
7.025633204470319026e-02
7.220555037421313993e-02
7.424704402239616641e-02
7.638081265823080945e-02
7.744757737402167830e-02
7.855592547176294682e-02
7.970585613677930170e-02
8.089736855439541574e-02
8.213046190993598950e-02
8.340513538872568189e-02
8.472138817608920736e-02
8.607921945735122482e-02
8.747862841783639321e-02
8.891961424286944082e-02
9.040217611777504048e-02
9.192631322787787884e-02
9.349202475850261485e-02
9.509377645414436586e-02
9.664482040768777871e-02
9.814515613547905581e-02
9.959478315386437186e-02
1.009937009791899015e-01
1.023419091278018611e-01
1.036394071160463837e-01
1.048861944602696855e-01
1.060822706768179274e-01
1.072276352820373396e-01
1.083222877922740690e-01
1.090605840796435716e-01
1.098800686398388321e-01
1.107807356315368974e-01
1.117625792134148283e-01
1.139848721208235466e-01
1.163390208794244374e-01
1.185976681769944918e-01
1.207448591578763053e-01
1.227805883292631128e-01
1.247048501983481633e-01
1.265176392723247056e-01
1.282189500583859609e-01
1.298087770637251781e-01
1.312871147955355922e-01
1.326539577610104381e-01
1.339396370969748729e-01
1.352408150355854377e-01
1.365574814108855006e-01
1.378896260569181242e-01
1.392372388077266487e-01
1.406003094973543033e-01
1.419788279598443170e-01
1.433727840292398359e-01
1.447821675395841723e-01
1.462069683249204999e-01
1.476471762192921033e-01
1.491027810567421841e-01
1.505737726713139157e-01
1.523657845412814127e-01
1.540412615213409275e-01
1.556001988032048866e-01
1.570425915785856330e-01
1.583684350391955376e-01
1.595777243767469988e-01
1.608912531129166323e-01
1.622350754104792403e-01
1.636091602330042305e-01
1.650134765440610940e-01
1.664479933072192941e-01
1.679126794860482663e-01
1.700884287591517274e-01
1.720376109314263324e-01
1.740431225092320122e-01
1.760745647704371752e-01
1.780352078975787344e-01
1.799249944713070259e-01
1.817438670722723582e-01
1.834917682811250672e-01
1.851686406785154337e-01
1.867744268450937939e-01
1.883090693615104838e-01
1.897725108084157564e-01
1.911646937664600032e-01
1.924855608162935050e-01
1.937350545385665979e-01
1.949499885431067170e-01
1.961789006747973463e-01
1.974216652307535513e-01
1.986781565080904255e-01
1.999482488039229788e-01
2.012318164153663880e-01
2.025287336395356907e-01
2.038454283981354087e-01
2.052716655152066194e-01
2.068073456511449471e-01
2.084523694663459048e-01
2.102066376212051724e-01
2.120700507761182629e-01
2.133615848764466028e-01
2.150187397412586243e-01
2.167584884881594287e-01
2.185120167659310164e-01
2.202502825754716620e-01
2.217945528002950029e-01
2.232645967905991791e-01
2.246598574707376894e-01
2.259797777650640604e-01
2.273043093603428211e-01
2.287682536570892766e-01
2.303705886562819050e-01
2.320948062276532997e-01
2.338328342592011777e-01
2.355839837196975761e-01
2.373106945487372388e-01
2.389636824508590551e-01
2.405423266783702774e-01
2.420460064835780467e-01
2.434741011187896431e-01
2.448259898363123188e-01
2.461010518884531872e-01
2.472986665275195284e-01
2.484182130058185944e-01
2.494590705756575266e-01
2.504206184893436049e-01
2.513022359991839982e-01
2.521633395244715636e-01
2.530273304514759070e-01
2.538929564539747497e-01
2.547589652057457021e-01
2.556928504482492426e-01
2.567223335708295195e-01
2.580248270802152910e-01
2.594792410164508123e-01
2.610848118454250355e-01
2.625657382176148635e-01
2.640294163362778557e-01
2.653393109635547864e-01
2.664947102611230356e-01
2.675103885219059507e-01
2.684835158889026241e-01
2.693552518238628846e-01
2.701214705983532860e-01
2.707826624092062873e-01
2.713551696650647882e-01
2.718478699471335580e-01
2.723429096989876674e-01
2.728362466767880745e-01
2.733238386366959038e-01
2.738016433348722245e-01
2.742656185274781611e-01
2.747117219706747271e-01
2.751127358248276478e-01
2.754525539893467601e-01
2.756694375291391941e-01
2.757376625421351091e-01
2.756561588387566597e-01
2.754238562294262227e-01
2.750396845245657862e-01
2.745025735345977269e-01
2.738114530699441995e-01
2.729652529410273587e-01
2.719629029582694701e-01
2.710783707475047932e-01
2.700737077923383578e-01
2.689420370553545214e-01
2.677765333778117651e-01
2.665730033460874115e-01
2.653364216782175822e-01
2.640898883697327948e-01
2.628266704492142614e-01
2.615448825997382931e-01
2.602267872925704828e-01
2.588621118264144982e-01
2.573673146376039833e-01
2.557450428498865280e-01
2.539979435870095004e-01
2.521286639727205459e-01
2.501398511307669770e-01
2.479827351804174407e-01
2.457106357311723832e-01
2.433389810538767462e-01
2.408687950868926286e-01
2.383269872440549608e-01
2.357318816109143511e-01
2.330833752089687405e-01
2.303811868278228536e-01
2.276250352570811930e-01
2.248146392863484833e-01
2.219497177052292824e-01
2.190299893033282874e-01
2.160551728702500285e-01
2.130715576762045871e-01
2.100787548821226314e-01
2.069839332702440859e-01
2.037053260193856241e-01
2.003156234226781685e-01
1.968528594213769523e-01
1.933301861138692346e-01
1.897512920187817143e-01
1.861198656547410346e-01
1.824395955403739500e-01
1.787141701943070760e-01
1.749472781351671113e-01
1.712204362191189488e-01
1.674942325395656906e-01
1.637522011409066336e-01
1.600482833139953154e-01
1.563575064552486515e-01
1.526816775606950338e-01
1.490226036263628817e-01
1.453562061728077004e-01
1.416669920488694556e-01
1.379578951674406417e-01
1.342320276733070528e-01
1.304925017112546493e-01
1.267424294260692252e-01
1.229827347163468670e-01
1.192166992530784425e-01
1.154565779669412123e-01
1.117124454663451921e-01
1.080056384124381125e-01
1.043403545202854082e-01
1.008015203983098074e-01
9.732926714637449295e-02
9.392792919262651918e-02
9.060158202740045685e-02
8.735357007649680039e-02
8.418496789702820116e-02
8.109676467033390124e-02
7.808994957775308721e-02
7.516551180062493176e-02
7.224661218275039987e-02
6.937647365048014991e-02
6.657540275680565167e-02
6.384479525495775909e-02
6.118604689816735387e-02
5.860055343966531771e-02
5.608971063268251150e-02
5.365738191102602944e-02
5.130574733578760482e-02
4.903600212960772947e-02
4.684934151512686051e-02
4.474696071498547589e-02
4.272946340853425035e-02
4.079905453891272821e-02
3.895604745613435310e-02
3.719178225052620357e-02
3.550141868111462290e-02
3.387354281185434024e-02
3.230627015279935454e-02
3.080098159602719446e-02
2.935534949332204921e-02
2.796467498684616568e-02
2.662451815657430540e-02
2.533117014701525768e-02
2.408319197136565490e-02
2.288028980615408950e-02
2.172422588066454108e-02
2.061593826729734430e-02
1.955308485903639593e-02
1.853489377315215708e-02
1.756056354927796465e-02
1.662921328483249125e-02
1.573996207723440954e-02
1.489184550979312863e-02
1.408364305738552327e-02
1.331164881918575973e-02
1.257384026708334955e-02
1.186917971141906308e-02
1.119662946253367937e-02
1.055515183076796530e-02
9.944300669752511798e-03
9.364149453993142122e-03
8.814296512670875480e-03
8.294402767572511825e-03
7.803880517767418368e-03
7.342142062324965787e-03
6.908390856890390605e-03
6.504442480999694104e-03
6.126200649561266802e-03
5.772903045625095084e-03
5.443728441687480102e-03
5.137722995874552910e-03
4.853860955883709631e-03
4.590069244908999771e-03
4.342218733389107375e-03
4.107004448646332795e-03
3.884401597419439873e-03
3.673681842372841441e-03
3.474116846170952067e-03
3.284978271478183713e-03
3.105585577746233349e-03
2.935411531005978521e-03
2.774052515142871878e-03
2.621117700002117967e-03
2.476119436097176749e-03
2.338794027108889728e-03
2.208780918955568790e-03
2.085682243118966092e-03
1.969098729089355584e-03
1.858662356095181411e-03
1.753998841453283022e-03
1.654671309874723023e-03
1.560491508787995680e-03
1.471210317706654093e-03
1.386945985905822798e-03
1.307399944665203588e-03
1.232232432168895928e-03
1.161096274654384872e-03
1.093768181124368062e-03
1.030110004901705440e-03
9.700101546220492050e-04
9.133340597954096385e-04
8.599487310188634170e-04
8.097211122802306944e-04
7.625181475673318415e-04
7.182067808679873377e-04
6.766539561700176623e-04
6.377266174612429691e-04
6.012439119422024201e-04
5.669551943435015328e-04
5.347398167948899748e-04
5.044769060977573848e-04
4.761426929773743049e-04
4.494896661546303376e-04
4.243802016802555844e-04
4.006982163543419987e-04
3.783290289684639149e-04
3.571916944318250073e-04
3.372190432102162598e-04
3.183560368581851230e-04
3.005476369302788851e-04
2.837961445270343339e-04
2.679363366674037848e-04
2.529170634670727612e-04
2.386899654177637080e-04
2.252224573647062676e-04
2.124093821135716517e-04
2.001859764944284711e-04
1.885320950125197060e-04
1.774379033592986764e-04
1.668890090831471110e-04
1.568757403274323925e-04
1.473848262134376693e-04
1.383998550573350907e-04
1.299005906065617169e-04
1.218668067412321285e-04
1.142778599846269310e-04
1.071131068600265945e-04
1.003543970695475792e-04
9.398871481040197253e-05
8.800275968766650865e-05
8.238236864247852067e-05
7.709955144216886641e-05
7.214022086070488466e-05
6.749585326835743585e-05
6.315696112564686017e-05
5.911550930418006645e-05
5.535302188306919240e-05
5.185024500059235060e-05
4.858935334298039544e-05
4.556012590456437315e-05
4.275324521011830545e-05
4.015659567023713446e-05
3.774228734200853674e-05
3.549003011054703848e-05
3.338660988658242779e-05
3.141955002161116785e-05
2.957657875141878788e-05
2.784827263120253084e-05
2.622028556341019154e-05
2.468188274456984739e-05
2.322547017632043599e-05
2.184764926233929516e-05
2.054477111956250966e-05
1.931333645555812951e-05
1.815078129819782418e-05
1.705429274480484760e-05
1.602119237655299255e-05
1.504841578249997778e-05
1.413324813265393671e-05
1.327345760348610765e-05
1.246848888911684900e-05
1.171215844154299617e-05
1.100162229240666964e-05
1.033403647335000347e-05
9.704798355251134141e-06
9.109987763585836569e-06
8.547783750923079835e-06
8.017975455561471610e-06
7.519624838830065678e-06
7.051562208353681661e-06
6.612326822443287371e-06
6.200586266572735223e-06
5.815008126215877630e-06
5.454259986846568701e-06
5.117009433938660849e-06
4.802052789559643028e-06
4.508445701341297080e-06
4.235190780316469858e-06
3.981089635571502952e-06
3.745015587365458334e-06
3.525861851820257163e-06
3.322789411259965844e-06
3.134077564289044614e-06
2.958345773914305187e-06
2.793865789637942799e-06
2.639235471140391578e-06
2.493405099332919624e-06
2.355639555159442904e-06
2.225397882474759481e-06
2.102203770953552722e-06
1.985580910270506419e-06
1.875052990100301822e-06
1.770212064620309481e-06
1.670738922476100594e-06
1.576299462589778460e-06
1.486472236523342860e-06
1.400838709350235330e-06
1.319176790105613666e-06
1.241512054434425402e-06
1.167713330652363099e-06
1.097672690290185148e-06
1.031284822394713730e-06
9.684398955510134590e-07
9.090013871441922737e-07
8.528286247427332067e-07
7.998132442989546952e-07
7.500465435584431868e-07
7.031772757908449528e-07
6.590744524665774461e-07
6.176039122984490160e-07
5.785727237909197705e-07
5.417086479792035054e-07
5.069470614202885397e-07
4.742751086041099048e-07
4.436197599208340517e-07
4.149060325375759781e-07
3.880594508871535748e-07
3.630055394023848381e-07
3.396698225160878174e-07
3.179778246610802445e-07
2.978550702701802219e-07
2.792205013271145942e-07
2.620329358048925059e-07
2.461088083640612081e-07
2.312892180264211520e-07
2.174508970070879218e-07
2.045319682689300071e-07
1.924657100426805125e-07
1.811733486299383984e-07
1.705720485414403368e-07
1.605833831841421460e-07
1.511556171649556636e-07
1.422505063629836106e-07
1.338382628765299246e-07
1.258904389571403466e-07
1.183785868563605645e-07
1.112787605204607871e-07
1.045739701908888183e-07
9.824754659512053280e-08
9.226972546906056176e-08
8.661192846918642399e-08
8.125490401689361339e-08
7.618929955248938371e-08
7.140738205806181371e-08
6.689957939855060596e-08
6.265522505433038380e-08
5.866285975728028266e-08
5.491115982859496125e-08
5.138866799994081142e-08
4.809677700205408356e-08
4.501244401864310475e-08
4.212577594305695699e-08
3.942817400842711421e-08
3.690871620400038641e-08
3.453833932999539404e-08
3.232090974060679394e-08
3.024891012869875462e-08
2.831654772558373463e-08
2.651796264780078661e-08
2.484721370186164049e-08
2.329704784475719656e-08
2.186279145084744901e-08
2.053861487075115574e-08
1.931867187746213289e-08
1.819248870587095111e-08
1.714578947418561632e-08
1.617118372814355013e-08
1.525861388023357515e-08
1.440400046686512126e-08
1.360205126441853953e-08
1.284719182593232637e-08
1.213413974928985589e-08
1.145894772986451075e-08
1.081876284759471476e-08
1.021152493091437801e-08
9.635038218941880677e-09
9.087240540323884708e-09
8.566750788621126333e-09
8.072441667727660501e-09
7.603431242480987438e-09
7.157171227963637159e-09
6.732782897907711246e-09
6.329390546931314991e-09
5.946371838951394241e-09
5.583280746892889184e-09
5.239303095690741023e-09
4.913779514149670711e-09
4.606125675624119314e-09
4.317027669433283769e-09
4.044688008014954760e-09
3.788372032787684241e-09
3.547306590594731005e-09
3.320836946734486716e-09
3.108313098478869187e-09
2.906973360160326647e-09
2.717889940949544356e-09
2.540452563655677237e-09
2.374309532380734183e-09
2.219045836853453527e-09
2.074271908861385207e-09
1.939591598915751105e-09
1.814647238943428600e-09
1.699157329644950972e-09
1.592596843448093540e-09
1.494533091569990168e-09
1.404335939188905610e-09
1.321164628627526173e-09
1.243864315312092116e-09
1.171651928516110253e-09
1.103967651977285856e-09
1.040380017425399687e-09
9.805395318200796047e-10
9.241041457985202536e-10
8.708618571213934182e-10
8.206052106968879673e-10
7.731143551989285555e-10
7.282088834249488595e-10
6.856127177825424920e-10
6.451429754397909674e-10
6.066718457650081499e-10
5.701123920658644573e-10
5.354227978203676719e-10
5.025570736236889905e-10
4.714701218239001049e-10
4.422301581093959624e-10
4.146381568101171925e-10
3.886115373543665701e-10
3.640800395092927520e-10
3.409583313222051280e-10
3.191467748417568176e-10
2.984582581053901370e-10
2.789469683089454557e-10
2.605741396145303677e-10
2.433012162680302031e-10
2.270971485793304479e-10
2.119237749457933211e-10
1.977356819108997578e-10
1.844919209184998765e-10
1.721563188146477250e-10
1.606927024453975064e-10
1.500732638830259877e-10
1.402271550511385115e-10
1.311028156445077987e-10
1.226634103596685059e-10
1.148779250195317951e-10
1.077279188450356414e-10
1.011751087459056324e-10
9.518716024168767195e-11
8.969843336376525457e-11
8.461181262653600434e-11
7.987341646111838415e-11
7.543038723496313649e-11
7.124912813367024170e-11
6.730471344640129406e-11
6.357799519093153611e-11
6.005009647259752535e-11
5.672069144794520172e-11
5.356527885651982050e-11
5.056681615644374203e-11
4.771743712185819743e-11
4.500709031989334355e-11
4.242587386657664479e-11
3.995656803609619709e-11
3.759715976525179037e-11
3.535014045686472800e-11
3.321604654098106565e-11
3.119151401382820380e-11
2.927206449977788156e-11
2.745358021043679785e-11
2.573265452598410057e-11
2.410577311751471336e-11
2.257258583274202124e-11
2.112948118014785274e-11
1.976071899363646043e-11
1.847240659872234048e-11
1.726019309549449135e-11
1.612122448375017986e-11
1.505282883829370315e-11
1.405257876202792824e-11
1.311797158214251899e-11
1.224650462582718608e-11
1.143571571479319469e-11
1.068065400706731970e-11
9.979396094010618877e-12
9.329179452529109290e-12
8.728163836229447786e-12
8.178129430333254755e-12
7.673911227393648510e-12
7.213143671348546693e-12
6.793677358265741890e-12
6.413469611372711469e-12
6.062071202345664218e-12
5.731967775205163600e-12
5.420115023656310614e-12
5.124346656843327565e-12
4.843560344943916478e-12
4.576460462761723837e-12
4.322013354473576923e-12
4.079477149145952044e-12
3.849336573806446106e-12
3.630868423346052523e-12
3.422718885595433143e-12
3.221639961334209663e-12
3.029468423328174192e-12
2.846229217188115622e-12
2.671887381617983231e-12
2.506543786536747880e-12
2.350008503045815878e-12
2.201712261770230012e-12
2.061291815528462340e-12
1.927955291418331845e-12
1.801484607826216636e-12
1.682352247352245025e-12
1.570120041108371656e-12
1.464619256139004164e-12
1.365601680766355936e-12
1.272808846462660508e-12
1.186008897015541320e-12
1.104662187067170183e-12
1.028482381115931953e-12
9.573062277685837380e-13
8.910354804860644988e-13
8.295685478585679704e-13
7.728079888216460650e-13
7.207118959164325212e-13
6.731746138758796286e-13
6.299483654604009761e-13
5.903313089237542133e-13
5.542591800998722385e-13
5.217306498194565333e-13
4.925400982070995495e-13
4.659534615423344006e-13
4.414080759483637171e-13
4.184215963563786689e-13
3.964619333345259035e-13
3.753661459756542829e-13
3.552920883861699772e-13
3.361330331383660316e-13
3.178392368137072196e-13
3.003489818727582976e-13
2.836324644344099079e-13
2.676681705337015591e-13
2.523698052746437973e-13
2.377208609082172439e-13
2.237143146288906990e-13
2.103329452782766969e-13
1.975776850095225318e-13
1.855077694928116066e-13
1.741201426838592843e-13
1.633323402888004421e-13
1.530872029888064418e-13
1.433677410834326259e-13
1.341916275172673520e-13
1.255512804470695146e-13
1.174367756066639333e-13
1.098313317882071644e-13
1.027066918697275868e-13
9.599715200868916045e-14
8.973457902492230173e-14
8.391321176429016158e-14
7.852432435578211887e-14
7.355406120504571893e-14
6.898946505031617993e-14
6.474316435237767438e-14
6.077778385559626191e-14
5.708612276544923370e-14
5.365425617193716409e-14
5.048418239489246743e-14
4.755303252910260907e-14
4.481910678272615032e-14
4.226850854367693716e-14
3.988199555413453835e-14
3.763964220955518105e-14
3.553557642286387800e-14
3.356370543468270484e-14
3.171277930103555298e-14
2.995848663851478990e-14
2.829085551172610101e-14
2.669860944068617042e-14
2.517846875766482747e-14
2.373409740486999269e-14
2.235687261767399972e-14
2.103925747821102980e-14
1.978159698993567940e-14
1.860125041019371091e-14
1.749334494095652884e-14
1.645566294376360639e-14
1.547817681120512622e-14
1.455343281203961308e-14
1.367749940275424040e-14
1.284761508700877237e-14
1.205991874698294622e-14
1.132366498220533380e-14
1.062271579309182509e-14
9.958516760378588296e-15
9.332769200797307768e-15
8.746843452071002178e-15
8.194470187887227737e-15
7.666634368483139302e-15
7.169141413015694661e-15
6.707289510421177830e-15
6.279237914465907474e-15
5.876201569804151895e-15
5.498359112031241724e-15
5.145001316251403525e-15
4.815474355408062892e-15
4.511684059178200245e-15
4.233163488668722778e-15
3.972681419871731451e-15
3.731283605067619876e-15
3.508535995189347072e-15
3.301350297769710989e-15
3.104183084416919104e-15
2.922602084699024144e-15
2.755268111374235778e-15
2.600029251743188446e-15
2.453106408417916966e-15
2.314738851451922586e-15
2.185281251232369210e-15
2.064705974217026672e-15
1.950992418421620017e-15
1.843268222769057181e-15
1.743048867206287364e-15
1.649216464236373819e-15
1.557824580881845225e-15
1.472018129485166838e-15
1.391972448592406465e-15
1.315454159177474798e-15
1.242188276388964840e-15
1.172075026782194177e-15
1.107712284521201061e-15
1.044997063628543185e-15
9.853080971505217784e-16
9.285020662602333239e-16
8.747698111071238278e-16
8.246411724469219979e-16
7.787793876144554513e-16
7.348023567001043094e-16
6.927570891127741265e-16
6.544797902770293874e-16
6.182267638244117509e-16
5.840049147181365732e-16
5.521255794723355430e-16
5.216245517745945261e-16
4.946324338956322710e-16
4.708683937357645027e-16
4.479442699596379889e-16
4.294058678962058479e-16
4.103994926201969272e-16
3.912071535351936886e-16
3.725529676141047041e-16
3.544828711743622604e-16
3.375639948964063197e-16
3.219079818624229511e-16
3.068806863984820558e-16
2.924379818577480987e-16
2.785315788570827142e-16
2.651492557735240346e-16
2.514356251645739845e-16
2.395950173040698755e-16
2.281456831432729845e-16
2.171346309032655760e-16
2.065296920205047102e-16
1.964449659333904404e-16
1.866638134101647998e-16
1.772535446995144489e-16
1.681582196204344282e-16
1.591617604831152166e-16
1.505435288693332398e-16
1.422532879495648967e-16
1.339153600130451581e-16
1.259630993455638661e-16
1.177528569254527024e-16
1.086412072494788719e-16
9.998872433631951859e-17
8.965435779268670244e-17
8.132182217609871695e-17
7.463890068180423858e-17
6.867747485184706537e-17
6.333167154593136252e-17
5.853779061657610106e-17
5.415149187575929581e-17
5.011908499597847929e-17
4.641226467526870332e-17
4.301009106139004177e-17
3.987674515783105692e-17
3.697530159625034812e-17
3.428970318429993422e-17
3.180590248835511642e-17
2.951161988579263977e-17
2.739798960302673168e-17
2.543764984078039901e-17
2.362121542489658964e-17
2.193959459536154022e-17
2.038406506686258015e-17
1.894585925542035159e-17
1.761834861823669412e-17
1.639148684072224669e-17
1.525463702389860673e-17
1.420171895859452039e-17
1.322685130566257668e-17
1.232450038299961560e-17
1.148929809351481844e-17
1.071633742097033672e-17
1.000183432709230483e-17
9.338959679751435803e-18
8.723170017488037789e-18
8.151041766870616330e-18
7.618995551375878339e-18
7.123562302236657299e-18
6.660865351414381165e-18
6.228109756981722794e-18
5.823374677520141575e-18
5.445362298450038620e-18
5.090867858524614275e-18
4.758537864420387206e-18
4.447078372145084240e-18
4.155250276438604456e-18
3.881888976173135154e-18
3.625913800274581512e-18
3.386248077048926113e-18
3.161904421277274004e-18
2.952055822689181649e-18
2.756115278723357501e-18
2.572598804251478543e-18
2.400790518339509952e-18
2.240023512717446699e-18
2.089726733509788936e-18
1.949321629507870279e-18
1.818220281832275692e-18
1.695868521723187973e-18
1.581738800876201826e-18
1.475347309875174995e-18
1.376241809152649927e-18
1.283995234761353060e-18
1.197967887773209764e-18
1.117732178652934398e-18
1.042950493361469754e-18
9.732989473585573701e-19
9.084551086960519676e-19
8.481084323630289396e-19
7.919635194257390876e-19
7.397504952610008295e-19
6.912031488120618082e-19
6.460707714678104026e-19
6.041207367053660742e-19
5.651357052090329098e-19
5.288642874192584863e-19
4.950771398678791734e-19
4.635973467866662046e-19
4.342512370728169257e-19
4.068751149122634481e-19
3.813204586516436583e-19
3.574473908280618399e-19
3.351209851775506454e-19
3.141956332585319498e-19
2.945535463658702900e-19
2.761167638617838780e-19
2.588098122419942850e-19
2.425633440778823960e-19
2.273049977006325294e-19
2.129552405562960262e-19
1.994689049828589160e-19
1.867972839796327091e-19
1.748957108455255462e-19
1.637233602661583123e-19
1.532416303982759044e-19
1.434132865127798298e-19
1.342009116480938203e-19
1.255672251635573864e-19
1.174757056932009485e-19
1.098917977447562197e-19
1.027856596593475510e-19
9.613128418301760276e-20
8.990167277359659134e-20
8.406163151938455759e-20
7.859034691318510580e-20
7.346731338370371562e-20
6.867435476596418877e-20
6.419244135551604739e-20
6.000352575994434439e-20
5.609017681283727244e-20
5.243508954842215305e-20
4.902217491388290899e-20
4.583602793549127298e-20
4.286207360040662256e-20
4.008650741257895343e-20
3.749606629724483827e-20
3.507932093034510922e-20
3.282575814440203495e-20
3.071985925134595955e-20
2.875251653242543495e-20
2.691516929251859490e-20
2.519941912913150459e-20
2.359719259179131341e-20
2.210126245640147858e-20
2.070473951258538556e-20
1.940062758859693702e-20
1.818205906182959774e-20
1.704251744873627458e-20
1.597542939911634338e-20
1.497379104076358980e-20
1.403323997360203597e-20
1.314993007378267350e-20
1.232022110871743180e-20
1.154082564702590300e-20
1.080774249991693514e-20
1.011834668636959085e-20
9.470465766801729974e-21
8.861896772779315831e-21
8.290412958890378528e-21
7.753943155799133571e-21
7.250630850703887527e-21
6.778716074741913749e-21
6.336437626177554686e-21
5.922148032850474991e-21
5.534263188606060000e-21
5.171297679628131341e-21
4.831890324815094334e-21
4.514748345175033995e-21
4.218460104437625620e-21
3.941612339014774445e-21
3.682874093508897746e-21
3.440751798514400307e-21
3.214142693223436347e-21
3.002186064259514038e-21
2.804034856371236774e-21
2.618906279220271306e-21
2.446068591654482823e-21
2.284806935109215609e-21
2.134442762649193599e-21
1.994340026590140285e-21
1.863885468597818849e-21
1.742441265101191082e-21
1.629394278916739048e-21
1.524163480353562965e-21
1.426182568116290061e-21
1.334925028926077994e-21
1.249888336947230829e-21
1.170607853482123896e-21
1.096640975652709858e-21
1.027524130105434057e-21
9.629036921765115306e-22
9.024889800373146854e-22
8.459945229178778661e-22
7.931304034290309858e-22
7.435996000383844954e-22
6.970751417682697140e-22
6.533634523018944395e-22
6.123020361406344273e-22
5.737418324704686413e-22
5.375435072587733106e-22
5.035783412659328934e-22
4.717100128067138501e-22
4.418124693645562325e-22
4.137718917396933751e-22
3.874757716963049980e-22
3.628124100077993715e-22
3.396764342809093861e-22
3.179674231275720762e-22
2.975724815589743021e-22
2.784181031569637901e-22
2.604420994679037735e-22
2.435847365706962287e-22
2.277864893200664431e-22
2.129920343419277247e-22
1.991468945273207985e-22
1.861947524964939345e-22
1.740832589355647745e-22
1.627605340478688098e-22
1.521784828597955082e-22
1.422932026259773585e-22
1.330646214135863391e-22
1.244539743340214230e-22
1.164229983908233163e-22
1.089335949280461935e-22
1.019481770036210413e-22
9.543025295195226625e-23
8.934575960206280403e-23
8.366203607873437980e-23
7.834366581547952673e-23
7.336819518579359783e-23
6.871417258128940918e-23
6.436162703677500024e-23
6.029224220967103273e-23
5.648901491305043237e-23
5.293531553933615780e-23
4.961496211013080540e-23
4.651235593921278421e-23
4.361286115159061949e-23
4.090282211601270531e-23
3.836854395410863602e-23
3.599601141478581513e-23
3.376971882445509102e-23
3.167796296800335948e-23
2.971194507805746523e-23
2.786355722703163061e-23
2.612540558651371056e-23
2.449050095977607219e-23
2.295276626689393509e-23
2.150559506568106537e-23
2.014359378695557997e-23
1.886255705820961550e-23
1.765838921178558272e-23
1.652696307388887446e-23
1.546413094924881886e-23
1.446606166618069594e-23
1.352919316936042061e-23
1.265048244248137777e-23
1.182696842410522787e-23
1.105566185660317983e-23
1.033357327709886061e-23
9.657998151645291317e-24
9.026125936550223555e-24
8.435417003174183074e-24
7.883580591289664136e-24
7.368366777957772932e-24
6.887387067795504973e-24
6.438295546703248772e-24
6.018857459672951167e-24
5.626974788766396828e-24
5.260636620792099446e-24
4.917946260650987208e-24
3.785904210086666507e-24
3.541501233614723355e-24
3.321215689775019743e-24
3.116863325668233211e-24
2.926086183734787438e-24
2.749075273070292870e-24
2.585681240195790638e-24
2.431428247022039576e-24
2.285268956619579998e-24
2.146490927921415763e-24
2.014547717424805582e-24
1.889437720767369278e-24
1.771160921376598112e-24
1.659517684444737973e-24
