4.398278663187937983e-03
4.416203571587556422e-03
4.424930380396249752e-03
4.429009641283908165e-03
4.433261195775619647e-03
4.434466955192862062e-03
4.441951513711467001e-03
4.448540838634479529e-03
4.455451392557929768e-03
4.461192302262948287e-03
4.467049681466061378e-03
4.473139582220640731e-03
4.480202416746641506e-03
4.486556063349288540e-03
4.492741667681356132e-03
4.498552654558008769e-03
4.503613036060960702e-03
4.508178677658170735e-03
4.513085172032779528e-03
4.520011498636068194e-03
4.526953484470018149e-03
4.533728338340574197e-03
4.540203827431573379e-03
4.546362868341225286e-03
4.551491853041122505e-03
4.557108569665089225e-03
4.563644769629336337e-03
4.570746997174528377e-03
4.577336411500119995e-03
4.583729861677096791e-03
4.590818906669881516e-03
4.597739410042939699e-03
4.603920614585606426e-03
4.610642861233381351e-03
4.618663032751857932e-03
4.626731090634652807e-03
4.634891778364838219e-03
4.642964027561386625e-03
4.650634992891728749e-03
4.657346522158406499e-03
4.663442932119185071e-03
4.671013048296454410e-03
4.679597946181676162e-03
4.687924268483975934e-03
4.695956685507255389e-03
4.703582590148575396e-03
4.710444365406876027e-03
4.716383530719232657e-03
4.722210538918664158e-03
4.728963793123020475e-03
4.736105634985114839e-03
4.742596592555925299e-03
4.749512465849742467e-03
4.756975166725052259e-03
4.764191936353118391e-03
4.770684309218372991e-03
4.777240868839086919e-03
4.784761524739731924e-03
4.792615787824443772e-03
4.800271279169016081e-03
4.807729494649946173e-03
4.814806986139336456e-03
4.821582630090454243e-03
4.827534563303578774e-03
4.834168469383590822e-03
4.842253065758629800e-03
4.850722022941423954e-03
4.859070032726286147e-03
4.867385724556271866e-03
4.875674321821266664e-03
4.883787501119629844e-03
4.891384936070649302e-03
4.898634744319904123e-03
4.906834675881787712e-03
4.915091923321214529e-03
4.923333302250230276e-03
4.932046993503630752e-03
4.941280033935873360e-03
4.950154812012062637e-03
4.958672713813254071e-03
4.966216209804003023e-03
4.974277332390528335e-03
4.982891993325164887e-03
4.991172198116266764e-03
4.999244650508218382e-03
5.006942016526200016e-03
5.014240185305270797e-03
5.021084079977421698e-03
5.028449970610786128e-03
5.036138338616255594e-03
5.045003516004137149e-03
5.053896219835742921e-03
5.062627438810609476e-03
5.071197683869274955e-03
5.079676882453657005e-03
5.088076280114653231e-03
5.096083471859622072e-03
5.103421670469585579e-03
5.110483294651576441e-03
5.117968885828799719e-03
5.125955237712183019e-03
5.134511074889223751e-03
5.143799659874674982e-03
5.152975083229941779e-03
5.161870461221201682e-03
5.170450647101526923e-03
5.178475413391479126e-03
5.187217410860474158e-03
5.196383206385745031e-03
5.205500136883391832e-03
5.214441483060235256e-03
5.223280803969328895e-03
5.231524312920933506e-03
5.240007447508569782e-03
5.249290204360388193e-03
5.258315016768204397e-03
5.268396669312371862e-03
5.278535903058249705e-03
5.288451895008371671e-03
5.298106939283111702e-03
5.307459493096745341e-03
5.316397118661036342e-03
5.325136646745050155e-03
5.333527234114066040e-03
5.340743638097087548e-03
5.348873734743326593e-03
5.357425959219841438e-03
5.366470918844867301e-03
5.376352855244669396e-03
5.386165529001197064e-03
5.395909927302553269e-03
5.405462494821020730e-03
5.414625261424418738e-03
5.423337149635241994e-03
5.432747559995023366e-03
5.442188320367298375e-03
5.451393026644946356e-03
5.460269005686238172e-03
5.468577311226602289e-03
5.477144838516279611e-03
5.485943059298808121e-03
5.495721143456444927e-03
5.505496471470441161e-03
5.515550483866258832e-03
5.525820961260985605e-03
5.535996520887606111e-03
5.546047214370923052e-03
5.555950704864849252e-03
5.565672880610219100e-03
5.575234927339424960e-03
5.584657839386030116e-03
5.593243306620264248e-03
5.601900283702788627e-03
5.611610027061423797e-03
5.621789581020299013e-03
5.632863365185156526e-03
5.643801833200539318e-03
5.654651748855564486e-03
5.665414079448647874e-03
5.676149072194830968e-03
5.686442580116341135e-03
5.696179972836347936e-03
5.706223006216558369e-03
5.716026190806752262e-03
5.725521471718130612e-03
5.734302841307090115e-03
5.743466131634216570e-03
5.752989207975536985e-03
5.762866246750119638e-03
5.773619659734250537e-03
5.784528880718980970e-03
5.794960491568829086e-03
5.805808369956968681e-03
5.816568980137807980e-03
5.827228477076095911e-03
5.837771808123465994e-03
5.848095232900417904e-03
5.858168307802998770e-03
5.867966117518631612e-03
5.876973844641170119e-03
5.886320960323782742e-03
5.896144700180065701e-03
5.906506458682517051e-03
5.918031419469580411e-03
5.929433251843379930e-03
5.940706839995673304e-03
5.951904101949311021e-03
5.963078691224582908e-03
5.974263666433174760e-03
5.985289087095290589e-03
5.995742294879370139e-03
6.006483093887076893e-03
6.016867559070858580e-03
6.026288025634659630e-03
6.036100150921862653e-03
6.046414787071072335e-03
6.057124999986098803e-03
6.068434831969869020e-03
6.080529086172109694e-03
6.092487018108905597e-03
6.104374613981741401e-03
6.116114011408766045e-03
6.127753892194675450e-03
6.139285599176806663e-03
6.150660578100644246e-03
6.161753525482971221e-03
6.172672787029816893e-03
6.183072449369254875e-03
6.192762661881170624e-03
6.202837210369200466e-03
6.213658355379837045e-03
6.224552682808302470e-03
6.235994183294435098e-03
6.248214748803550614e-03
6.260347304830738216e-03
6.272347716619663949e-03
6.284213974368263456e-03
6.296085319947249126e-03
6.307942738525134686e-03
6.319650831909129698e-03
6.331092534715979797e-03
6.342323056197600797e-03
6.353076730366221531e-03
6.363225336734524944e-03
6.373678385688147027e-03
6.384519022272159769e-03
6.395765500389474952e-03
6.407709787813490807e-03
6.420484389192234603e-03
6.433348028842713132e-03
6.446061898615166111e-03
6.458828563222361770e-03
6.471026145937797819e-03
6.483160397487931423e-03
6.495191739481139502e-03
6.507104084691913738e-03
6.518887031005462206e-03
6.530243687968591629e-03
6.541018492493333447e-03
6.552001376563615365e-03
6.563506525839951644e-03
6.575921886555468991e-03
6.588110506848317109e-03
6.601400277801347354e-03
6.614611707756509924e-03
6.627718159168515498e-03
6.640722167836773937e-03
6.653575794101756688e-03
6.666288653187513007e-03
6.678933728553201887e-03
6.691456921512012671e-03
6.703782218805410566e-03
6.716261458488489641e-03
6.726967911696643890e-03
6.737960483358567017e-03
6.749307605053329884e-03
6.760997156066641742e-03
6.773083220765847498e-03
6.785899561867862750e-03
6.799550996912121122e-03
6.813260131923878742e-03
6.827026672553540565e-03
6.840765645520478604e-03
6.854292493080793754e-03
6.867179016913083078e-03
6.879892718540546806e-03
6.892450227017468678e-03
6.904853872180897675e-03
6.916808104675450583e-03
6.928223102607028623e-03
6.939970109423176416e-03
6.951979733180098722e-03
6.964567899601117190e-03
6.978129594357470808e-03
6.991528797369394796e-03
7.005468738746946367e-03
7.019367237938931026e-03
7.033215794388788036e-03
7.047013811272865268e-03
7.060743122043341979e-03
7.074378995651645421e-03
7.087912705786139633e-03
7.101403209318371719e-03
7.114644938384404732e-03
7.128307535080979050e-03
7.140173821675770485e-03
7.152234651750117786e-03
7.164645440988414056e-03
7.177435895175094879e-03
7.190597557351769732e-03
7.204378504984614018e-03
7.219112318345611776e-03
7.233882711589683517e-03
7.248661558799954219e-03
7.263394916806497313e-03
7.278795832330349838e-03
7.293118432357493901e-03
7.306751039502431058e-03
7.320173479363825675e-03
7.333406605503489141e-03
7.346220537419101936e-03
7.358369572638730725e-03
7.370847432694596114e-03
7.383666488420344634e-03
7.396893326866701979e-03
7.410799457176149400e-03
7.425772233590924136e-03
7.441490743105601616e-03
7.456275258655760928e-03
7.471003073671654213e-03
7.485682971685884979e-03
7.500312087477939253e-03
7.514883885507462474e-03
7.529393599579358061e-03
7.543821831438961116e-03
7.558003702213422596e-03
7.571869411735063747e-03
7.585204564330371400e-03
7.599179293552354476e-03
7.611951000920164599e-03
7.625098324280416180e-03
7.638678935360682445e-03
7.652680897407638898e-03
7.667259738041679040e-03
7.682975360577852172e-03
7.698748647573465387e-03
7.714605786194897626e-03
7.730561444070177708e-03
7.746505604253042451e-03
7.763289282465626016e-03
7.778787673371876168e-03
7.793346212773749615e-03
7.807715535992773397e-03
7.821716596734753016e-03
7.834782885399082381e-03
7.848197037710466159e-03
7.861947068007253681e-03
7.876003004650085348e-03
7.890475904714760666e-03
7.905650583896538935e-03
7.922064475304435929e-03
7.939395494953024879e-03
7.955489383920580707e-03
7.971218319929978743e-03
7.986889932095777786e-03
8.002482198004572805e-03
8.017997934490797909e-03
8.033451601945889448e-03
8.048841630042245093e-03
8.063962872857603076e-03
8.078733633854565457e-03
8.092956658580945095e-03
8.108049664508575755e-03
8.123172062521824208e-03
8.137152741066583025e-03
8.151587272883082519e-03
8.166481168895886600e-03
8.181829540073178725e-03
8.198445441649854226e-03
8.215249678358033797e-03
8.232042455010610965e-03
8.248909169867583990e-03
8.265851132041300911e-03
8.282722899792305943e-03
8.300401536568104838e-03
8.317012796036072492e-03
8.332261329766841099e-03
8.347320930884459880e-03
8.361381782759483294e-03
8.375559855137560891e-03
8.390122113933615872e-03
8.405118844480804347e-03
8.420564389097107139e-03
8.436544064825284711e-03
8.453302516431322397e-03
8.471156572120547637e-03
8.490452574728479113e-03
8.508540263316445237e-03
8.525553331067090360e-03
8.542449165109039858e-03
8.559248920390234716e-03
8.575925958503646113e-03
8.592453763117036472e-03
8.608892998087529225e-03
8.624988327901693744e-03
8.640685083800744501e-03
8.655926956454946045e-03
8.672016692672365051e-03
8.688774454485192339e-03
8.705123641765238549e-03
8.720481862526434369e-03
8.736307083741148144e-03
8.752614678990380120e-03
8.769983520070466151e-03
8.788018379391866752e-03
8.806049393436097758e-03
8.824054081248111983e-03
8.842112564612958012e-03
8.860215385019845277e-03
8.878385013400540149e-03
8.897203242026778189e-03
8.915216968902619707e-03
8.931306421257195760e-03
8.946623012539742584e-03
8.961582803231461433e-03
8.976871439872890698e-03
8.992537951644886257e-03
9.008621652905319729e-03
9.025163018250032670e-03
9.042258061794416005e-03
9.060220380750841351e-03
9.079062669531453439e-03
9.100126767295485877e-03
9.120207196504572997e-03
9.139031442503182251e-03
9.157162456292165451e-03
9.175262591432172335e-03
9.193270066863226675e-03
9.211197652991349322e-03
9.229051178851130355e-03
9.246503779460776840e-03
9.263508063793371786e-03
9.279839333318887912e-03
9.296972252484160884e-03
9.315081255451222036e-03
9.333478769517128057e-03
9.351243302208749747e-03
9.368097853731740393e-03
9.385442922855395317e-03
9.403521325894861199e-03
9.422863075539692629e-03
9.442200825362127153e-03
9.461530113845158241e-03
9.480849703498160294e-03
9.500260458791735460e-03
9.519709527274582833e-03
9.539322549942332377e-03
9.559493640027729236e-03
9.578819943305385762e-03
9.596705842334598419e-03
9.612541958310993548e-03
9.628728641891156140e-03
9.645290242092836169e-03
9.662242309927243297e-03
9.679563145540109881e-03
9.697396868387248015e-03
9.715828403648941666e-03
9.735165565259624315e-03
9.755416168035400959e-03
9.777145840970289173e-03
9.799246684443027600e-03
9.820357262958760713e-03
9.839993568705681509e-03
9.859130306311653796e-03
9.878190306100780374e-03
9.897183612127810615e-03
9.916095913936303144e-03
9.934632200801041257e-03
9.952781990454706920e-03
9.970355701604682527e-03
9.988568189251118001e-03
1.000758648987342715e-02
1.002786916721265000e-02
1.004820197228139048e-02
1.006794235808627751e-02
1.008676291382417864e-02
1.010594278641047290e-02
1.012642496378742506e-02
1.014738295001980060e-02
1.016824093303315274e-02
1.018898575486813958e-02
1.020971601121760906e-02
1.023043688050386327e-02
1.025132488442777497e-02
1.027243413832032264e-02
1.029405143089297432e-02
1.031492300858593766e-02
1.033409579394526170e-02
1.035120780898685089e-02
1.036868381707750121e-02
1.038656328994568695e-02
1.040486842053824947e-02
1.042360113423711210e-02
1.044280591304750164e-02
1.046266390108945704e-02
1.048345654543414440e-02
1.050520463072242110e-02
1.052816006310891214e-02
1.055234904413023846e-02
1.057575962370022743e-02
1.059816730843402173e-02
1.061877482367312373e-02
1.063915287541241685e-02
1.065940360444202553e-02
1.067953328089789149e-02
1.069929018372553844e-02
1.071863169660416601e-02
1.073729747766065737e-02
1.075645454922594460e-02
1.077624750462861936e-02
1.079687088914119825e-02
1.081909720134164796e-02
1.084135195964718544e-02
1.086305307892562397e-02
1.088399682004971732e-02
1.090526249740575437e-02
1.092798319812245122e-02
1.095067605059504498e-02
1.097334107752243569e-02
1.099596602859922306e-02
1.101852399476711472e-02
1.104101698177907889e-02
1.106340440213695112e-02
1.108612907042253078e-02
1.110923880030931059e-02
1.113162576822864305e-02
1.115216658185304646e-02
1.117181165492121125e-02
1.119066768050251334e-02
1.120993740055746188e-02
1.122966574434521025e-02
1.124985374762926642e-02
1.127054392599833275e-02
1.129178907064764918e-02
1.131411098003279846e-02
1.133746573724881898e-02
1.136217672345621321e-02
1.138754571804769487e-02
1.141328384433559946e-02
1.143817921184687308e-02
1.146215157061647796e-02
1.148401564629941869e-02
1.150576606198880011e-02
1.152738622125577816e-02
1.154849096696808006e-02
1.156918532560108695e-02
1.158911122025923709e-02
1.160948292954789955e-02
1.163048531710103237e-02
1.165213544477025805e-02
1.167448552178473528e-02
1.169874468923317104e-02
1.172307097526843409e-02
1.174681131469051606e-02
1.176972847543956285e-02
1.179305616632680617e-02
1.181737935659679314e-02
1.184180497515670630e-02
1.186627593104175489e-02
1.189071633228958383e-02
1.191512739579385013e-02
1.193947774253261741e-02
1.196356386413902073e-02
1.198799720133756144e-02
1.201303272031697955e-02
1.203725589722074926e-02
1.206009140362544578e-02
1.208241423336697817e-02
1.210292860276909570e-02
1.212371363251699835e-02
1.214496183090664656e-02
1.216668391406329833e-02
1.218893246261143308e-02
1.221175843310405747e-02
1.223551993099167810e-02
1.226044645662888524e-02
1.228710486825798122e-02
1.231390199200070243e-02
1.234209673898668119e-02
1.236957835760510264e-02
1.239615368219512508e-02
1.242181212828104633e-02
1.244516262019159866e-02
1.246839153202752674e-02
1.249114402995403147e-02
1.251337323598879052e-02
1.253454132449747030e-02
1.255627143359198603e-02
1.257857114922023706e-02
1.260153861040557918e-02
1.262517943856293103e-02
1.264950166363219657e-02
1.267598203973650979e-02
1.270252349407433382e-02
1.272876518093456547e-02
1.275408554332349044e-02
1.277966884717020475e-02
1.280566647949172264e-02
1.283175398685191398e-02
1.285788718428888117e-02
1.288407635089010989e-02
1.291044796417007735e-02
1.293669537956467462e-02
1.296269764179361350e-02
1.298876561353303101e-02
1.301550429538607390e-02
1.304175022267803873e-02
1.306714206763090122e-02
1.309202279787460323e-02
1.311599805372111113e-02
1.313854878236680318e-02
1.316140525712831619e-02
1.318479072358486742e-02
1.320871651469909466e-02
1.323322628150173583e-02
1.325863358999759128e-02
1.328508481156936462e-02
1.331362869060448081e-02
1.334250222326451886e-02
1.337201621701668633e-02
1.340244414696144075e-02
1.343189465050935970e-02
1.346035334042137120e-02
1.348783460688593450e-02
1.351280457660557904e-02
1.353735258259367719e-02
1.356133478816332061e-02
1.358393024829748254e-02
1.360697455877240940e-02
1.363059610447917014e-02
1.365498372577697399e-02
1.368006592179601792e-02
1.370585652923265660e-02
1.373236138175509650e-02
1.376127233639673833e-02
1.379026090511996545e-02
1.381908069637890167e-02
1.384744051056870269e-02
1.387601357148361692e-02
1.390396839706199705e-02
1.393192309537628730e-02
1.395999029246008591e-02
1.398811390227695794e-02
1.401629266668784173e-02
1.404441392175484818e-02
1.407248420483873420e-02
1.410048544199791858e-02
1.412870630862652493e-02
1.415645673437994009e-02
1.418456198798814967e-02
1.421218112788921566e-02
1.423922199295410071e-02
1.426484624288268908e-02
1.428970280883461175e-02
1.431499667441780282e-02
1.434066718417239400e-02
1.436698317563072855e-02
1.439412659800842244e-02
1.442236952316957622e-02
1.445295390781276869e-02
1.448383996390603667e-02
1.451511246402504250e-02
1.454754641073783411e-02
1.458022665630446038e-02
1.461186565334872053e-02
1.464245623038830206e-02
1.467197366553289056e-02
1.469849787219895849e-02
1.472441938141804893e-02
1.474851242897069932e-02
1.477308262827424674e-02
1.479814127886984812e-02
1.482380847703998819e-02
1.485035100471854969e-02
1.487771852508609945e-02
1.490583104377618713e-02
1.493470810199505096e-02
1.496630184905599695e-02
1.499797272896443920e-02
1.502951534619327914e-02
1.506130955139594815e-02
1.509291783186489030e-02
1.512307523660469388e-02
1.515319315946609020e-02
1.518334551864721806e-02
1.521362925640535116e-02
1.524399801990929289e-02
1.527423763619011748e-02
1.530441816404994396e-02
1.533462994233868691e-02
1.536433479845312859e-02
1.539395800787514076e-02
1.542475768527572753e-02
1.545530187682442672e-02
1.548527165926334020e-02
1.551427308313005522e-02
1.554177532043718793e-02
1.556900089296394014e-02
1.559664038353763930e-02
1.562481189008838034e-02
1.565371336560967414e-02
1.568381556384926614e-02
1.571511868464789408e-02
1.574822504628511227e-02
1.578169767317001010e-02
1.581591725317850472e-02
1.585135840797426490e-02
1.588650640129823238e-02
1.592055608722066709e-02
1.595347417642580673e-02
1.598521263357237029e-02
1.601329541061806763e-02
1.604070231384819439e-02
1.606685225710885456e-02
1.609352581834965976e-02
1.612074223878342399e-02
1.614860423216555804e-02
1.617740635354523310e-02
1.620718455013072865e-02
1.623782316538580073e-02
1.626930286892266930e-02
1.630384271907373353e-02
1.633846761292423802e-02
1.637301355849336837e-02
1.640803708097070615e-02
1.644317949997073022e-02
1.647593257761876748e-02
1.650848749575316993e-02
1.654101696041729991e-02
1.657365083555245588e-02
1.660643885533082120e-02
1.663915278408506157e-02
1.667191000932363026e-02
1.670449042256363231e-02
1.673632157874624729e-02
1.676773745157502521e-02
1.680124146636020541e-02
1.683463998707724132e-02
1.686774933898241291e-02
1.690013446436011008e-02
1.693108128393441131e-02
1.696043910891061046e-02
1.698984005181188028e-02
1.701996311664299988e-02
1.705082321635133236e-02
1.708280277105495709e-02
1.711609185928721077e-02
1.715190756718017878e-02
1.718775625260922021e-02
1.722407758040007605e-02
1.726155503550200199e-02
1.730020741322023381e-02
1.733806290432768696e-02
1.737475420066314155e-02
1.741021887211057981e-02
1.744407277483641522e-02
1.747383301866545224e-02
1.750164196805567909e-02
1.752999669528584881e-02
1.755891926318187829e-02
1.758843748971371246e-02
1.761870438285754320e-02
1.764994310095396174e-02
1.768222261911873983e-02
1.771559510983966579e-02
1.774992344853724979e-02
1.778769682628279780e-02
1.782556476243333729e-02
1.786341909098840622e-02
1.790191684215097778e-02
1.794100388334679899e-02
1.797753468184098286e-02
1.801279088193845704e-02
1.804807565076840120e-02
1.808341953888788212e-02
1.811909155243355413e-02
1.815472537474205339e-02
1.819006353544170423e-02
1.822515252140572903e-02
1.825929449273434521e-02
1.829252225339232305e-02
1.832797630112572088e-02
1.836435828772163201e-02
1.840036550557501427e-02
1.843597025420760233e-02
1.847030906699900776e-02
1.850292825952951428e-02
1.853419438355032034e-02
1.856632954117476073e-02
1.859928032802248346e-02
1.863317241828731444e-02
1.866847445079358736e-02
1.870521166896481693e-02
1.874401806734272286e-02
1.878287315716447789e-02
1.882249253375738174e-02
1.886347283396188138e-02
1.890554795076623482e-02
1.894639524782082765e-02
1.898594978274570008e-02
1.902405922301457150e-02
1.906021165719081270e-02
1.909184609616330561e-02
1.912197314440509249e-02
1.915268670186092911e-02
1.918402913838214777e-02
1.921605195808273603e-02
1.924891222946159552e-02
1.928278115255935635e-02
1.931781058876973906e-02
1.935403395102065771e-02
1.939146385229492675e-02
1.943273351093275508e-02
1.947419061490244380e-02
1.951572130488088419e-02
1.955800623739533534e-02
1.960104559419960021e-02
1.964216245746076145e-02
1.968069404662682945e-02
1.971945256622771592e-02
1.975807561170317764e-02
1.979657479044857199e-02
1.983482852193314480e-02
1.987283321891774104e-02
1.991048925992905394e-02
1.994704374027808647e-02
1.998247517667302992e-02
2.001945001897580470e-02
2.005862560022255922e-02
2.009717247413542532e-02
2.013544655863436228e-02
2.017336211846876975e-02
2.020991318096552330e-02
2.024478838167606196e-02
2.027888322523396791e-02
2.031396433686415148e-02
2.034995570996524228e-02
2.038730891997808312e-02
2.042621417194988992e-02
2.046823714827303298e-02
2.051031909664230088e-02
2.055256487297281442e-02
2.059599401383601508e-02
2.064084773884015261e-02
2.068625842515247476e-02
2.073037326511050632e-02
2.077305669250039885e-02
2.081385313125493769e-02
2.085250038327092839e-02
2.088510695088866692e-02
2.091770447923300622e-02
2.095096543642956111e-02
2.098492589135104308e-02
2.101969250690573915e-02
2.105538767657701149e-02
2.109216621744215356e-02
2.113025607777126516e-02
2.116967211047436279e-02
2.121057886329524161e-02
2.125531827647077210e-02
2.130094167197474006e-02
2.134686307444902745e-02
2.139388057974135268e-02
2.144177856803418727e-02
2.148812820013272160e-02
2.153062203012414202e-02
2.157222001355210000e-02
2.161361713183264366e-02
2.165471628416876584e-02
2.169549204930234024e-02
2.173587421854707505e-02
2.177573825642562313e-02
2.181410141270247877e-02
2.185114771100643560e-02
2.188929517764160587e-02
2.193083832328337340e-02
2.197280336911176454e-02
2.201447094196585380e-02
2.205584413299583116e-02
2.209662621844424996e-02
2.213560017619136538e-02
2.217278630492674693e-02
2.220996905929615781e-02
2.224824489336827554e-02
2.228764768492308770e-02
2.232875480264478324e-02
2.237158046108915499e-02
2.241719849859051539e-02
2.246289157275081771e-02
2.250897884429098675e-02
2.255670119181801478e-02
2.260594303649062636e-02
2.265501786612673235e-02
2.270268808735171132e-02
2.274867600564478218e-02
2.279240349925241993e-02
2.283377868263807009e-02
2.286927453057845117e-02
2.290458705962558628e-02
2.294067377851384190e-02
2.297757313454698927e-02
2.301546517220921795e-02
2.305444962732260128e-02
2.309472260392703494e-02
2.313663067216915892e-02
2.318049935668613573e-02
2.322584358051728651e-02
2.327515005105828400e-02
2.332535835949493472e-02
2.337549882895005246e-02
2.342607352711653657e-02
2.347795232190985279e-02
2.352802976262227674e-02
2.357459959026770441e-02
2.361850798769006207e-02
2.366166130976605705e-02
2.370461802284227343e-02
2.374734283267708815e-02
2.378988493685162825e-02
2.383223234579149447e-02
2.387370496917656792e-02
2.391330788454270120e-02
2.395412261536272042e-02
2.399780777625917100e-02
2.404341856497035912e-02
2.408870968311795438e-02
2.413368076676680046e-02
2.417835083375667257e-02
2.422172320963780767e-02
2.426309096644260407e-02
2.430261525301377276e-02
2.434317841461270532e-02
2.438494427120481423e-02
2.442826739589273183e-02
2.447349176850276142e-02
2.452064746378908658e-02
2.457027974183405294e-02
2.462001775568299980e-02
2.467089093629853264e-02
2.472359694402863350e-02
2.477795831597116860e-02
2.483114726185050788e-02
2.488280053751746115e-02
2.493234355322027085e-02
2.497944672569245989e-02
2.502402911641963407e-02
2.506263061306557988e-02
2.510150265246539544e-02
2.514178277366251046e-02
2.518278279723380059e-02
2.522469553616502047e-02
2.526754764405244116e-02
2.531153969040673621e-02
2.535688570712297044e-02
2.540357336049327286e-02
2.545174845306358985e-02
2.550441123923460895e-02
2.555754577160907620e-02
2.561000629964526112e-02
2.566281917636770854e-02
2.571762934530758341e-02
2.577091262783863176e-02
2.582138823374725833e-02
2.586793282618032180e-02
2.591437200546890807e-02
2.596062477404903479e-02
2.600658946420468867e-02
2.605237677243310915e-02
2.609796035790463639e-02
2.614294144190348543e-02
2.618549053186909267e-02
2.622913050257798251e-02
2.627514224084207331e-02
2.632465653653252163e-02
2.637382718644027887e-02
2.642265596971243163e-02
2.647116649823668191e-02
2.651918207367973124e-02
2.656507098091097710e-02
2.660884282205660048e-02
2.665184122927054255e-02
2.669621163690500190e-02
2.674186390193665150e-02
2.678961487321781382e-02
2.683954647899846474e-02
2.689371833291405098e-02
2.694808117218248228e-02
2.700284466027918703e-02
2.705969687180383512e-02
2.711874697445504009e-02
2.717878003739198495e-02
2.723787284992690294e-02
2.729498714584427388e-02
2.734917321932342493e-02
2.740031441586239860e-02
2.744627388488401695e-02
2.748697442985198122e-02
2.752830532144050213e-02
2.757022289954536368e-02
2.761273794925253253e-02
2.765590581314953181e-02
2.769949842902828460e-02
2.774464559645938369e-02
2.779148138776901464e-02
2.784006175285698437e-02
2.789051055048792638e-02
2.794702802816343909e-02
2.800360647003591677e-02
2.806027580194512053e-02
2.811693247337745255e-02
2.817579807815000573e-02
2.823385711791705222e-02
2.828930887966066982e-02
2.833942126374670162e-02
2.838942888622652400e-02
2.843926378625843618e-02
2.848884986010583042e-02
2.853825739644689011e-02
2.858745647292105715e-02
2.863644903995761146e-02
2.868279708324680127e-02
2.872950760647105528e-02
2.877838141704563285e-02
2.883213572114346965e-02
2.888554515317258431e-02
2.893863304615318724e-02
2.899141209198079217e-02
2.904394336464317591e-02
2.909484612826215150e-02
2.914343907897356395e-02
2.918992853848152019e-02
2.923755542202925717e-02
2.928688919551429223e-02
2.933848088089547820e-02
2.939281113286888042e-02
2.944931043493530937e-02
2.950967496691472847e-02
2.956989592467368019e-02
2.963132366418499627e-02
2.969470128730309841e-02
2.975993297356777784e-02
2.982360449788479251e-02
2.988503155318854992e-02
2.994324107309864758e-02
2.999771090930071493e-02
3.004890205833819078e-02
3.009509940666683231e-02
3.013595748757577283e-02
3.017780936782254661e-02
3.022065767949152007e-02
3.026463253414506463e-02
3.030993176644613055e-02
3.035667165441985685e-02
3.040528992280337045e-02
3.045581887842982796e-02
3.050836670209559898e-02
3.056286512054947127e-02
3.062373842050135353e-02
3.068472336775568410e-02
3.074583257651572477e-02
3.080681096671645733e-02
3.086981087128713719e-02
3.093307100523677231e-02
3.099343665244269977e-02
3.104816517528062939e-02
3.110215342261781271e-02
3.115611483885314184e-02
3.120996319215036882e-02
3.126363344930865179e-02
3.131712021562149673e-02
3.137057105805315937e-02
3.142167057663906859e-02
3.147214813102271191e-02
3.152518620389236498e-02
3.158362420906687257e-02
3.164271907387398997e-02
3.170248367533876066e-02
3.176161950417696195e-02
3.182013009529814640e-02
3.187720427948329688e-02
3.193128516144291829e-02
3.198245630341565310e-02
3.203267892347711615e-02
3.208407938873535092e-02
3.213649306038965370e-02
3.219042001078162990e-02
3.224564467279990992e-02
3.230347414933188582e-02
3.236528526469991535e-02
3.242796729430422187e-02
3.249314476049459943e-02
3.256088148623108997e-02
3.262904451485953983e-02
3.269533624115301962e-02
3.275931305707529412e-02
3.282022030751302610e-02
3.287751882869546088e-02
3.293116984842690831e-02
3.297844046173523808e-02
3.302171572720545567e-02
3.306611667627139262e-02
3.311165128595492529e-02
3.315856082019357637e-02
3.320699845928146154e-02
3.325747817785395383e-02
3.331010323914246340e-02
3.336496726297873139e-02
3.342205095766734302e-02
3.348248615773444237e-02
3.354811856997133579e-02
3.361395394664851155e-02
3.368000592183963832e-02
3.374603387459804149e-02
3.381356332803722720e-02
3.388293689609667148e-02
3.394863056141064067e-02
3.400877208901798704e-02
3.406846490251644322e-02
3.412916577217308539e-02
3.419018807456291470e-02
3.425063907080388992e-02
3.431048729834576538e-02
3.436967682963587567e-02
3.442665363777452914e-02
3.448093795828196390e-02
3.453804465622092174e-02
3.459985222054191845e-02
3.466129736252859112e-02
3.472118554479081132e-02
3.477981382053882409e-02
3.483794767582221175e-02
3.489469525207483658e-02
3.494909365583483141e-02
3.500038255377733998e-02
3.504969743840096602e-02
3.510066965235934811e-02
3.515331063406389872e-02
3.520763182192598872e-02
3.526470657308835438e-02
3.532472682012587073e-02
3.539158880647071820e-02
3.545948581320959581e-02
3.552963192374947871e-02
3.560279850791771283e-02
3.567797768440032075e-02
3.575119932572948939e-02
3.582189934657568908e-02
3.588987275110783887e-02
3.595397525668061339e-02
3.601409193828992300e-02
3.606634284942401847e-02
3.611109078491242519e-02
3.615716028583221969e-02
3.620459456057905506e-02
3.625341909117052452e-02
3.630401222885211443e-02
3.635698989921200275e-02
3.641257007368574328e-02
3.647090844393437864e-02
3.653202805658398861e-02
3.659607947174031012e-02
3.666957942973150808e-02
3.674270743899461095e-02
3.681561280965037902e-02
3.688825769786745201e-02
3.696037018070097435e-02
3.703242286465742439e-02
3.710691154000847480e-02
3.717614237726928061e-02
3.723879859953839466e-02
3.730027174901132114e-02
3.736057707577843806e-02
3.742070568849524548e-02
3.748046572780027591e-02
3.753962682414672958e-02
3.759840751439157136e-02
3.765627144360347150e-02
3.771056239130213261e-02
3.776884088780332882e-02
3.783239592748380287e-02
3.789561009681984005e-02
3.795829300666771211e-02
3.802045043428455007e-02
3.808192321197560043e-02
3.814198965399202834e-02
3.819997008233540214e-02
3.825411392693137819e-02
3.830513305665622648e-02
3.835806788312205035e-02
3.841291884165470849e-02
3.846972711816327301e-02
3.852870695409384150e-02
3.859103703860759793e-02
3.865692994826518125e-02
3.873127908046659906e-02
3.880768593461478982e-02
3.888794916513412664e-02
3.897152045427160899e-02
3.905319957502786238e-02
3.913204207614968261e-02
3.920807807084711327e-02
3.928128893115248599e-02
3.935078881480466584e-02
3.941714177637127559e-02
3.947463858554760285e-02
3.952467804626635939e-02
3.957566302935328767e-02
3.962755023428841256e-02
3.968055355526127481e-02
3.973563366416466014e-02
3.979274391794373339e-02
3.985162688045807561e-02
3.991199228165506763e-02
3.997288381586173306e-02
4.003601598588706761e-02
4.010708433286539615e-02
4.017796020972229376e-02
4.024897921824181074e-02
4.032014833250122110e-02
4.039110095434139680e-02
4.046114899142900373e-02
4.053292554011864168e-02
4.060167039818909918e-02
4.066599661759415230e-02
4.073058838928671904e-02
4.079544390221005734e-02
4.086015416805510031e-02
4.092422301052661693e-02
4.098764252520201157e-02
4.105076280078942541e-02
4.111430844174695370e-02
4.117557451579308136e-02
4.123917467998468311e-02
4.130683671093575426e-02
4.137394481038170896e-02
4.144051435336733313e-02
4.150667466044320048e-02
4.157170319636487726e-02
4.163539321890286776e-02
4.169747154417811907e-02
4.175428105979035742e-02
4.180799698125262781e-02
4.186430452204536329e-02
4.192323553060574304e-02
4.198536804529396510e-02
4.205122954747020358e-02
4.211938797632115011e-02
4.219167402736976463e-02
4.226830971620038069e-02
4.235355420426268475e-02
4.244344905395036616e-02
4.253586586971631195e-02
4.262465942211510206e-02
4.270930243399322784e-02
4.278894662289252360e-02
4.286303617764475327e-02
4.293293558228731405e-02
4.299768854526665046e-02
4.305669951495061376e-02
4.309975691577082324e-02
4.314441133142592893e-02
4.319075653740144655e-02
4.323935623041734455e-02
4.329062492767008635e-02
4.334481980401894835e-02
4.340195740103732630e-02
4.346179826352721681e-02
4.352423941704049865e-02
4.358986345803255585e-02
4.366490515221353036e-02
4.373943466978482547e-02
4.381368538896726617e-02
4.388817059573077439e-02
4.396289246151209584e-02
4.403717282411660772e-02
4.410876610462547559e-02
4.418017684784694699e-02
4.425180801254987445e-02
4.432193216665254731e-02
4.439240074857409707e-02
4.446301807339297918e-02
4.453355323560197893e-02
4.460366090578653936e-02
4.467339805220723464e-02
4.474359412382290097e-02
4.481674102977332985e-02
4.489130871878353052e-02
4.496635864639546287e-02
4.504199718239326744e-02
4.511635511929226738e-02
4.518961433676747103e-02
4.526076418940601365e-02
4.532938540139538897e-02
4.539543706024187775e-02
4.545873543343001422e-02
4.551241197659368354e-02
4.556273202702756930e-02
4.561387146248514768e-02
4.566745588363086555e-02
4.572347250806498703e-02
4.578193515540327635e-02
4.584385819906700715e-02
4.591059486242073107e-02
4.598284235228242145e-02
4.606052551799699052e-02
4.615444916003137027e-02
4.624875267174773791e-02
4.633991224852732072e-02
4.642783132806645174e-02
4.651172172199214555e-02
4.659156426967740738e-02
4.666733760876191905e-02
4.673798169393731522e-02
4.679913506406006840e-02
4.684967644968054956e-02
4.689388331483786143e-02
4.694064507905645889e-02
4.699002126392388262e-02
4.704211624977513301e-02
4.709771128234192805e-02
4.715639607170332009e-02
4.721826350088503127e-02
4.728336752429167233e-02
4.735544188388325637e-02
4.743578735660226864e-02
4.751607617486459240e-02
4.759631933568685136e-02
4.767727339407216297e-02
4.776115440617824393e-02
4.784457607515468780e-02
4.792416764887615782e-02
4.799917504356222830e-02
4.807143780598337884e-02
4.814712182937171819e-02
4.822387927232239108e-02
4.829951682752604836e-02
4.837401085040027304e-02
4.844654735749567842e-02
4.851488610841010740e-02
4.858243221671985218e-02
4.865297115716732401e-02
4.872715536226210342e-02
4.880304818307002607e-02
4.887400770775367220e-02
4.894231200074071475e-02
4.900935260567571006e-02
4.907455406547520105e-02
4.913791251997049608e-02
4.919942155118891408e-02
4.925907159743145303e-02
4.931486496226347022e-02
4.936073831294372077e-02
4.940883463191873132e-02
4.945980376302425152e-02
4.951366916570104637e-02
4.957112865437983407e-02
4.963269188737187698e-02
4.969831545650208598e-02
4.976802548594023989e-02
4.984347116142443662e-02
4.992650500217097470e-02
5.002315691946835480e-02
5.012586828351639490e-02
5.022529796773770455e-02
5.032161313631444699e-02
5.041392301754205052e-02
5.050187275176624968e-02
5.058584372771769699e-02
5.066463586884346199e-02
5.073336409019905263e-02
5.079509871135538812e-02
5.085415582410608010e-02
5.090598522538788279e-02
5.095965969493453096e-02
5.101466569528095157e-02
5.107184980766792115e-02
5.113152328589747053e-02
5.119325367099292201e-02
5.125822400801548218e-02
5.132968243257585855e-02
5.140470647702687773e-02
5.147902934667425434e-02
5.155265172955127151e-02
5.162565289499063820e-02
5.169833036015000077e-02
5.176969591507603330e-02
5.183907054873919396e-02
5.190323418154631219e-02
5.196217353625377788e-02
5.202011022814984759e-02
5.208751274145866778e-02
5.216123941653456192e-02
5.223497639858574321e-02
5.230872154426182558e-02
5.238250059306417267e-02
5.245730515541681405e-02
5.253392417832873640e-02
5.261570093043338447e-02
5.270249840518904938e-02
5.279006333238221715e-02
5.286660709425448218e-02
5.293493648757517656e-02
5.300142555840701986e-02
5.306614043148596277e-02
5.312908104827065991e-02
5.319024735021977285e-02
5.324981598735931132e-02
5.329473367301738179e-02
5.334270921706557589e-02
5.339431831846691567e-02
5.345162655197040896e-02
5.351582597450433437e-02
5.358345174084672147e-02
5.365444538123939622e-02
5.372855647161866449e-02
5.380546134499825800e-02
5.388517392237755083e-02
5.398264542829590840e-02
5.408026909221277240e-02
5.417749445336378367e-02
5.427859809290606907e-02
5.437243006816757512e-02
5.446156067303319775e-02
5.454490117459245835e-02
5.462051146579725153e-02
5.468676945371250819e-02
5.474343082827596435e-02
5.479521866865199459e-02
5.484449795541031236e-02
5.489127359813520540e-02
5.493052206731238729e-02
5.497253460441967748e-02
5.501814406238084848e-02
5.506843224319808716e-02
5.512545317234145842e-02
5.519102372388956512e-02
5.526520064389942033e-02
5.534134160326390633e-02
5.541713072953730751e-02
5.549253341729828981e-02
5.556645382573378172e-02
5.563820926471874789e-02
5.570779784610201818e-02
5.577600028332316273e-02
5.583720899628725337e-02
5.589037350672106802e-02
5.594707742386613447e-02
5.600820586147488289e-02
5.607832442629076541e-02
5.616024814848895319e-02
5.624541791833825854e-02
5.633487166757272097e-02
5.642861916757653529e-02
5.652222390779267081e-02
5.662141659894519979e-02
5.672673413075415838e-02
5.682631390884786138e-02
5.691925132382093244e-02
5.699991059014744565e-02
5.706548314924275028e-02
5.712555508815764932e-02
5.717967842639430642e-02
5.722782583218972985e-02
5.727094114512604195e-02
5.729894273032852536e-02
5.733033161168864245e-02
5.736538741566492294e-02
5.740413027923872702e-02
5.744771678280979205e-02
5.749569459861772480e-02
5.754811554723396338e-02
5.760507849374497946e-02
5.766660901287837260e-02
5.773542510050566623e-02
5.782162858746118378e-02
5.790813369439427177e-02
5.799652444596843648e-02
5.808683146316812040e-02
5.817899242791868542e-02
5.827921924404599191e-02
5.837304962594096203e-02
5.845684637447977339e-02
5.853042078592145953e-02
5.859379012494318056e-02
5.865174290148252034e-02
5.870877044797126465e-02
5.876328980467331042e-02
5.881556250045753137e-02
5.886563715213129211e-02
5.890779214398354779e-02
5.895695695153096993e-02
5.901734941813389229e-02
5.909137322946307613e-02
5.917553287503823922e-02
5.926262562682646506e-02
5.934736486715577741e-02
5.942833639303896076e-02
5.950522683386881562e-02
5.957794290986984792e-02
5.964645658590514432e-02
5.971029950637572747e-02
5.976886669223410720e-02
5.980378375860332524e-02
5.983846297070907067e-02
5.987787305557683293e-02
5.992205294544629413e-02
5.997242848863178211e-02
6.003115514122733809e-02
6.010372050133049038e-02
6.018485162549570833e-02
6.026703894001039785e-02
6.035003433353126889e-02
6.044993660216173292e-02
6.054678790761709728e-02
6.063800992210506557e-02
6.072356923056614064e-02
6.080305976045521227e-02
6.087296798537394221e-02
6.092780748438401950e-02
6.097288421881676135e-02
6.101200766758014399e-02
6.104178958603510841e-02
6.106463411357540561e-02
6.109131291891732596e-02
6.112177154215785169e-02
6.115619847231020673e-02
6.119499265762012863e-02
6.123954557118307246e-02
6.128994134892631201e-02
6.134668734777670718e-02
6.141363858145748589e-02
6.149447028461040021e-02
6.158870224805780558e-02
6.168781124391295445e-02
6.178522171425664816e-02
6.188197345267198307e-02
6.197829994622471722e-02
6.207263123592630938e-02
6.216490251143823309e-02
6.225778486659082345e-02
6.233493712509666912e-02
6.239627021150089686e-02
6.244966382998528437e-02
6.249601581637381775e-02
6.254195921010863302e-02
6.258609942305363993e-02
6.262815520265443969e-02
6.266966692719169729e-02
6.271061791600072988e-02
6.274780052252185159e-02
6.279740482620711772e-02
6.285887907901061000e-02
6.292151838743244296e-02
6.298158190582059390e-02
6.303900392695944987e-02
6.309394948205911124e-02
6.314643877151836227e-02
6.319646721487305607e-02
6.324403023165911519e-02
6.328912324141239276e-02
6.330802951867009476e-02
6.333145179368236677e-02
6.336106669400595748e-02
6.339773120923684890e-02
6.344150357825559250e-02
6.349175432106558825e-02
6.354859300941950728e-02
6.361237068293007502e-02
6.369092980909843438e-02
6.378507601967267626e-02
6.390529658628887888e-02
6.402199112420248195e-02
6.413444176029536870e-02
6.424675724383430153e-02
6.435279703452416455e-02
6.445129888220457737e-02
6.454000607452782534e-02
6.461386908278904384e-02
6.466376257120205751e-02
6.468883483309539884e-02
6.470226466690830180e-02
6.471279770458593372e-02
6.472379061617031248e-02
6.473087762781638832e-02
6.474020912255343263e-02
6.475368350088731018e-02
6.477345457376186555e-02
6.480406264304468256e-02
6.484654804641090675e-02
6.490094231053149254e-02
6.496730078602407088e-02
6.503638595759270169e-02
6.510426531096763503e-02
6.516962844877451089e-02
6.523247105045355820e-02
6.529278879544503367e-02
6.535299459945781431e-02
6.541358767746428826e-02
6.547248856932337546e-02
6.551419032303502921e-02
6.556507841829417593e-02
6.561588497396778075e-02
6.566716869438755932e-02
6.572037762427557217e-02
6.577556173933335470e-02
6.583272709231635655e-02
6.588905850891552118e-02
6.594361562889314299e-02
6.599898426474000435e-02
6.607113563776884080e-02
6.613368849789132142e-02
6.619591495584707663e-02
6.625970166485213586e-02
6.632395757412104520e-02
6.638828748782127365e-02
6.644707985484048229e-02
6.650070855041459450e-02
6.654806657551705362e-02
6.657972500679941452e-02
6.659465267329134353e-02
6.660864745462755088e-02
6.662427306515764092e-02
6.663964826109484985e-02
6.665639750464019686e-02
6.667503909525113182e-02
6.670119481594427580e-02
6.673490501418387344e-02
6.677789465593522711e-02
6.683934747725583936e-02
6.692506336636876163e-02
6.702332477919813181e-02
6.712420617398077993e-02
6.721917104612139260e-02
6.730712822536497053e-02
6.738519989817333411e-02
6.745333564217892430e-02
6.750846610287447591e-02
6.754685261005591301e-02
6.756838994521918718e-02
6.756779468798793098e-02
6.755632441941455957e-02
6.754152477419829437e-02
6.753193104422702819e-02
6.752796570915427232e-02
6.753234019191328708e-02
6.754539884765919933e-02
6.757026068797340745e-02
6.761065984626674075e-02
6.766557999410090229e-02
6.773415390267384373e-02
6.780209222735433805e-02
6.786940926867877921e-02
6.793611904249699518e-02
6.800922752115047543e-02
6.807911782431017023e-02
6.814346567238650787e-02
6.820218583075493557e-02
6.825593149873747378e-02
6.827479712563216951e-02
6.830094985540735575e-02
6.833322628319106473e-02
6.837080580139537345e-02
6.842373567678042279e-02
6.846584066524688539e-02
6.850671002402480836e-02
6.854833688087899612e-02
6.859071959432262722e-02
6.863317228278974225e-02
6.870668482488742623e-02
6.877000370292435383e-02
6.882321165990330780e-02
6.886671726916573921e-02
6.889024068622912056e-02
6.891272144973677183e-02
6.893072405582133244e-02
6.893880146586246760e-02
6.893685889472317418e-02
6.892486197338851261e-02
6.890277633284354331e-02
6.887631356900177082e-02
6.885551591998399779e-02
6.884060410911024830e-02
6.883180277164599459e-02
6.882934771409866814e-02
6.883670813682746248e-02
6.885988840953358170e-02
6.889916229723340446e-02
6.895518326099746298e-02
6.902803402302969127e-02
6.911172024792137936e-02
6.919440091901019052e-02
6.928083016153323281e-02
6.938004986136489527e-02
6.949632326066230992e-02
6.960070654827400782e-02
6.969184835777314513e-02
6.976953520149753452e-02
6.981618741228821923e-02
6.983101819634894569e-02
6.984090887241135859e-02
6.984766344587398090e-02
6.984649413157167919e-02
6.982802467334150998e-02
6.978719719813883393e-02
6.975292387714360220e-02
6.972600080222222940e-02
6.970646453767792572e-02
6.971127771513441207e-02
6.974118083171937377e-02
6.976957736471668670e-02
6.979646390809975121e-02
6.981991986908699099e-02
6.984024305478904460e-02
6.985795500660478552e-02
6.987284100891773264e-02
6.988489606924544462e-02
6.988387226290845855e-02
6.986843053870803177e-02
6.983851980814831384e-02
6.981301219376616352e-02
6.979641135004632790e-02
6.979171755584101522e-02
6.979916882135442369e-02
6.981906849077922084e-02
6.985169317440735604e-02
6.990981522427631989e-02
6.998042324690648130e-02
7.006485763444555981e-02
7.016442347809084823e-02
7.026049325949763891e-02
7.034857797500358723e-02
7.042675235352353902e-02
7.050214822001991954e-02
7.056126710811853886e-02
7.060174225617213417e-02
7.060639074630951917e-02
7.059319277056859410e-02
7.056206990396625411e-02
7.051169105976697049e-02
7.045950092191202718e-02
7.040837278280237532e-02
7.035915690014317436e-02
7.030449620500148211e-02
7.025783511210324794e-02
7.022082985982963654e-02
7.019709495856560344e-02
7.019191274769982780e-02
7.020528041041518286e-02
7.023713060590286439e-02
7.026978066196415407e-02
7.030034948700047970e-02
7.032883585391935810e-02
7.035523853562826446e-02
7.037955630503470172e-02
7.040244440666408587e-02
7.043536728822370752e-02
7.047895976666436468e-02
7.049251079483061233e-02
7.048582170696655880e-02
7.047943473057959041e-02
7.047334644769165379e-02
7.046755344032468171e-02
7.046205229050069019e-02
7.045708450211862761e-02
7.045292611929640514e-02
7.043892300587210886e-02
7.041444639524185867e-02
7.042029649902667443e-02
7.044682567143967233e-02
7.047669844870203815e-02
7.051026945205463026e-02
7.055863149620601737e-02
7.060146261981718740e-02
7.063045404898676827e-02
7.064289674306312161e-02
7.063871683764832987e-02
7.061784046834460038e-02
7.058019377075402945e-02
7.052570288047879665e-02
7.046292931766978684e-02
7.039919500333245705e-02
7.032341923954010809e-02
7.025593610441357995e-02
7.020541753365691640e-02
7.017643464539680132e-02
7.016908590134432466e-02
7.018210262528898347e-02
7.021493645251770943e-02
7.026767918844516181e-02
7.034499167382543550e-02
7.041039853218651612e-02
7.046384615080185376e-02
7.050528091694494015e-02
7.053405325099150469e-02
7.054798011742587083e-02
7.054698935733252907e-02
7.053236648038717360e-02
7.046044231414738679e-02
7.036803679185327232e-02
7.025690649818387701e-02
7.015585827265607977e-02
7.006494161650567154e-02
6.998420603096841552e-02
6.991370101728011655e-02
6.985379891092900750e-02
6.980558087709101689e-02
6.976911684798030311e-02
6.978871112643159069e-02
6.982753873946950796e-02
6.987324128239144616e-02
6.993157558168199006e-02
6.998279005326848989e-02
7.002517384405272660e-02
7.005868766761366717e-02
7.007817778451640167e-02
7.007811174069546178e-02
7.005840348002451146e-02
7.001896694637725627e-02
6.995971608362738792e-02
6.989453620368306364e-02
6.983327530730795707e-02
6.979577099359003667e-02
6.976215387314932403e-02
6.973023139575576512e-02
6.970479724829532764e-02
6.969031500259695311e-02
6.968682253484248523e-02
6.969435772121380934e-02
6.971019710097779709e-02
6.971457898824179322e-02
6.969185189998824970e-02
6.964188316543255819e-02
6.958620637128361264e-02
6.952700669842321046e-02
6.946427470937850679e-02
6.939800096667665674e-02
6.931437980135107813e-02
6.920586731116042112e-02
6.907493914454246320e-02
6.895180316272743470e-02
6.884100631807063553e-02
6.874260763975895139e-02
6.865666615697924025e-02
6.858324089891838782e-02
6.852239089476327982e-02
6.847571393265006190e-02
6.845920721677911658e-02
6.848048769933953728e-02
6.854135434182397069e-02
6.862114035916878907e-02
6.869445319085087931e-02
6.876126458408257647e-02
6.882154628607625724e-02
6.891155714012135725e-02
6.898026934717031711e-02
6.902505429158602157e-02
6.902678551803331786e-02
6.898527051669861576e-02
6.889887655470061656e-02
6.877352339437062256e-02
6.864631880030007405e-02
6.851724902979598741e-02
6.838630034016526804e-02
6.821717189263784564e-02
6.806084949078054780e-02
6.791838099580058130e-02
6.780670892403260763e-02
6.772596033157587958e-02
6.767626227452955279e-02
6.764057162300009252e-02
6.760043412773482363e-02
6.755583662163029690e-02
6.750676593758304922e-02
6.745320890848958972e-02
6.739346610902666179e-02
6.731876116526921972e-02
6.722904299977557063e-02
6.712426053510402169e-02
6.700436269381282450e-02
6.687101044210166934e-02
6.675371901718640810e-02
6.665299355629041023e-02
6.656891029792783021e-02
6.650154548061289195e-02
6.646058520747147313e-02
6.646201665236439737e-02
6.651703740746214844e-02
6.661402667754690032e-02
6.671402342430696186e-02
6.681692115555226685e-02
6.689536190859173004e-02
6.694880186129499589e-02
6.697712609024084052e-02
6.698021967200809557e-02
6.695004407678370462e-02
6.687933665262134342e-02
6.675689903278179960e-02
6.656525783150062103e-02
6.632684543154315771e-02
6.608392049626082843e-02
6.585507649783604867e-02
6.564037641259193312e-02
6.543988321685158260e-02
6.525365988693809793e-02
6.508176939917459380e-02
6.492427472988418491e-02
6.478123885538997206e-02
6.468181815842855009e-02
6.464260349630063240e-02
6.462139918197790101e-02
6.459967471960104124e-02
6.457230748269068843e-02
6.453873312468062784e-02
6.449577907160417012e-02
6.444341820023478939e-02
6.438162338734593204e-02
6.431036750971111382e-02
6.422962344410375335e-02
6.413936406729736639e-02
6.408659617018626353e-02
6.401214592433036865e-02
6.394473612050942390e-02
6.388494511449194224e-02
6.383595948944686960e-02
6.379782037780305781e-02
6.379039031130731563e-02
6.377897639055968293e-02
6.376355011522079341e-02
6.374408298495128078e-02
6.367351258529091451e-02
6.361095712111389244e-02
6.353276080455393104e-02
6.343885400284285381e-02
6.332916708321249810e-02
6.320363041289468742e-02
6.304235295980320508e-02
6.287999912299868654e-02
6.271656890248111793e-02
6.242994063170293623e-02
6.216020377819946041e-02
6.190743154122846370e-02
6.167169712004769849e-02
6.145307371391492413e-02
6.125163452208789300e-02
6.106745274382438526e-02
6.090060157838213251e-02
6.075115422501892182e-02
6.061918388299249866e-02
6.062688541810820619e-02
6.063424256208847785e-02
6.064900983396152856e-02
6.067391613327347694e-02
6.070393811860338301e-02
6.073739572276249526e-02
6.074763230927048702e-02
6.072881476969760328e-02
6.068083203000768783e-02
6.060357301616458442e-02
6.049692665413214376e-02
6.036078186987419575e-02
6.019105727772828401e-02
6.000823188246764972e-02
5.983372034539344991e-02
5.965769491022569065e-02
5.948924112753894988e-02
5.933412962722886541e-02
5.919240900479745549e-02
5.906412785574673141e-02
5.894933477557873225e-02
5.884807835979552482e-02
5.875662299649717785e-02
5.865169830283021440e-02
5.851685048038032799e-02
5.836352487408209139e-02
5.820923009130714310e-02
5.805396613205549700e-02
5.789773299632713921e-02
5.774053068412209055e-02
5.751706376026705092e-02
5.722593696361103627e-02
5.695563695944594329e-02
5.670829523892526730e-02
5.648400600605400779e-02
5.628286346483711566e-02
5.610496181927959736e-02
5.595039527338639684e-02
5.588243575009092801e-02
5.581292003593846252e-02
5.580713817126928267e-02
5.586648002240142408e-02
5.590245352920998612e-02
5.591292180570849035e-02
5.589778525305898887e-02
5.585090946551267421e-02
5.577059338874584826e-02
5.565671300717046216e-02
5.544596658626999713e-02
5.522648752791609744e-02
5.499825141535864825e-02
5.476123383184752780e-02
5.454895755721508172e-02
5.430624162817754980e-02
5.406402700596973226e-02
5.383353118008758070e-02
5.361637824923205786e-02
5.341261527336844950e-02
5.322228931246209688e-02
5.304544742647826494e-02
5.288213667538230189e-02
5.273240411913950043e-02
5.256274962113272747e-02
5.242837678786092109e-02
5.229836730130450057e-02
5.216756112209351010e-02
5.203595825022794968e-02
5.190355868570782627e-02
5.176390428987958509e-02
5.160540447849292639e-02
5.142800085140462885e-02
5.123163500847144336e-02
5.101624854955017635e-02
5.081577339676691257e-02
5.061585568485250930e-02
5.041649891865764704e-02
5.021770660303302020e-02
5.001948224282930927e-02
4.982828748155079812e-02
4.965571640829846006e-02
4.950183092806621082e-02
4.936669294584798695e-02
4.925036436663768336e-02
4.911891677315992355e-02
4.898670753553453078e-02
4.885376934731458509e-02
4.872018513123586858e-02
4.858596171683979975e-02
4.845110593366781099e-02
4.831562461126133468e-02
4.814265876432702318e-02
4.792974884396985352e-02
4.767675337492835452e-02
4.738353088194108276e-02
4.707042872781363324e-02
4.676459544801914170e-02
4.646597652285493207e-02
4.617459352581266413e-02
4.589046803038404621e-02
4.561362161006074500e-02
4.538094165316919337e-02
4.519491611163752726e-02
4.505571486376033080e-02
4.496350778783215346e-02
4.489797592408050625e-02
4.483196644651229329e-02
4.484665513698427031e-02
4.480805674373708469e-02
4.471598317120785426e-02
4.457024632383371765e-02
4.437065810605182736e-02
4.411703042229931510e-02
4.380917517701334724e-02
4.344690427463102772e-02
4.306571732339422448e-02
4.268778560057998051e-02
4.223194713816163376e-02
4.183220100172867217e-02
4.148874910067404387e-02
4.120179334439075247e-02
4.097153564227171141e-02
4.079817790370992431e-02
4.068192203809831847e-02
4.062296995482988365e-02
4.058583585949287337e-02
4.062638060247854982e-02
4.061247755133731707e-02
4.054393793488322850e-02
4.042057298193034443e-02
4.024219392129271822e-02
4.000861198178443101e-02
3.971963839221952230e-02
3.937508438141208711e-02
3.897476117817613717e-02
3.854026325044836859e-02
3.804819626497078777e-02
3.763076028113309518e-02
3.728821749706136279e-02
3.702083011088161402e-02
3.682886032071991389e-02
3.671257032470229276e-02
3.667222232095481566e-02
3.665847503660157186e-02
3.665261199680088650e-02
3.663287778936039074e-02
3.654448748944422176e-02
3.638720672585658844e-02
3.616080112740173436e-02
3.586503632288385451e-02
3.549967794110719249e-02
3.506449161087593636e-02
3.455924296099435050e-02
3.403330109126858488e-02
3.350541030347060217e-02
3.297557059760041626e-02
3.249453326086129690e-02
3.209287133259229596e-02
3.177085625884357861e-02
3.152875948566539327e-02
3.136685245910790509e-02
3.128540662522135557e-02
3.128469343005590986e-02
3.136498431966179556e-02
3.145773168998078351e-02
3.154122500723621075e-02
3.156468341988419302e-02
3.149750432424514718e-02
3.133938670992831438e-02
3.109002956654292188e-02
3.074913188369820388e-02
3.031639265100340846e-02
2.979151085806774207e-02
2.917418549450046666e-02
2.853293460001921078e-02
2.821383680355152648e-02
2.791540409309105700e-02
2.763770733040691804e-02
2.738081737726823228e-02
2.714480509544410156e-02
2.692974134670364852e-02
2.673569699281598544e-02
2.656274289555022802e-02
2.641094991667548159e-02
2.628038891796087920e-02
2.584673310168411273e-02
2.541154134162065467e-02
2.497481363777050156e-02
2.453654999013365340e-02
2.409675039871010671e-02
2.365541486349986844e-02
2.321254338450294552e-02
2.276813596171934143e-02
2.232219259514902146e-02
2.187471328479203073e-02
2.142569803064832759e-02
2.097514683271795022e-02
2.111043101357459525e-02
2.123012522101374103e-02
2.133418115772136442e-02
2.142255052638348742e-02
2.149518502968607997e-02
2.155203637031516406e-02
2.159305625095673739e-02
2.161819637429680460e-02
2.162740844302135645e-02
2.162064415981640453e-02
2.101048390479420477e-02
2.039830473284532167e-02
1.978410664396974827e-02
1.916788963816749500e-02
1.854965371543855143e-02
1.793780742715235174e-02
1.737065385118990654e-02
1.684833678231743154e-02
1.637100001530119447e-02
1.593878734490742494e-02
1.555184256590238373e-02
1.521030947305229870e-02
1.491433186112343760e-02
1.466405352488201787e-02
1.445961825909431245e-02
1.429276130715710635e-02
1.412532338595567233e-02
1.395730449548999649e-02
1.378870463576009273e-02
1.361952380676594715e-02
1.344976200850757017e-02
1.327941924098495485e-02
1.310849550419810293e-02
1.293699079814701787e-02
1.276490512283169794e-02
1.259223847825214314e-02
1.241899086440835520e-02
1.224516228130033239e-02
1.207075272892807125e-02
1.078541102094183676e-02
9.517306928950345149e-03
8.266498549880020585e-03
7.033043980657285518e-03
5.817001318208565863e-03
4.618428659460282332e-03
3.437384101338863008e-03
2.273925740770725568e-03
1.128111674682298528e-03
0.000000000000000000e+00
0.000000000000000000e+00
0.000000000000000000e+00
0.000000000000000000e+00
0.000000000000000000e+00
0.000000000000000000e+00
0.000000000000000000e+00
0.000000000000000000e+00
0.000000000000000000e+00
0.000000000000000000e+00
0.000000000000000000e+00
0.000000000000000000e+00
0.000000000000000000e+00
0.000000000000000000e+00
0.000000000000000000e+00
0.000000000000000000e+00
0.000000000000000000e+00
0.000000000000000000e+00
