2.736629353371286143e-06
2.758780495349999764e-06
2.776250185892551681e-06
2.792947981041755191e-06
2.812300565630021824e-06
2.834698515721882934e-06
2.861145487987157563e-06
2.889647414188184126e-06
2.921250030807825578e-06
2.955257908887270072e-06
2.992408538637114661e-06
3.032634744821243992e-06
3.076086179035968005e-06
3.121512716710420571e-06
3.169097161883700203e-06
3.218498866743284636e-06
3.269127568441749934e-06
3.320748376870465232e-06
3.373604902892716797e-06
3.428121405696135599e-06
3.482572278266208837e-06
3.536587808802373111e-06
3.589741976671600913e-06
3.641714681117861673e-06
3.691503838575123818e-06
3.740165982024742093e-06
3.788003275020136627e-06
3.834728120968745908e-06
3.879464797479858533e-06
3.922467340124077446e-06
3.964458176064792746e-06
4.004744007438508992e-06
4.043058997713102330e-06
4.080905374088431490e-06
4.119408507466024342e-06
4.157891375730651661e-06
4.196814155757000110e-06
4.236447846178207185e-06
4.276817211857323695e-06
4.317892934364057914e-06
4.360513339338342450e-06
4.407005965343912153e-06
4.457403434999464414e-06
4.510662941181481891e-06
4.566832530732614993e-06
4.625848172400686050e-06
4.687359668464607762e-06
4.751249045996759853e-06
4.818391992049513379e-06
4.889564100745997541e-06
4.964051660494544445e-06
5.040659538449219952e-06
5.119966141911428625e-06
5.201964971049433275e-06
5.285435901550242700e-06
5.369375043286467383e-06
5.454195997579179107e-06
5.540332583882085983e-06
5.626585260930486813e-06
5.711993307023068177e-06
5.796143350785519928e-06
5.878308065133062141e-06
5.957864788362350443e-06
6.033449717174461203e-06
6.106176426584721998e-06
6.176558832776743644e-06
6.243313483532582025e-06
6.306034438262783548e-06
6.365104463602534389e-06
6.420848341144045070e-06
6.473484816205844168e-06
6.523496092861453790e-06
6.572394949223642273e-06
6.622972853085345814e-06
6.675087525524999710e-06
6.729585389427944080e-06
6.787807066560876050e-06
6.850463948922313822e-06
6.916883834220690430e-06
6.987386939071940582e-06
7.061381899216288531e-06
7.140648834221989321e-06
7.224835103239352683e-06
7.312574873676320969e-06
7.404059179281918208e-06
7.498994754255430340e-06
7.597134927786257308e-06
7.698089998585059599e-06
7.803004000943283613e-06
7.911890543566047244e-06
8.025869150268842965e-06
8.143034908946599767e-06
8.262771007538905521e-06
8.384721063352655623e-06
8.508622137666171391e-06
8.634112183574979403e-06
8.760015927442959112e-06
8.884806692570841092e-06
9.008311430887815005e-06
9.130767166837764294e-06
9.251593588037884078e-06
9.370325537510691921e-06
9.486473123707912607e-06
9.597777354908243409e-06
9.703612859636625619e-06
9.803672528968090179e-06
9.897331099401649823e-06
9.987663545611107487e-06
1.007506318569320676e-05
1.015928998478019565e-05
1.024083173854364099e-05
1.032090262943692908e-05
1.039997806494786248e-05
1.048062028114458117e-05
1.056466731577497412e-05
1.065145595216005438e-05
1.074455435676395980e-05
1.084248097449231902e-05
1.094487165357694929e-05
1.105195801738738108e-05
1.116398174479490148e-05
1.128089402396556831e-05
1.140324524824017891e-05
1.153130171321586359e-05
1.166406248352149046e-05
1.180530757649500926e-05
1.195392873475819895e-05
1.211012078543811150e-05
1.227465664695557180e-05
1.244528163170896494e-05
1.262150781851456952e-05
1.280242758031976014e-05
1.298647599427254390e-05
1.317193048418702835e-05
1.335997229818576966e-05
1.354846391981176763e-05
1.373616651978275000e-05
1.392212260122956139e-05
1.410486677319741025e-05
1.428527702260443183e-05
1.446259326725158198e-05
1.463821152761491360e-05
1.480882033918656385e-05
1.497534016351693543e-05
1.513821565012347197e-05
1.529677013852543879e-05
1.545108569286821846e-05
1.560133188690911439e-05
1.574783307930324166e-05
1.589123930571795969e-05
1.603227965699124084e-05
1.616990200805970952e-05
1.630837787444286397e-05
1.645191460016085368e-05
1.659940743069329044e-05
1.675282319181068156e-05
1.690987509442369620e-05
1.707106646129121597e-05
1.723672866696306045e-05
1.740731289999926390e-05
1.758190079115656406e-05
1.776055052679121363e-05
1.794545567575323570e-05
1.813460287865086736e-05
1.832769823547620143e-05
1.852336798871179386e-05
1.872469489635561552e-05
1.893181834824398595e-05
1.914495124016149765e-05
1.936621540658608619e-05
1.959320036170487521e-05
1.982341701715432857e-05
2.005988693093138368e-05
2.030087393329705285e-05
2.054605011737942999e-05
2.079503398388247035e-05
2.104699979256758780e-05
2.130117681576765298e-05
2.155659966038925445e-05
2.181044750985516772e-05
2.206546055049555678e-05
2.232030313888007288e-05
2.257499636166926412e-05
2.283132049345524289e-05
2.308257953200600266e-05
2.332828754084909296e-05
2.356825572325836680e-05
2.380253510622423041e-05
2.403132978318794468e-05
2.425417431236909609e-05
2.446977853890071851e-05
2.468275128771805379e-05
2.489160696121158967e-05
2.509487627245530686e-05
2.530001807907120419e-05
2.550883473051423288e-05
2.572293956993685962e-05
2.594396913024650750e-05
2.617353474291801116e-05
2.640844720328573353e-05
2.664958246670358062e-05
2.689724109640636210e-05
2.715184101284133996e-05
2.741350538379898832e-05
2.768205432646819340e-05
2.795662740297296325e-05
2.823662075283882254e-05
2.852121794920486040e-05
2.881053483429069626e-05
2.911017889693734114e-05
2.942264490038471218e-05
2.974659820352678957e-05
3.008533332920267705e-05
3.044057109051046984e-05
3.080800755389342434e-05
3.118698216225583109e-05
3.157691718714868964e-05
3.197734717053543857e-05
3.238670918321840092e-05
3.280225117233565848e-05
3.322092325121606924e-05
3.363802826404058187e-05
3.405110839085987579e-05
3.445796317464590146e-05
3.486186782373353960e-05
3.526218684884821779e-05
3.565799904250201982e-05
3.605005971176500107e-05
3.643718977999636842e-05
3.681411836271087826e-05
3.717980074088806313e-05
3.753713692063387819e-05
3.788389530946535542e-05
3.822392348975347566e-05
3.855803444043146288e-05
3.888738826044975324e-05
3.921326768102518509e-05
3.953550636806412436e-05
3.985632863156176843e-05
4.018353251452573208e-05
4.052183806932339172e-05
4.087477816391443819e-05
4.123754965694422577e-05
4.162021005934924631e-05
4.201761451942331795e-05
4.243005672576693175e-05
4.285794359218476142e-05
4.330106539066445876e-05
4.375904305976109155e-05
4.423130482810892555e-05
4.471589731196071833e-05
4.521202474029654928e-05
4.572012101392549304e-05
4.622721538283381781e-05
4.674469953187677902e-05
4.727272446789346948e-05
4.781075725178908378e-05
4.835864793117508267e-05
4.891836047133966888e-05
4.948941720291672467e-05
5.006446703516886682e-05
5.064271657422213339e-05
5.122228387224586480e-05
5.180023054974657628e-05
5.237310722692857745e-05
5.294407095021496176e-05
5.351268159068482406e-05
5.407843827739239849e-05
5.463856710029138303e-05
5.519227676924211675e-05
5.574594554438121842e-05
5.629814187291263736e-05
5.685064770219005852e-05
5.740668443618506092e-05
5.795643046867244549e-05
5.850612045486033169e-05
5.905130055903017971e-05
5.959277030675991498e-05
6.013151959293051407e-05
6.066876904975335952e-05
6.120601747638519002e-05
6.174522568425024494e-05
6.228960230189428519e-05
6.284044214243465873e-05
6.340729710338232651e-05
6.397328650435557822e-05
6.455808131527952971e-05
6.516346404142602531e-05
6.578989148600323980e-05
6.643734787595449785e-05
6.710812029206078555e-05
6.780611892278751889e-05
6.852196140788056953e-05
6.925329693469087472e-05
6.999685468535788628e-05
7.075672322763886717e-05
7.151477820918272972e-05
7.227446382441287081e-05
7.304005564749306155e-05
7.381092887680427658e-05
7.458402428144843678e-05
7.535492691551654726e-05
7.613146998882520857e-05
7.691320871884156749e-05
7.770043369850990352e-05
7.849537118328742114e-05
7.930023910592146682e-05
8.010928693382945412e-05
8.089939752733872342e-05
8.168028201439419536e-05
8.245178599487011499e-05
8.321365327059199060e-05
8.396575084912269091e-05
8.470790125410018593e-05
8.543973266845419250e-05
8.615980802443878081e-05
8.686967200473038372e-05
8.757018610136651203e-05
8.828001998034807989e-05
8.897983827938643359e-05
8.969045170336265146e-05
9.041482103991265785e-05
9.115530832554290318e-05
9.191626632774205154e-05
9.270795552163829927e-05
9.352022640842170003e-05
9.435419373838339365e-05
9.521117623057129438e-05
9.609139532669265841e-05
9.700386881847646524e-05
9.792175795645171189e-05
9.884813489352656485e-05
9.979097718228012578e-05
1.007463831155935852e-04
1.017047071600110506e-04
1.026786434678847513e-04
1.036667587116042646e-04
1.046670336227986702e-04
1.056786222929330447e-04
1.067048572483409439e-04
1.077531528914481285e-04
1.088208595610483745e-04
1.098815098358654204e-04
1.109488813477116180e-04
1.120277729236139228e-04
1.131183378810689862e-04
1.142212145299664533e-04
1.153372291299846632e-04
1.164670421438974296e-04
1.176077218659776519e-04
1.187559146922651378e-04
1.199050401534989863e-04
1.210696610838712413e-04
1.222340545666316042e-04
1.233751364526925463e-04
1.245176104020588820e-04
1.256603684050328388e-04
1.268020191863607486e-04
1.279546008948510773e-04
1.291009446946788416e-04
1.302393331393549535e-04
1.313738730219670325e-04
1.325076323167794184e-04
1.336420758838291738e-04
1.347976532551841897e-04
1.359467837155072206e-04
1.370890384374386312e-04
1.382473875374991409e-04
1.394105487396830553e-04
1.405976539108823743e-04
1.418137026925742593e-04
1.430600897791579874e-04
1.443389043191925405e-04
1.456508364995903152e-04
1.469982358984309883e-04
1.483842373834150837e-04
1.498106580824752360e-04
1.512236374427092928e-04
1.526204717424956925e-04
1.540167772821938606e-04
1.554110987275333033e-04
1.568009858088492009e-04
1.581826647339702719e-04
1.595555987956228945e-04
1.609146080312179696e-04
1.622590032759357490e-04
1.635884637266564598e-04
1.649320081676967833e-04
1.662913642096837310e-04
1.676484689172556429e-04
1.689956212986225932e-04
1.703628467535386437e-04
1.717513579732331849e-04
1.731742224838358037e-04
1.746209147895100712e-04
1.760763642405966409e-04
1.775403182757517666e-04
1.790140975582220437e-04
1.804968081807948167e-04
1.819877865456717106e-04
1.834956915981879972e-04
1.849915916493803311e-04
1.864520855480189011e-04
1.879021248970505107e-04
1.893543191311185345e-04
1.908251357355810222e-04
1.923178702100101253e-04
1.938360226615613402e-04
1.953834202123714463e-04
1.969653944599067505e-04
1.985924565016607851e-04
2.002687636042362941e-04
2.020276729511116061e-04
2.038031331341781747e-04
2.055915088333051658e-04
2.074078250436604809e-04
2.092667681253507043e-04
2.111640924583358682e-04
2.130966844457716461e-04
2.150611966578812296e-04
2.170466744296891608e-04
2.190471015411808373e-04
2.210512754165361706e-04
2.230869303645898101e-04
2.251531822142802217e-04
2.272292126270217456e-04
2.292891889620625836e-04
2.313228783185621734e-04
2.333660225274687293e-04
2.354244970830700193e-04
2.375112395305478588e-04
2.395959492155684230e-04
2.416800828197045213e-04
2.437651772215314035e-04
2.458552257320250419e-04
2.479502307755532178e-04
2.500552249137535867e-04
2.521828534282470093e-04
2.542975634643526587e-04
2.563838277980739046e-04
2.584244793486218761e-04
2.604829645151786940e-04
2.625599646064348666e-04
2.646558903042262089e-04
2.667700483370869869e-04
2.689063380629883190e-04
2.710672826455493793e-04
2.732636734367156154e-04
2.755004824583145930e-04
2.777983873894851268e-04
2.801297995289886975e-04
2.824583848117823994e-04
2.847738574357647971e-04
2.871078664334689038e-04
2.894737499253714199e-04
2.918728897656061236e-04
2.943057910126563315e-04
2.967634412357681014e-04
2.992418567731898330e-04
3.017316938063662694e-04
3.042681073101046038e-04
3.068529954625290671e-04
3.094947124869833676e-04
3.121529107144884710e-04
3.148062914775560613e-04
3.174414670396601590e-04
3.200986326824170874e-04
3.228088644310248652e-04
3.255439667274060496e-04
3.282844246713972534e-04
3.310286166682861807e-04
3.337810217966151395e-04
3.365439927144913594e-04
3.393253825742133245e-04
3.421294667309239187e-04
3.449689019919462162e-04
3.478049447313277332e-04
3.506067041067526631e-04
3.533600756670979585e-04
3.561489376386769122e-04
3.589743697568402404e-04
3.618357800764352718e-04
3.647317887620432847e-04
3.676622182503481236e-04
3.706304361444820146e-04
3.736442345844356058e-04
3.767013639980471007e-04
3.798078917556701930e-04
3.829598329536353638e-04
3.860881837639501633e-04
3.891865694200124679e-04
3.922302664153795885e-04
3.952801256768759936e-04
3.983409204684694145e-04
4.014141889124000486e-04
4.044916134409253222e-04
4.075729877265114008e-04
4.106506170919263119e-04
4.137708077012169894e-04
4.169379194378631213e-04
4.201573772560161899e-04
4.234542670658921620e-04
4.267689871713079724e-04
4.300765230467298362e-04
4.333666005941071869e-04
4.366793565096264377e-04
4.400628952687214235e-04
4.434557122356276148e-04
4.468566987868611987e-04
4.502642721033146226e-04
4.536768751721140572e-04
4.570943080056405353e-04
4.605147787017395129e-04
4.639601762480949723e-04
4.674378012094904805e-04
4.709115284727052853e-04
4.743389503143967119e-04
4.777642851011114898e-04
4.812021084625907612e-04
4.847060159332130321e-04
4.882792964482912538e-04
4.919229883572003329e-04
4.956396954253071592e-04
4.994306406668616105e-04
5.033165131595754510e-04
5.072902179024793481e-04
5.113618877155158950e-04
5.154915782809381918e-04
5.196557365937403729e-04
5.237987524154400810e-04
5.279132679763586314e-04
5.319341174526155246e-04
5.359547015719110788e-04
5.399733317383577196e-04
5.439715881590995216e-04
5.479540647345593121e-04
5.519044686094378002e-04
5.558809328086171571e-04
5.598949012659158644e-04
5.639510254093739678e-04
5.680560226504866809e-04
5.722770779895149616e-04
5.765287459988888358e-04
5.807794019058004327e-04
5.850189670084681749e-04
5.893125659829932588e-04
5.936897301032528123e-04
5.981032399019550749e-04
6.025502204696413320e-04
6.070244485349818959e-04
6.115232257814919112e-04
6.160420858172212981e-04
6.205682073592434355e-04
6.251298333101154483e-04
6.297368351007743290e-04
6.343136398226541239e-04
6.388310467165505191e-04
6.433346345012000249e-04
6.477565727330644079e-04
6.522158398618476457e-04
6.567281869657715099e-04
6.613001446392489024e-04
6.659403460531455139e-04
6.706571111768110972e-04
6.754749337276592285e-04
6.804118484033110526e-04
6.855037387982072490e-04
6.906602191863116290e-04
6.959450719337236316e-04
7.012352257020213397e-04
7.065129555652926519e-04
7.117696554649686601e-04
7.169066755712618115e-04
7.220446253493057864e-04
7.271578144206168604e-04
7.322361758453438613e-04
7.372421102370690796e-04
7.422650858837470363e-04
7.473040607015089907e-04
7.523662823200795045e-04
7.574541668221566361e-04
7.625702471677112777e-04
7.678129965870443205e-04
7.730642411945785886e-04
7.783065456452278787e-04
7.835101399006106932e-04
7.887581202932071166e-04
7.940632055727725805e-04
7.994071809403185264e-04
8.047898054140149773e-04
8.102157663764511042e-04
8.157001977177252621e-04
8.212310624359828821e-04
8.267997047698205431e-04
8.324212139678261683e-04
8.381258218595243406e-04
8.438335204962347591e-04
8.495190717754730119e-04
8.552035927461628263e-04
8.608597372659456196e-04
8.664512035840228653e-04
8.720978806202048586e-04
8.778134386057842532e-04
8.836044089631986658e-04
8.894819206598421086e-04
8.954756288480926994e-04
9.016076154065022497e-04
9.079600574909153224e-04
9.144239584930282565e-04
9.210239178417300087e-04
9.277766148798138966e-04
9.345428962007031786e-04
9.413125232977316743e-04
9.480769253619070625e-04
9.547055276124174344e-04
9.613452169304481654e-04
9.679744872063489672e-04
9.745250692781734329e-04
9.811087306943434231e-04
9.877278701175475507e-04
9.943933610005511667e-04
1.001100054199891747e-03
1.007850121243957604e-03
1.014645223526290142e-03
1.021619740161880657e-03
1.028601220829003385e-03
1.035570689825891701e-03
1.042512347622104058e-03
1.049494890516778581e-03
1.056471559142971740e-03
1.063494598058347968e-03
1.070577984091534898e-03
1.077722117182723953e-03
1.084932085276573603e-03
1.092204470645065503e-03
1.099547922180884370e-03
1.106962297075768896e-03
1.114463779621009676e-03
1.121983290835017969e-03
1.129569251825548667e-03
1.137152775048508660e-03
1.144723136462966195e-03
1.152209656551822416e-03
1.159669387479247580e-03
1.167206345903460882e-03
1.174820067562539145e-03
1.182540132733538940e-03
1.190392241472713756e-03
1.198410036577007495e-03
1.206711649830030566e-03
1.215129483300029243e-03
1.223676045737804316e-03
1.232419708590388194e-03
1.241287248439172869e-03
1.250173339457385851e-03
1.259076145461003084e-03
1.267991990949520788e-03
1.276747410653260913e-03
1.285547081303963727e-03
1.294274212894757801e-03
1.303117671200547303e-03
1.312068738140199139e-03
1.321122971650414302e-03
1.330285119138847070e-03
1.339531551404476691e-03
1.348833274241258411e-03
1.358170247504487949e-03
1.367698986630860435e-03
1.377173101594264234e-03
1.386561453963032226e-03
1.395893241742262323e-03
1.405109933253452688e-03
1.414089636020136181e-03
1.422981605046334678e-03
1.431808316216147793e-03
1.440597716200931952e-03
1.449365789069609767e-03
1.458113939785996667e-03
1.466870116410634497e-03
1.475668098709923990e-03
1.484471825590016501e-03
1.493350118478162670e-03
1.502439700301791328e-03
1.511605007554262621e-03
1.520815514939682488e-03
1.530030251355994544e-03
1.539185582456258777e-03
1.548394582786930072e-03
1.557719417305219621e-03
1.567158939310216116e-03
1.576725902619289165e-03
1.586467598254918954e-03
1.596391315473740620e-03
1.606570134017106530e-03
1.616862363373142717e-03
1.627299679991618805e-03
1.637931309648190574e-03
1.648608131852378382e-03
1.659252722045893511e-03
1.669866927062258009e-03
1.680451423786494085e-03
1.690755446702323951e-03
1.701096944502779621e-03
1.711402086835204063e-03
1.721843660968285557e-03
1.732427098669674786e-03
1.743163742440549842e-03
1.754078979218603182e-03
1.765167855779094502e-03
1.776405801462242924e-03
1.787777302581433159e-03
1.799494961147499053e-03
1.811217766584318975e-03
1.822911354621206724e-03
1.834615418776386125e-03
1.846263805521388204e-03
1.857540094267341518e-03
1.868689230634875114e-03
1.879733263959326153e-03
1.890694226332280663e-03
1.901591577507389351e-03
1.912417563896073088e-03
1.923213577365081531e-03
1.933984394758863105e-03
1.944700726978309093e-03
1.955441180178279018e-03
1.966538868301684773e-03
1.977766811147921994e-03
1.989120485694365406e-03
2.000565671008361877e-03
2.012044161560628316e-03
2.023574569955813220e-03
2.035371545175459693e-03
2.047508496323036022e-03
2.059982299426583487e-03
2.072834185840318356e-03
2.086083460241945978e-03
2.099878205306554210e-03
2.113903375336927213e-03
2.128193744632292037e-03
2.142799319445480404e-03
2.157674321664293342e-03
2.172534162088804888e-03
2.187305291021257071e-03
2.201950023101902163e-03
2.216390182380501700e-03
2.230234330872624213e-03
2.243750354055008053e-03
2.257234739717917885e-03
2.270686010606193066e-03
2.284106076554116502e-03
2.297516696931864531e-03
2.310958235838457379e-03
2.324457778133555245e-03
2.338040465245196965e-03
2.351704745153429012e-03
2.365824740186123210e-03
2.379960606813402019e-03
2.394091647464984939e-03
2.408298992393679075e-03
2.422563187545352485e-03
2.436438100982736468e-03
2.450094183900292880e-03
2.463708823763980423e-03
2.477282772276317036e-03
2.490852536898693903e-03
2.504375133720254578e-03
2.517824793005776600e-03
2.531222935046000336e-03
2.544498259760361730e-03
2.557683034352534537e-03
2.571237850384125619e-03
2.585004995147921654e-03
2.598822270144643398e-03
2.612705934343130965e-03
2.626564293480334288e-03
2.640392467119497683e-03
2.654306588188124448e-03
2.668647080567670710e-03
2.683411828552374409e-03
2.698618633314163115e-03
2.714326334049298618e-03
2.730526244306462694e-03
2.747296656821845810e-03
2.764314615562892246e-03
2.781653927880760324e-03
2.799337800873772947e-03
2.817242315706486745e-03
2.834975168324242560e-03
2.852470328836387119e-03
2.869653466636251562e-03
2.886407877379270053e-03
2.902271853032865369e-03
2.917677658322682856e-03
2.932935246817973407e-03
2.948044239777492057e-03
2.963010096809700743e-03
2.977871745839250159e-03
2.992681579972929565e-03
3.007496188511186389e-03
3.022358429509500611e-03
3.037308816514117885e-03
3.052830698049606266e-03
3.068414664626250947e-03
3.084069965098512004e-03
3.099931953399295056e-03
3.116032741042060097e-03
3.131963478237695733e-03
3.147639582131904132e-03
3.163538079468939702e-03
3.179611186316803721e-03
3.195865812747820424e-03
3.212279286462430342e-03
3.228845638744025706e-03
3.245545802806807864e-03
3.262269538694628768e-03
3.279018519286745845e-03
3.296235026826310928e-03
3.314037116187807351e-03
3.331978766583435381e-03
3.350136062461065919e-03
3.368517613105981474e-03
3.386991963281831258e-03
3.405548985655282648e-03
3.424372966944288707e-03
3.443754901748430526e-03
3.463664377062674032e-03
3.484154723398612437e-03
3.505237481492660435e-03
3.527171697286752595e-03
3.549351252503389793e-03
3.571757650045539589e-03
3.594508854596959770e-03
3.617580072564142209e-03
3.640744018716292416e-03
3.663628463819388649e-03
3.686145076809525366e-03
3.708160861460157390e-03
3.729569337542717154e-03
3.749579995611453803e-03
3.769257984500676544e-03
3.788720371737134759e-03
3.807968361630141747e-03
3.827030861110403831e-03
3.845962551189808284e-03
3.864830432506041920e-03
3.883725355967161761e-03
3.902701205791821691e-03
3.921851088221537350e-03
3.941713452248144650e-03
3.961855412245621558e-03
3.982235927504711691e-03
4.003091748563681815e-03
4.024478949294931461e-03
4.046002573803921844e-03
4.067282738461788436e-03
4.088930389911485212e-03
4.111086729577891064e-03
4.133733657207655163e-03
4.156842235405007989e-03
4.180358096571397050e-03
4.204214154317791573e-03
4.228156886694746548e-03
4.252127695223566727e-03
4.276517891047349265e-03
4.301702666951536663e-03
4.327067678952978454e-03
4.352463383881520313e-03
4.377878114717808147e-03
4.403240844139627228e-03
4.428274501890063636e-03
4.452950514095105686e-03
4.477611730634366641e-03
4.502479753621292310e-03
4.527557928692106486e-03
4.552959897595841923e-03
4.578686486155092092e-03
4.604951379033221832e-03
4.631172846434442741e-03
4.657416953098640969e-03
4.683954304019263479e-03
4.710778082846154083e-03
4.737552104886187318e-03
4.764016690991784882e-03
4.790095763491290445e-03
4.815653131518747750e-03
4.840646529249569181e-03
4.864283590879965244e-03
4.887742339508382820e-03
4.911222623680437833e-03
4.934725733006371795e-03
4.958291465512774249e-03
4.981946245435296336e-03
5.005735445840771292e-03
5.029749174042329185e-03
5.054076697335262679e-03
5.078637643209146096e-03
5.104042859374311771e-03
5.129733152855690814e-03
5.155559879356452768e-03
5.181710325854662659e-03
5.208495500060830903e-03
5.235339456885807277e-03
5.261981111874352440e-03
5.288777766509458918e-03
5.316180322649347555e-03
5.344326096826584015e-03
5.373195970392535305e-03
5.402757774771460748e-03
5.432961929491314686e-03
5.463588365238332759e-03
5.494273993960415749e-03
5.525558464996028520e-03
5.557665174281026070e-03
5.590191038394243077e-03
5.622585887842665962e-03
5.654798638663452795e-03
5.686784279854275453e-03
5.718199950396481331e-03
5.748674323204814099e-03
5.778055381720219492e-03
5.807003168761368413e-03
5.835545009201429691e-03
5.863757325432707515e-03
5.891700057565366251e-03
5.919350649642833757e-03
5.946816512676771430e-03
5.973554053613173639e-03
5.999897285766213340e-03
6.026205818866563722e-03
6.052634270030832209e-03
6.078580423099028129e-03
6.104019008697121607e-03
6.128880505156060823e-03
6.153170340220994947e-03
6.176969962666201130e-03
6.199521854985605256e-03
6.222451288986724678e-03
6.246077099414763800e-03
6.270268391384200939e-03
6.295106469031978152e-03
6.320622472873882111e-03
6.346887829297523723e-03
6.373964746076474230e-03
6.401857477089952127e-03
6.430600750558307203e-03
6.460952523588235977e-03
6.491891091244057083e-03
6.523155816519536979e-03
6.555025813280364842e-03
6.588017048782958407e-03
6.621310609616674024e-03
6.654577583819635059e-03
6.687592228622554931e-03
6.721349801908904457e-03
6.755808768828706727e-03
6.790910867641800248e-03
6.826644271993593215e-03
6.862957970332269654e-03
6.899692352437460097e-03
6.936204005459776362e-03
6.973219934759093165e-03
7.010977541215064786e-03
7.049616664192909742e-03
7.088049631007964542e-03
7.126209481739149976e-03
7.164035025317735776e-03
7.201401807651600616e-03
7.237709241535295393e-03
7.272781448331845471e-03
7.306879529173752191e-03
7.340619942365859442e-03
7.373996117389688965e-03
7.407277638715215572e-03
7.440520503965334688e-03
7.474360350186666328e-03
7.507635096769159008e-03
7.540480699971492673e-03
7.573532713454189831e-03
7.607040739711148913e-03
7.640890892754626310e-03
7.674696352585545778e-03
7.708302651038157621e-03
7.741556050259755691e-03
7.774545659757626896e-03
7.806776098098587059e-03
7.838556138680483759e-03
7.871704541517230563e-03
7.906214966917141790e-03
7.942082333946363232e-03
7.979285853669217804e-03
8.017684688673769669e-03
8.057531269718202355e-03
8.098799961801059211e-03
8.141441867567386984e-03
8.185422369710549859e-03
8.231678622795803729e-03
8.278307052873308536e-03
8.325247492209596895e-03
8.372393534558158698e-03
8.420303674356446194e-03
8.467816160784430446e-03
8.514189906868660160e-03
8.558258000494041451e-03
8.601553508060315670e-03
8.643999791788970627e-03
8.685549145390712364e-03
8.726243832684532284e-03
8.766093045540527054e-03
8.805119882337385587e-03
8.842643824413692552e-03
8.879782372585990832e-03
8.917235155926010737e-03
8.956126996518170083e-03
8.994899823119777843e-03
9.033591158766070273e-03
9.072233363016128302e-03
9.110859619033635781e-03
9.149086882534934739e-03
9.186814949601801450e-03
9.224217344692507009e-03
9.262387992987744512e-03
9.301526388869581566e-03
9.341837713673317029e-03
9.383525924956290579e-03
9.426482358625969116e-03
9.471381296954767270e-03
9.517028046324135793e-03
9.563838880658813088e-03
9.611979828557879954e-03
9.661356681675429062e-03
9.710875860895525763e-03
9.760366193482063191e-03
9.809560835691247260e-03
9.858311867885020605e-03
9.906759592668274925e-03
9.954287432759081206e-03
1.000081177981891785e-02
1.004845971551198217e-02
1.009723172650402873e-02
1.014715333420960174e-02
1.019822281725249642e-02
1.025040215369208731e-02
1.030374372532396124e-02
1.035816416748951835e-02
1.041359950249722867e-02
1.046992537773221502e-02
1.052834962666863473e-02
1.058658525237592130e-02
1.064444937216411924e-02
1.070165887280497170e-02
1.075876866072966558e-02
1.081479504163946476e-02
1.086837893505001630e-02
1.091825337767029190e-02
1.096602195962958007e-02
1.101192384828282404e-02
1.105598693298495000e-02
1.109832826232339323e-02
1.113909301479446695e-02
1.117850498942059290e-02
1.121599821276591386e-02
1.125267218855020845e-02
1.129005360571334882e-02
1.132960384128910321e-02
1.136993883975250322e-02
1.141126219653491349e-02
1.145331285029048581e-02
1.149623629004271549e-02
1.153991784185239185e-02
1.158412924994678059e-02
1.162924661403193574e-02
1.167617656466024209e-02
1.172563554022051403e-02
1.177749771259129982e-02
1.183186833640702956e-02
1.188857978043401063e-02
1.194799871426872363e-02
1.201058786803292644e-02
1.207497015090755119e-02
1.214138903079029982e-02
1.220946770429710837e-02
1.227808429863549468e-02
1.234621882168144592e-02
1.241349077973213401e-02
1.247941478849422595e-02
1.254357814502106254e-02
1.260574844729846905e-02
1.266461106275733328e-02
1.272060181450004358e-02
1.277576520653176534e-02
1.283008365242434626e-02
1.288364816878109775e-02
1.293657871919817216e-02
1.298916904776428391e-02
1.304156769480190915e-02
1.309392758217010726e-02
1.314636882423612756e-02
1.319951691732678539e-02
1.325457578241249698e-02
1.330962291828225764e-02
1.336475731447692161e-02
1.341997418091322655e-02
1.347597994482463597e-02
1.353304053634556831e-02
1.358900932555241574e-02
1.364320355488084051e-02
1.369773450057319708e-02
1.375320129460975808e-02
1.380935726392315543e-02
1.386581690162375265e-02
1.392252996424846179e-02
1.397945086028364384e-02
1.403593991209454994e-02
1.409178602578856770e-02
1.414926788836288335e-02
1.420920516661807950e-02
1.426962830234679465e-02
1.433015424011548425e-02
1.439096151716938270e-02
1.445242492305486709e-02
1.451429136572460372e-02
1.457632165209741745e-02
1.463838764299240508e-02
1.470109403074799925e-02
1.476589076461351513e-02
1.483269241612902682e-02
1.490141355683460671e-02
1.497237597889093663e-02
1.504548604059659407e-02
1.512245129804824090e-02
1.519990209635592969e-02
1.527810241147186353e-02
1.535709559972014450e-02
1.543620724251044442e-02
1.551363264179720682e-02
1.558892605655999228e-02
1.566177418391379028e-02
1.573152422250552462e-02
1.579801157992204164e-02
1.585924904951464126e-02
1.591560256833444986e-02
1.597083689833985257e-02
1.602498486182905857e-02
1.607807327669862063e-02
1.613038415093461311e-02
1.618245645223249929e-02
1.623469937279845357e-02
1.628748468175491085e-02
1.634116114559071645e-02
1.639617702987921505e-02
1.645614749903756904e-02
1.651717618813954708e-02
1.657968105269466697e-02
1.664400633292114490e-02
1.671036245107661994e-02
1.677928759307635576e-02
1.685226707429234375e-02
1.692641596073648017e-02
1.700150927766502784e-02
1.707997319621764112e-02
1.716156175792815999e-02
1.724649080523410136e-02
1.733439610313279242e-02
1.742484500054872903e-02
1.751755854943925356e-02
1.761185569206147328e-02
1.770599968930603590e-02
1.780252293865709767e-02
1.790129412040841056e-02
1.799939178632454714e-02
1.809647426136124296e-02
1.819228711887482461e-02
1.828648683118719656e-02
1.837839027692183061e-02
1.846736649542212241e-02
1.855208737047763304e-02
1.863250305021145470e-02
1.871108343386143624e-02
1.878793653285185800e-02
1.886321530383042525e-02
1.893716777107275206e-02
1.901056675615983571e-02
1.908377500369796975e-02
1.915948634480293608e-02
1.923501550360143253e-02
1.931172020388552055e-02
1.938977600978663771e-02
1.946679323178812301e-02
1.954248816366771849e-02
1.961713437380652181e-02
1.969098117277948493e-02
1.976379636136047641e-02
1.983595493809897983e-02
1.990480612935038168e-02
1.997145123455095969e-02
2.004018296842509719e-02
2.011109191629957202e-02
2.018439774251843538e-02
2.026057347681004331e-02
2.033950509556264191e-02
2.042095825745788781e-02
2.050468282826659050e-02
2.059014929856546605e-02
2.067813969611470570e-02
2.077097928344659797e-02
2.086461275233325585e-02
2.095920406742976874e-02
2.105475003017318394e-02
2.115104622959908601e-02
2.124764179682290394e-02
2.134565930827613672e-02
2.144192876447049284e-02
2.153523705686750944e-02
2.162809264712141008e-02
2.172041111975302891e-02
2.181189244906750133e-02
2.190214336661227765e-02
2.199101966833688637e-02
2.207856660642096638e-02
2.216509883644644102e-02
2.224930911221247032e-02
2.233411006709192653e-02
2.242069798954259008e-02
2.250641847579486210e-02
2.259118154478153770e-02
2.267495354910490160e-02
2.275727755559436155e-02
2.283804636267606700e-02
2.291713801200933459e-02
2.299284766510198072e-02
2.306693656787441385e-02
2.314295337044720846e-02
2.322127502111851968e-02
2.330260366291865212e-02
2.338768364268336078e-02
2.347613715959867564e-02
2.356939710463753015e-02
2.366800984445393760e-02
2.377471189204377958e-02
2.388781559068059446e-02
2.400578193823109732e-02
2.412500335021951908e-02
2.424500502923486803e-02
2.436506349352668063e-02
2.448453583562987951e-02
2.460388797165222186e-02
2.472227035422317615e-02
2.483893651814920653e-02
2.494723866676190963e-02
2.505656799073975594e-02
2.516681949534908466e-02
2.527818410609636995e-02
2.539077088102405927e-02
2.550455377410188601e-02
2.561930931234551734e-02
2.573463933323213298e-02
2.585021527149102688e-02
2.596613102525564820e-02
2.608622280398502011e-02
2.620431956177612931e-02
2.632035607719247772e-02
2.643446447752364342e-02
2.654650855416119948e-02
2.665606273003252175e-02
2.676192479293583795e-02
2.686592391791830028e-02
2.696846143031427986e-02
2.706865539935445972e-02
2.716796990564144393e-02
2.726665031877090889e-02
2.736493481037760231e-02
2.746296907068924639e-02
2.756113274540906641e-02
2.766025179863398908e-02
2.776207913492211715e-02
2.786580205000661198e-02
2.797119399794929795e-02
2.807861624733566305e-02
2.818703141142677587e-02
2.829659613237970467e-02
2.840673316131310175e-02
2.851725246953790843e-02
2.862816759716010212e-02
2.873940329387906709e-02
2.884677007924524306e-02
2.895428280058980758e-02
2.906433048152052070e-02
2.917774938961597772e-02
2.929439080979390556e-02
2.941411866804462261e-02
2.953739569109864113e-02
2.966490409883434237e-02
2.979679409987739253e-02
2.993266639268288981e-02
3.007898149151390019e-02
3.022509164371461540e-02
3.036868690155087799e-02
3.050956914102878614e-02
3.064703065304656693e-02
3.078088240974748493e-02
3.091093400053156887e-02
3.103632328983357141e-02
3.115402122730617784e-02
3.126302338578122036e-02
3.136631710649494253e-02
3.146989469419705920e-02
3.157385545932497872e-02
3.167833470395693685e-02
3.178396944123420415e-02
3.189065643653746229e-02
3.199868490319566355e-02
3.210831149632753512e-02
3.222233918899924249e-02
3.234212335775560332e-02
3.246226452815238056e-02
3.258290109913127702e-02
3.270468694054255721e-02
3.282941099989877820e-02
3.295525536747391515e-02
3.308040370992583468e-02
3.320506860516275749e-02
3.333122337410217295e-02
3.346398297880355532e-02
3.360229596360640031e-02
3.374472597873549168e-02
3.389129454033620176e-02
3.404147474221864283e-02
3.419362311044008007e-02
3.434973215952875913e-02
3.451200175307198026e-02
3.468020019030021439e-02
3.485233296153025101e-02
3.502286100081278969e-02
3.519256611970249249e-02
3.536201058963797661e-02
3.553019468788416735e-02
3.569650643358624614e-02
3.586033147501653529e-02
3.602104576208071257e-02
3.617639218532936463e-02
3.631957170999133844e-02
3.645963182581699047e-02
3.659682066082582674e-02
3.673103801183224409e-02
3.686272545155154512e-02
3.699242573013860474e-02
3.712034058376990908e-02
3.724673068850845731e-02
3.737315949978871343e-02
3.750158422279077641e-02
3.763870116648151964e-02
3.777900453261000269e-02
3.791567013076251047e-02
3.804917686830521645e-02
3.817939945650701550e-02
3.830698989676698668e-02
3.843316652544169487e-02
3.855808622250968265e-02
3.868002038832260570e-02
3.880305197352314217e-02
3.893059756839090113e-02
3.905919042388245055e-02
3.919585890368314229e-02
3.934028941817837438e-02
3.949299810000756611e-02
3.965370144118431084e-02
3.982134130181543691e-02
3.999588155198430250e-02
4.017787846039638094e-02
4.036331605507554460e-02
4.054865775110190473e-02
4.073362836745482440e-02
4.091801098739673848e-02
4.110175303360690674e-02
4.128349136329897973e-02
4.146185450323554289e-02
4.163296896070675657e-02
4.179559456871407425e-02
4.195229978108409169e-02
4.211180668086741963e-02
4.227100135439825629e-02
4.242451964648239621e-02
4.257242447150945408e-02
4.271481004906319684e-02
4.285285295622099505e-02
4.298784313417459979e-02
4.312375800249736157e-02
4.326181592238021595e-02
4.339954907235358400e-02
4.352742257433593609e-02
4.364872225419690749e-02
4.376931298114038194e-02
4.388966745455909202e-02
4.401021056082912719e-02
4.413136718632652139e-02
4.425370187388018295e-02
4.436775984342155449e-02
4.448849761193632985e-02
4.461651065487961393e-02
4.475347377541628868e-02
4.490022335304859336e-02
4.505367856919260255e-02
4.521358037598550289e-02
4.537949621824120816e-02
4.555094181895260469e-02
4.572774220506285736e-02
4.592119725353269177e-02
4.611653978355787636e-02
4.631326359500738399e-02
4.651526705310622678e-02
4.671310103623686760e-02
4.690881558508856047e-02
4.710140286728854708e-02
4.728910933185065391e-02
4.747038502841619684e-02
4.764482557819926106e-02
4.781643878186040558e-02
4.798720850777525582e-02
4.815704635863381211e-02
4.832129347144823589e-02
4.848849218650114895e-02
4.865927407804860466e-02
4.883447202348305261e-02
4.901575593693589805e-02
4.920456550478247149e-02
4.940085006400084244e-02
4.959866735514074226e-02
4.979586342180650910e-02
4.999229979319715078e-02
5.018683091409911062e-02
5.037858543472192169e-02
5.056731743219453762e-02
5.075352459097919045e-02
5.093171240414097467e-02
5.110050429501076380e-02
5.127052461989130283e-02
5.144274369835624694e-02
5.162158385691072160e-02
5.180995419460013296e-02
5.200036079087969054e-02
5.219406636456105225e-02
5.239132107342477085e-02
5.258823499412494662e-02
5.279047044589021964e-02
5.299911742796696579e-02
5.320358941348310444e-02
5.340319389010851625e-02
5.359289155510606889e-02
5.377019169525114328e-02
5.394397255027789939e-02
5.411402603389800503e-02
5.428059037309003465e-02
5.444486309411154801e-02
5.459832769785861323e-02
5.475810751875095223e-02
5.492429063621437346e-02
5.509672515186180008e-02
5.527621829124906849e-02
5.546172605892932955e-02
5.565257474794733927e-02
5.584816941407418772e-02
5.604785593392584003e-02
5.625341725806429216e-02
5.647292031345012286e-02
5.669012705587431200e-02
5.690629951879107307e-02
5.712112836076184419e-02
5.733423806465116901e-02
5.755199490348785613e-02
5.776045625665889027e-02
5.795647625362874977e-02
5.814050398100009676e-02
5.831322158740786382e-02
5.847999256944019786e-02
5.864585221044404939e-02
5.880978532351112398e-02
5.897264931734212678e-02
5.913509164482361191e-02
5.929180233440375231e-02
5.945790201597692115e-02
5.963801177674433324e-02
5.983484063300757022e-02
6.004521774530877098e-02
6.026207186917460074e-02
6.048022467310289890e-02
6.069825787687316287e-02
6.091576083951728837e-02
6.113253471111087384e-02
6.134844653773713352e-02
6.156291252022740024e-02
6.177502837054511808e-02
6.196459937895221204e-02
6.215502852393579858e-02
6.235099361591464606e-02
6.255208840330804543e-02
6.275930364140760997e-02
6.297462282292724811e-02
6.320349263107070958e-02
6.343943837434698474e-02
6.367361996941137137e-02
6.390529554645174581e-02
6.415159444348378370e-02
6.439174205743848634e-02
6.462290801037751109e-02
6.484497916294394704e-02
6.505744148459471909e-02
6.525652254612483716e-02
6.543651665509525595e-02
6.560372294765871859e-02
6.576294330098975127e-02
6.591136348352227836e-02
6.605235486230909281e-02
6.619794747560579784e-02
6.634855188212003541e-02
6.650478110881274940e-02
6.666744798317586485e-02
6.683832966870716097e-02
6.701775945129090362e-02
6.720650517499557330e-02
6.740872130728384204e-02
6.762794750847662961e-02
6.786338543359268782e-02
6.810615088113486371e-02
6.834909878641794168e-02
6.859338387736277354e-02
6.883935302966212588e-02
6.908521673181737544e-02
6.933076623897890811e-02
6.957886109957783782e-02
6.981068779360410925e-02
7.002546465616490967e-02
7.023186062582897904e-02
7.043058565384532899e-02
7.062859157385320552e-02
7.082409629976869903e-02
7.101644057800698961e-02
7.120712216944120876e-02
7.139597201865309495e-02
7.157923476486245662e-02
7.177530414316801721e-02
7.198394997182697153e-02
7.219297226955068147e-02
7.239799276469810474e-02
7.259894096539483421e-02
7.279607487141030731e-02
7.298953859289822321e-02
7.317944807801088358e-02
7.336591927490061782e-02
7.354906813171979696e-02
7.370194452095082949e-02
7.386143657996740997e-02
7.402980845848443348e-02
7.420835474272226284e-02
7.439740038051333160e-02
7.459646238657553774e-02
7.480596271647232953e-02
7.502656907830068667e-02
7.526781325678039147e-02
7.553087870838205709e-02
7.582728100210944788e-02
7.612166184745783326e-02
7.641302262960068814e-02
7.670614830342672996e-02
7.699378716612124973e-02
7.727423101816437156e-02
7.754448423298727910e-02
7.779793488957528758e-02
7.802293687914502174e-02
7.821766125566437244e-02
7.839701303623790307e-02
7.857181679956677656e-02
7.874644513222896214e-02
7.891564728361123715e-02
7.908650947977069467e-02
7.926128554380408586e-02
7.944261178501151044e-02
7.963627417931332109e-02
7.984413148434106600e-02
8.006692227028507081e-02
8.030541446797684335e-02
8.054821680534264561e-02
8.079036855126379979e-02
8.103030354799879709e-02
8.126805991026263276e-02
8.150367575277031595e-02
8.174013256750850553e-02
8.197776747351986915e-02
8.221363622304715679e-02
8.242801283617620656e-02
8.265425242513230186e-02
8.288066744802764785e-02
8.310767626071624559e-02
8.333681627717286211e-02
8.356792518627423338e-02
8.380078566017316877e-02
8.403170897322337352e-02
8.425959351640996409e-02
8.448782596028306391e-02
8.473640396970943955e-02
8.497164197092907378e-02
8.520489704429516642e-02
8.543852717525758644e-02
8.567075543051272390e-02
8.590084589632922263e-02
8.612166893696747427e-02
8.633390350161483651e-02
8.653629237755949832e-02
8.671694606656354942e-02
8.687530360290973697e-02
8.703223449462077488e-02
8.719132616901971444e-02
8.735045586027834208e-02
8.751232136173965614e-02
8.767809793678955910e-02
8.785521304982986390e-02
8.804381360086294128e-02
8.824626078339493918e-02
8.847443849312765229e-02
8.873557976031606898e-02
8.901436253389823083e-02
8.929751198672640500e-02
8.957351259218769568e-02
8.984076425346655681e-02
9.009497558449036658e-02
9.033561902959404144e-02
9.055788624925505126e-02
9.075548131357155657e-02
9.092706104153308599e-02
9.106446395544844086e-02
9.118309784014902442e-02
9.129293932509245646e-02
9.140524078456073453e-02
9.152046673166530644e-02
9.164234993180113420e-02
9.177149628632748357e-02
9.191249216288699397e-02
9.207133734822349480e-02
9.224759197800358468e-02
9.244130056549178243e-02
9.263369643454848201e-02
9.282568850077126121e-02
9.301819905901125007e-02
9.322178784942165841e-02
9.342483132868924234e-02
9.362484986705967016e-02
9.382233121930141917e-02
9.401874912336093126e-02
9.417435213782134051e-02
9.434709834126817074e-02
9.453487018858763857e-02
9.473577123601414907e-02
9.496286792831218349e-02
9.517855352846631145e-02
9.539440099856287547e-02
9.561239895847366277e-02
9.583186896112164121e-02
9.605122074753005834e-02
9.631157614027120728e-02
9.655582578470361943e-02
9.678387527018957048e-02
9.699612984871899823e-02
9.717825563889949392e-02
9.735693645710126465e-02
9.752724026207447439e-02
9.768158380840288868e-02
9.782041205597494238e-02
9.794425863964791035e-02
9.805365719427898419e-02
9.815722542586291510e-02
9.826947712211464570e-02
9.839107617398201722e-02
9.852270590480921575e-02
9.866506767665561561e-02
9.882348229356539837e-02
9.900668819224399397e-02
9.921494496071420199e-02
9.944908945679047096e-02
9.970917062864140257e-02
9.998667849391676410e-02
1.002648731996299281e-01
1.005505219591603661e-01
1.008564553074528941e-01
1.011888873848876269e-01
1.015043527269740425e-01
1.018003766609854033e-01
1.020760628254175212e-01
1.023025328758666030e-01
1.024747065296280901e-01
1.026332776481104908e-01
1.027803520778863555e-01
1.029086481523753677e-01
1.030043723136139094e-01
1.030597452708925527e-01
1.031178448274713694e-01
1.031799915663517558e-01
1.032463784026904918e-01
1.033445142897835151e-01
1.034788980288735005e-01
1.036087291364711921e-01
1.037341285882811409e-01
1.038528751547908996e-01
1.039664580000784211e-01
1.040766172788637062e-01
1.041839327920332930e-01
1.042892887585889078e-01
1.043795537843091037e-01
1.044552209003534460e-01
1.045186304808564809e-01
1.045989060140309901e-01
1.047029988787823856e-01
1.048351397090127590e-01
1.049950618174712441e-01
1.051825952159629735e-01
1.053975527810277479e-01
1.056577279255535295e-01
1.059425316466039990e-01
1.062515263523415437e-01
1.065843328227750603e-01
1.069120722195794904e-01
1.072276726823453846e-01
1.075276630432982217e-01
1.078223284036303187e-01
1.080883165541373370e-01
1.083208307451832692e-01
1.084931447902502677e-01
1.086286572603251815e-01
1.087253984490403474e-01
1.087794929352066398e-01
1.088179175430030038e-01
1.088452957509283281e-01
1.088631072889355705e-01
1.088603165870987710e-01
1.088597798235009795e-01
1.088648680801279911e-01
1.088827416195431719e-01
1.089241099918403372e-01
1.089911940813866192e-01
1.090866354200551031e-01
1.091843165453527942e-01
1.092808388164169670e-01
1.093774095985162870e-01
1.094752362569193921e-01
1.095755261568949340e-01
1.096804163002403909e-01
1.098076417490179424e-01
1.099591897869224705e-01
1.100740639065006937e-01
1.101680020783952357e-01
1.102716106965427184e-01
1.103836943687835914e-01
1.105030577029582767e-01
1.106285053069072100e-01
1.107592292417211022e-01
1.108944508772112397e-01
1.110172072181236647e-01
1.111250070315841637e-01
1.112784239824680388e-01
1.114608766100487758e-01
1.116457374943919389e-01
1.118333577894373154e-01
1.120420757023849745e-01
1.122377294356544236e-01
1.124062585940792669e-01
1.125427592763395407e-01
1.126466471580034462e-01
1.127173379146391152e-01
1.127542472218147213e-01
1.127567907550984100e-01
1.127381986177995177e-01
1.127104044719358100e-01
1.126551581620900411e-01
1.126067095376255128e-01
1.125797571458655721e-01
1.125825441511037750e-01
1.126163185089421592e-01
1.126803208759665359e-01
1.127752399588756727e-01
1.129027785665525363e-01
1.130712362844941699e-01
1.132240447246260773e-01
1.133618057231491894e-01
1.134851211162644508e-01
1.135936551865484589e-01
1.136843417970405390e-01
1.137572320492248601e-01
1.138143691203355179e-01
1.137848736766032126e-01
1.137274416452470627e-01
1.136447191934929490e-01
1.135810593545874270e-01
1.135358417016763266e-01
1.135084458079054504e-01
1.134982512464206145e-01
1.135051564336763963e-01
1.135302061250043626e-01
1.135728242585897080e-01
1.137039092335080659e-01
1.138637700856624801e-01
1.140330090211467695e-01
1.142211764857844203e-01
1.143950137944127199e-01
1.145514517439393809e-01
1.146902127792878145e-01
1.148023204151644300e-01
1.148781008562113209e-01
1.149170355119443071e-01
1.149186057918792359e-01
1.148822931055318852e-01
1.148301698570148854e-01
1.147781683732418817e-01
1.147597137318606964e-01
1.147439553830264108e-01
1.147278955976474141e-01
1.147201792862077852e-01
1.147290023303788875e-01
1.147550414473710728e-01
1.147989733543945817e-01
1.148572297919221719e-01
1.148984931906652379e-01
1.148979299457386499e-01
1.148560228325093135e-01
1.148073407717665195e-01
1.147558082155303860e-01
1.147018870631537346e-01
1.146460392139893730e-01
1.145665706115039789e-01
1.144522529471206640e-01
1.143078450185917305e-01
1.141823723699867121e-01
1.140828617707369680e-01
1.140090754518976041e-01
1.139607756445237263e-01
1.139377245796704130e-01
1.139396844883927562e-01
1.139690216688068608e-01
1.140509160136648908e-01
1.141963481814716602e-01
1.144067579958652908e-01
1.146484788153673412e-01
1.148774282841782818e-01
1.150929991642200417e-01
1.152945842174145641e-01
1.155453610921587382e-01
1.157540000900407623e-01
1.159155747629967703e-01
1.159967661014702639e-01
1.159970056032341573e-01
1.159135234713365714e-01
1.157557694605357151e-01
1.155873084193656947e-01
1.154084007359863218e-01
1.152193067985573943e-01
1.149565021087637362e-01
1.147109695150988901e-01
1.144846845486474363e-01
1.143073576632366584e-01
1.141796822916553433e-01
1.141023518666921671e-01
1.140473902663082795e-01
1.139844303643681583e-01
1.139138650720327856e-01
1.138360873004631846e-01
1.137514899608203789e-01
1.136577183765144217e-01
1.135409656771147330e-01
1.134016989749073584e-01
1.132403853821783296e-01
1.130574920112136783e-01
1.128562462716228287e-01
1.126860528979352766e-01
1.125475021580292223e-01
1.124404645439275319e-01
1.123648105476530989e-01
1.123367180515114500e-01
1.123821076394695140e-01
1.125193061460384863e-01
1.127266992227677206e-01
1.129353260422782945e-01
1.131443665936991971e-01
1.133075025746495407e-01
1.134235639931323869e-01
1.134921006330060766e-01
1.135126622781289507e-01
1.134712389098276875e-01
1.133555300016081679e-01
1.131465547937154509e-01
1.128162848295517218e-01
1.124060100872476958e-01
1.119872055194464644e-01
1.115913286530448995e-01
1.112188311849225952e-01
1.108701648119592154e-01
1.105457812310343263e-01
1.102461321390275639e-01
1.099716692328185919e-01
1.097228442092869766e-01
1.095490976451169857e-01
1.094778981611926744e-01
1.094382225017505456e-01
1.093990648367733909e-01
1.093518132075386590e-01
1.092954254574337036e-01
1.092244518129552727e-01
1.091385647170998036e-01
1.090374366128637335e-01
1.089207399432434720e-01
1.087881471512354981e-01
1.086393306798361935e-01
1.085552559457007432e-01
1.084325427992223340e-01
1.083200785092799101e-01
1.082187299710458961e-01
1.081337716965832807e-01
1.080653559814553910e-01
1.080474123799698150e-01
1.080202583754289319e-01
1.079838730252850598e-01
1.079382353869905442e-01
1.078020315443390387e-01
1.076782931473861255e-01
1.075263963864242223e-01
1.073461680233423199e-01
1.071374348200294924e-01
1.069000235383747582e-01
1.065999836815228613e-01
1.062969768236238649e-01
1.059910029646777413e-01
1.054783158343009924e-01
1.049945227468360304e-01
1.045399264162537867e-01
1.041148295565252346e-01
1.037195348816213614e-01
1.033543451055131263e-01
1.030195629421714887e-01
1.027154911055674635e-01
1.024424323096719824e-01
1.022006892684560048e-01
1.021943109662740434e-01
1.021879928027546736e-01
1.021947542883908239e-01
1.022190757669981936e-01
1.022522528163098549e-01
1.022912304552527074e-01
1.022907603897909301e-01
1.022408487693365065e-01
1.021411789640966628e-01
1.019914343442785976e-01
1.017912982800895649e-01
1.015404541417367357e-01
1.012318620450984724e-01
1.009001331230235665e-01
1.005820388028986906e-01
1.002617013694703796e-01
9.995474028593205607e-02
9.967101349685730804e-02
9.941070172602455013e-02
9.917398569721218304e-02
9.896104613419859364e-02
9.877206376076221039e-02
9.860092304451736900e-02
9.840839660278521972e-02
9.816628152443156174e-02
9.789337459976865663e-02
9.761916875362448842e-02
9.734366398599908488e-02
9.706686029689244599e-02
9.678875768630457177e-02
9.639937054384578596e-02
9.589615817258677344e-02
9.542806534149309017e-02
9.499858680174355641e-02
9.460778470325459377e-02
9.425572119594261000e-02
9.394245842972405447e-02
9.366805855451527940e-02
9.353569584530216363e-02
9.340283529089823955e-02
9.337936848666215928e-02
9.346774211449229708e-02
9.351891739039204510e-02
9.352930554815162834e-02
9.349875042282357329e-02
9.341684187626500546e-02
9.328049337144225794e-02
9.308927375975424579e-02
9.273963976753045457e-02
9.237375740727264695e-02
9.199135169532711431e-02
9.159214764804020359e-02
9.123214513425373373e-02
9.081809451348886453e-02
9.040210112567029221e-02
9.000306950207813406e-02
8.962388155046825677e-02
8.926476379016394513e-02
8.892594274048856717e-02
8.860764492076539378e-02
8.831009685031777912e-02
8.803352504846900795e-02
8.772188118204693463e-02
8.746836642719998944e-02
8.722082697967310783e-02
8.697056381705134398e-02
8.671757693933468403e-02
8.646186634652310021e-02
8.619258828345444101e-02
8.589074611866752418e-02
8.555692621495063210e-02
8.519171493509203330e-02
8.479569864188001016e-02
8.442488160737793290e-02
8.405614100154409907e-02
8.368966726956267310e-02
8.332565085661769455e-02
8.296428220789328623e-02
8.261659552373576410e-02
8.230177788079033607e-02
8.201943336145285646e-02
8.176916604811916567e-02
8.155058002318503474e-02
8.130786145977123014e-02
8.106432363310350775e-02
8.081995957230424243e-02
8.057383964571686319e-02
8.032455290455516039e-02
8.007068840003295218e-02
7.981083518336404281e-02
7.948405668217184417e-02
7.908575610873183614e-02
7.861510389094628071e-02
7.807127045671752308e-02
7.748819610235757604e-02
7.691158348872076389e-02
7.634204230515623246e-02
7.578066355814279398e-02
7.522853825415920515e-02
7.468675739968426430e-02
7.421593762478713441e-02
7.382035577488493816e-02
7.350052147976797456e-02
7.325694436922650099e-02
7.305536420464106562e-02
7.284976535372758577e-02
7.277332970864348882e-02
7.260880468413366540e-02
7.235754848466670330e-02
7.202091931471105157e-02
7.160027537873527026e-02
7.109697488120789166e-02
7.051237602659742032e-02
6.984783701937238853e-02
6.915920626272389904e-02
6.848118985626686084e-02
6.768129279954908373e-02
6.697745456953083099e-02
6.636900385344882136e-02
6.585526933853982912e-02
6.543557971204047585e-02
6.510926366118754971e-02
6.487564987321770005e-02
6.473406703536765949e-02
6.462935363615156248e-02
6.465071420885797060e-02
6.458625356505758031e-02
6.443466742390208113e-02
6.419465150454325975e-02
6.386490152613279181e-02
6.344411320782243624e-02
6.293098226876388257e-02
6.232420442810889666e-02
6.162247540500916804e-02
6.085986462367094091e-02
6.000083181353852574e-02
5.925635875123411167e-02
5.862683630579891558e-02
5.811265534627410578e-02
5.771420674170091997e-02
5.743188136112048481e-02
5.726607007357403800e-02
5.714050244533675632e-02
5.702753123168505245e-02
5.689331026541255554e-02
5.665037933287674771e-02
5.629987510288458896e-02
5.584293424424314339e-02
5.528069342575938488e-02
5.461428931624036365e-02
5.384485858449304663e-02
5.297353789932450485e-02
5.207812523230767598e-02
5.118779536601443525e-02
5.030254830044476877e-02
4.949704416998011725e-02
4.881604846365248523e-02
4.825970160036711226e-02
4.782814399902934888e-02
4.752151607854446236e-02
4.733995825781776856e-02
4.728361095575453477e-02
4.735261459126010458e-02
4.744278606206248777e-02
4.752039527740498787e-02
4.750984376745388815e-02
4.736542770772503297e-02
4.708606834386088597e-02
4.667068692150393855e-02
4.611820468629666825e-02
4.542754288388157341e-02
4.459762275990111074e-02
4.362736555999779248e-02
4.262001605099131896e-02
4.209388801115047929e-02
4.159740726280124201e-02
4.113103490920359123e-02
4.069523205361757351e-02
4.029045979930316601e-02
3.991717924952042224e-02
3.957585150752934017e-02
3.926693767658995249e-02
3.899089885996225024e-02
3.874819616090625224e-02
3.805376865971774047e-02
3.735965163733077216e-02
3.666584509374534728e-02
3.597234902896147279e-02
3.527916344297914175e-02
3.458628833579835415e-02
3.389372370741912388e-02
3.320146955784147175e-02
3.250952588706533530e-02
3.181789269509077006e-02
3.112656998191772745e-02
3.043555774754625950e-02
3.058930797079055866e-02
3.072239201953044438e-02
3.083456246484668831e-02
3.092557187782016964e-02
3.099517282953166003e-02
3.104311789106201785e-02
3.106915963349206680e-02
3.107305062790264444e-02
3.105454344537456404e-02
3.101339065698866665e-02
3.010489285501152454e-02
2.919423124264420438e-02
2.828140581988670618e-02
2.736641658673902994e-02
2.644926354320117912e-02
2.554193873655784611e-02
2.469906739587501149e-02
2.392085192196902535e-02
2.320749471565627942e-02
2.255919817775312378e-02
2.197616470907596056e-02
2.145859671044112946e-02
2.100669658266504300e-02
2.062066672656403046e-02
2.030070954295450439e-02
2.003503538536809819e-02
1.976922142555525078e-02
1.950326766351593438e-02
1.923717409925018024e-02
1.897094073275796405e-02
1.870456756403930665e-02
1.843805459309418027e-02
1.817140181992260919e-02
1.790460924452457955e-02
1.763767686690009481e-02
1.737060468704916538e-02
1.710339270497177391e-02
1.683604092066793081e-02
1.656854933413763609e-02
1.479137561262016537e-02
1.304090211897645721e-02
1.131714283342917168e-02
9.620111736200942856e-03
7.949822807514425604e-03
6.306290027592252254e-03
4.689527376657082886e-03
3.099548834931550693e-03
1.536368382638311422e-03
0.000000000000000000e+00
0.000000000000000000e+00
0.000000000000000000e+00
0.000000000000000000e+00
0.000000000000000000e+00
0.000000000000000000e+00
0.000000000000000000e+00
0.000000000000000000e+00
0.000000000000000000e+00
0.000000000000000000e+00
0.000000000000000000e+00
0.000000000000000000e+00
0.000000000000000000e+00
0.000000000000000000e+00
0.000000000000000000e+00
0.000000000000000000e+00
0.000000000000000000e+00
0.000000000000000000e+00
