8.610807429457466414e-14
8.794608095093059127e-14
8.968001815553350673e-14
9.136529247485284824e-14
9.308483399672045282e-14
9.416456694093801340e-14
9.605721787621669777e-14
9.800312575210875715e-14
1.000345581557071741e-13
1.021456986559465048e-13
1.043698101781625794e-13
1.067083235506034290e-13
1.091762887220413898e-13
1.117304389038934394e-13
1.143742993709177135e-13
1.170971893531135240e-13
1.198729016759022584e-13
1.226842850966802359e-13
1.255340944574582718e-13
1.284283010669851312e-13
1.313194288358106164e-13
1.342041786778009182e-13
1.370822071279330645e-13
1.399579258834415969e-13
1.428181166852866008e-13
1.457122147452831280e-13
1.486658057638060552e-13
1.516847818173938978e-13
1.547498766646867459e-13
1.578708220951348366e-13
1.610697333286979481e-13
1.643288496233424044e-13
1.676208117904989675e-13
1.709883495798443951e-13
1.744555606122387981e-13
1.779927548335187915e-13
1.816197364580701814e-13
1.853444353749674859e-13
1.891616727949364475e-13
1.930732580924371415e-13
1.971112940308832476e-13
2.013393762414083902e-13
2.057510493080585779e-13
2.103042824644614308e-13
2.149942107850806208e-13
2.198113251986627994e-13
2.247234143563384971e-13
2.296968338714959194e-13
2.347519558088983681e-13
2.399145945669699613e-13
2.451519293918512640e-13
2.504344952031511499e-13
2.558140004733285937e-13
2.613203308293856567e-13
2.669347693088986676e-13
2.726435514196560641e-13
2.785029187155304321e-13
2.845650096986368532e-13
2.908070423054725543e-13
2.971946913331375392e-13
3.037168589192356467e-13
3.103493988233415789e-13
3.170643542435378709e-13
3.238082811107333881e-13
3.306507853654893684e-13
3.376372600270831744e-13
3.447158902662131053e-13
3.518864123286579241e-13
3.591835711892851773e-13
3.666415265542459790e-13
3.742862518492699682e-13
3.821492642897028678e-13
3.903192241871112285e-13
3.989753888480143454e-13
4.080651634770899647e-13
4.175776980549423539e-13
4.275286624265615504e-13
4.378937032973614198e-13
4.485655745233072294e-13
4.595157746782823073e-13
4.706631635337261008e-13
4.820864385815436814e-13
4.937368675039472061e-13
5.054676945626730919e-13
5.172854743473866299e-13
5.291887796572894720e-13
5.412118777007137464e-13
5.534055999569089047e-13
5.659097005948410956e-13
5.787817623666332732e-13
5.921243000713576197e-13
6.058349460681533514e-13
6.198870644710125852e-13
6.342710114469042263e-13
6.489811100570925693e-13
6.640026900276647646e-13
6.792504916599869608e-13
6.946380724190392277e-13
7.101663257119087645e-13
7.258564840811103510e-13
7.417208886280886654e-13
7.578173429831436717e-13
7.742030445263370889e-13
7.907941061966759850e-13
8.075885348351951051e-13
8.245903804478091289e-13
8.417654440062843756e-13
8.592993000628858039e-13
8.772471410914108052e-13
8.956100502738952186e-13
9.144171613571736806e-13
9.337385386615311981e-13
9.535536883571025174e-13
9.739534290187470079e-13
9.950182488349354283e-13
1.016738672247110216e-12
1.039408054930298965e-12
1.062923284666765198e-12
1.087208305831730550e-12
1.112239387068164024e-12
1.137990110843944170e-12
1.164391543138866939e-12
1.191420320635090058e-12
1.219033564965080765e-12
1.246982221834049081e-12
1.275461301375712676e-12
1.304304034856254743e-12
1.333442773073233222e-12
1.362834811336584111e-12
1.392107567629068915e-12
1.421207650073185508e-12
1.450061816131687829e-12
1.478622575870073529e-12
1.506932417428607754e-12
1.535415755576139120e-12
1.564026123355358688e-12
1.592779348734747719e-12
1.621765799179095806e-12
1.651085013469716731e-12
1.681120574974717009e-12
1.711932794352699177e-12
1.743814811311513489e-12
1.776701469412457501e-12
1.810717277638615303e-12
1.845868187170410787e-12
1.882072771784002016e-12
1.919323961711600153e-12
1.957609527860541115e-12
1.996923366835855659e-12
2.037279269706424111e-12
2.078711024620993680e-12
2.121101456637507613e-12
2.165049854417860846e-12
2.211182154551206602e-12
2.259272554519904075e-12
2.309412006159446844e-12
2.361231123664257468e-12
2.414738928789459843e-12
2.469911558148288845e-12
2.526748138252150371e-12
2.585086228153598707e-12
2.644802796947525623e-12
2.705718814863899657e-12
2.767417294403316970e-12
2.829982514101770895e-12
2.893389656831622734e-12
2.958057661714829381e-12
3.023993534983773874e-12
3.091220036859035849e-12
3.160134662617387401e-12
3.230498235708596000e-12
3.302135722985781139e-12
3.375727385258848139e-12
3.451065871834652222e-12
3.528153617857858583e-12
3.606998141642427626e-12
3.687584455881725572e-12
3.769903984152722574e-12
3.853878083350252809e-12
3.939047638326772386e-12
4.025742740723609821e-12
4.113301052928325242e-12
4.201967304434630550e-12
4.292167329107374568e-12
4.383372097039506181e-12
4.475555291206167862e-12
4.568735641454966275e-12
4.662980330455605687e-12
4.758426320087070864e-12
4.855107192067111237e-12
4.952979150557321499e-12
5.053336321755716709e-12
5.155828954555106781e-12
5.260188872572294960e-12
5.367179753750921184e-12
5.477294771148683327e-12
5.591386175222655252e-12
5.709503991892851429e-12
5.831757811047668483e-12
5.957313544249768161e-12
6.086192545207902996e-12
6.218400591813169498e-12
6.354086399297816941e-12
6.493273775409916073e-12
6.635950508787470133e-12
6.781822557605148769e-12
6.930190814972522462e-12
7.080938432231570986e-12
7.234021248235428491e-12
7.390458765602939551e-12
7.550492657374241637e-12
7.713078071924092326e-12
7.878658327569859238e-12
8.047342208888850123e-12
8.218053683980640342e-12
8.390506433176598279e-12
8.564571080545314159e-12
8.740345510183933711e-12
8.917726882568011560e-12
9.096544553184201206e-12
9.276819007179816115e-12
9.459234935588555540e-12
9.644310179681874002e-12
9.832144185519431276e-12
1.002399817275926613e-11
1.022039014637182460e-11
1.042169010352919784e-11
1.062866977160889397e-11
1.084221348747790533e-11
1.106168939697100147e-11
1.128639317927158022e-11
1.151504216207137808e-11
1.174587922374317175e-11
1.197987601368053796e-11
1.221694816389038207e-11
1.245702929283252430e-11
1.270019424073325338e-11
1.294631118988831749e-11
1.319557996370985280e-11
1.345035255306397008e-11
1.371368628905417804e-11
1.398791617261272429e-11
1.427341489169627943e-11
1.457370155014749066e-11
1.488688431337134000e-11
1.521305765472407781e-11
1.555222575052205864e-11
1.590402875310074037e-11
1.626766819240085051e-11
1.664183806699543036e-11
1.702417132236605953e-11
1.741382709794234003e-11
1.780946769625404871e-11
1.820541905424179636e-11
1.860571612395232304e-11
1.901046113613741948e-11
1.941965681395584055e-11
1.983349404035923909e-11
2.025295471743407292e-11
2.067840819786867091e-11
2.110814188010820504e-11
2.154247471278880790e-11
2.198164226321513532e-11
2.242682210781966908e-11
2.287753398026554908e-11
2.333511512288639243e-11
2.379978212629904253e-11
2.427175118427620465e-11
2.475054063121989054e-11
2.523627015507797005e-11
2.573145461677964389e-11
2.623627660098834575e-11
2.675189879287383463e-11
2.728006836282649599e-11
2.781881504098231281e-11
2.837292250357373858e-11
2.894253456551440577e-11
2.952881377115703341e-11
3.013301435569725205e-11
3.075632821208157934e-11
3.139987868234909073e-11
3.206518348484839751e-11
3.275452366476224220e-11
3.346973509636344333e-11
3.421658911494147770e-11
3.498669591815516931e-11
3.578670307157246478e-11
3.661680376678057706e-11
3.747699559735746191e-11
3.836699473841825427e-11
3.928760344792545556e-11
4.023953091893357494e-11
4.121505849019154576e-11
4.221113162427007634e-11
4.322257603223850600e-11
4.425067092850937295e-11
4.528762020063980700e-11
4.633672904840051912e-11
4.740050354940582649e-11
4.847847029050433744e-11
4.956890893873248342e-11
5.066995887416507837e-11
5.178720359950995139e-11
5.292044665696129438e-11
5.406979410920603021e-11
5.523620761558343933e-11
5.642097323999523304e-11
5.762071265346917597e-11
5.882084147777670199e-11
6.002902476127541458e-11
6.124639400173320934e-11
6.247432311589393587e-11
6.371478445237887430e-11
6.496981002971512238e-11
6.624138159080649973e-11
6.753186694877836264e-11
6.884560676411399423e-11
7.018621461462659322e-11
7.156937171738592827e-11
7.298480966884299875e-11
7.445008071275827560e-11
7.596640535507274142e-11
7.753412866174412269e-11
7.915546772035081972e-11
8.083480739144547569e-11
8.255790671898923037e-11
8.432385522973705434e-11
8.613235277109890901e-11
8.798580657182933101e-11
8.988653043649244245e-11
9.180740420063068479e-11
9.374790343384119717e-11
9.571537369140757903e-11
9.770691568824547046e-11
9.971790925875833607e-11
1.017639353152175508e-10
1.038458215349987520e-10
1.059636114398473701e-10
1.081149692694217546e-10
1.103060437803659656e-10
1.125470408365103171e-10
1.148395660235509654e-10
1.171598139939373817e-10
1.195176801390819637e-10
1.219155713758394244e-10
1.243510222518281300e-10
1.268206780061820620e-10
1.293209548767988805e-10
1.318477850080106722e-10
1.343958973568622849e-10
1.369654291326096515e-10
1.395555917318332111e-10
1.421869997596511465e-10
1.448555624320826154e-10
1.475546526583282542e-10
1.503136749172038002e-10
1.531412853853106935e-10
1.560465832119791120e-10
1.590513601649557044e-10
1.621461881202371388e-10
1.653307406567529979e-10
1.686093260945035611e-10
1.719837519779162984e-10
1.754506974242921177e-10
1.790192024389827453e-10
1.826604099307909193e-10
1.863631966337867158e-10
1.901460507011290325e-10
1.939957386806054592e-10
1.979307240025100921e-10
2.019609972986767149e-10
2.060953533972087346e-10
2.103445607517305638e-10
2.147116106940088118e-10
2.192023457143076881e-10
2.238268808270941976e-10
2.285991511739391244e-10
2.334754466407305086e-10
2.384715111779317242e-10
2.436124965354277993e-10
2.488965834012929609e-10
2.543171364327182972e-10
2.598651191098257360e-10
2.655442140473572898e-10
2.713512479684731437e-10
2.772807816572645344e-10
2.833269509161066668e-10
2.895053659804698433e-10
2.957947699260946897e-10
3.021604908063375532e-10
3.085590155589538819e-10
3.150374443244956936e-10
3.215941506148859516e-10
3.282484891649579386e-10
3.350054298696442715e-10
3.418499978769091914e-10
3.487830108403201461e-10
3.558127721068360188e-10
3.629504806540615753e-10
3.702148755721621837e-10
3.776652716797512977e-10
3.852720235588835365e-10
3.930164975315378776e-10
4.009664523124921429e-10
4.091245773566636628e-10
4.175165442453609935e-10
4.261468239395097279e-10
4.350124827372075087e-10
4.441044039338891721e-10
4.534104296345647279e-10
4.629280598225643456e-10
4.726404887239627988e-10
4.825798179778128841e-10
4.925719698827210643e-10
5.025937529600616598e-10
5.126799359541963170e-10
5.229185673266998383e-10
5.333255368207863674e-10
5.439099912664121668e-10
5.546798718788398779e-10
5.656263341295712314e-10
5.767610450299495050e-10
5.880895105084054413e-10
5.997155792957117813e-10
6.116690745462060617e-10
6.239246606601312076e-10
6.364026033944408984e-10
6.490927798556501136e-10
6.620935363003845492e-10
6.754320458040575268e-10
6.891579875678479449e-10
7.031638045170160363e-10
7.174392905570996254e-10
7.319753225365969387e-10
7.467674110299414388e-10
7.617952463963531590e-10
7.770520647972045923e-10
7.925498182029455104e-10
8.082021904615268662e-10
8.239711835443376956e-10
8.398296375385734714e-10
8.559793433634421349e-10
8.724415022852792794e-10
8.892449557735764859e-10
9.064159571518382248e-10
9.239902176468629380e-10
9.419984304433258879e-10
9.604865266832842031e-10
9.794541274017309395e-10
9.989569878176901944e-10
1.018902644710131059e-09
1.039188044597454916e-09
1.059762655150804132e-09
1.080715277509985591e-09
1.102089269145827575e-09
1.123892747329063768e-09
1.146132718878844950e-09
1.168799278945214060e-09
1.191937106748290839e-09
1.215581660379522259e-09
1.239906803528176492e-09
1.264947069803753713e-09
1.290758609972888751e-09
1.317227704894780581e-09
1.344293589061455011e-09
1.371930581120900388e-09
1.400288916329317456e-09
1.429467295290637015e-09
1.459379071317953460e-09
1.489915233102270380e-09
1.521000369096540528e-09
1.552632062932107033e-09
1.584811762610723888e-09
1.617554591353887080e-09
1.650846914428153861e-09
1.684703694182626237e-09
1.718972353490582693e-09
1.753547723468012192e-09
1.788325480209007337e-09
1.823689004877690955e-09
1.859663833219925509e-09
1.896286522194813824e-09
1.933594906865697157e-09
1.971636581793061312e-09
2.010490546252914758e-09
2.050260554573383255e-09
2.091015864391103012e-09
2.132898327574985361e-09
2.175952273401477208e-09
2.219857040420064930e-09
2.264569737013378628e-09
2.309890882727604458e-09
2.356162612561737519e-09
2.403418348406940148e-09
2.451662247970197711e-09
2.500842518083264402e-09
2.550937355364038659e-09
2.601857605468198216e-09
2.653782000099638586e-09
2.706775779615358795e-09
2.760945068062886753e-09
2.816547772859123267e-09
2.873312173713120118e-09
2.931241588170010704e-09
2.990569669272958618e-09
3.051704967289301557e-09
3.114922360380785151e-09
3.179799103485240562e-09
3.246321455156033543e-09
3.314463442658300583e-09
3.384184271983695315e-09
3.455441335541517162e-09
3.528162863664528262e-09
3.602278250321836490e-09
3.677451774805410001e-09
3.753194820547838730e-09
3.829173642342225602e-09
3.905554495443318234e-09
3.982226667328545417e-09
4.059634502710852597e-09
4.137812299314747154e-09
4.216780213874514709e-09
4.296573192336452006e-09
4.377260821369387756e-09
4.459131217353289780e-09
4.542356349643646965e-09
4.627277630531259395e-09
4.713807188032981847e-09
4.802075988053505207e-09
4.891779873098370293e-09
4.983025165687771083e-09
5.075703045008873970e-09
5.170722867801738025e-09
5.268142608699019651e-09
5.367858159296428071e-09
5.469868424413841793e-09
5.573928716317754310e-09
5.680409571111682538e-09
5.789379159987032806e-09
5.900792675116709264e-09
6.014607929347944129e-09
6.131028029488208244e-09
6.249351859984350308e-09
6.369371389684911279e-09
6.491039761152129541e-09
6.615156298425354371e-09
6.742469345574056791e-09
6.872982745883406670e-09
7.007229130055949730e-09
7.145259575781384651e-09
7.287140103005000088e-09
7.432909482985873742e-09
7.582456643300464518e-09
7.736011836678645234e-09
7.893672415407535140e-09
8.054580047746234885e-09
8.218010128461972419e-09
8.383977040521260561e-09
8.550985745972218903e-09
8.720332788697063186e-09
8.892025469525390064e-09
9.065928462383549996e-09
9.241952231239378078e-09
9.420027835540081278e-09
9.600358328176407062e-09
9.782952010672908194e-09
9.968186543228975186e-09
1.015494745902055304e-08
1.034425933850094769e-08
1.053495709648068159e-08
1.072723486205625367e-08
1.092144220783965487e-08
1.111698651398814219e-08
1.131609760312647791e-08
1.151886585482579968e-08
1.172569060950458074e-08
1.193654409564403699e-08
1.215292538884618817e-08
1.237510632562981154e-08
1.260333894646177971e-08
1.283779799075953627e-08
1.307869649310221041e-08
1.332729805332725696e-08
1.358203698489366933e-08
1.384278738272172266e-08
1.410917634677184489e-08
1.438284951512110362e-08
1.466454650285536493e-08
1.495416049972358533e-08
1.525189493137481946e-08
1.555806415833913451e-08
1.587326297563100146e-08
1.619749007891096918e-08
1.653048141939822020e-08
1.687252976646035794e-08
1.722421560377242185e-08
1.758415139893806796e-08
1.795155975880381428e-08
1.832679597478844524e-08
1.870932610553907472e-08
1.909829369579761743e-08
1.949518528174624944e-08
1.989964495676335757e-08
2.031153745037049002e-08
2.073056325702343447e-08
2.115679598280900637e-08
2.159000206899097987e-08
2.203144418774615950e-08
2.247823717131974633e-08
2.293022685629008441e-08
2.338764438108023519e-08
2.384870867419931567e-08
2.431401497755876206e-08
2.478421600314310582e-08
2.525787667914187554e-08
2.573911560292685636e-08
2.622818028238612976e-08
2.672425956913030277e-08
2.723045381669857499e-08
2.774754935149639536e-08
2.827605772808901021e-08
2.881583474164529137e-08
2.936696478620783156e-08
2.992952747914010365e-08
3.050592501286596187e-08
3.109240449908992562e-08
3.168847950420567533e-08
3.229283857033480338e-08
3.290566168763941033e-08
3.352433909570392518e-08
3.415053775368746853e-08
3.478477402813354179e-08
3.542739404101836793e-08
3.607909344472895286e-08
3.674074726319648967e-08
3.741454475843866912e-08
3.810191294156679823e-08
3.880489558239815462e-08
3.952398452704991820e-08
4.026243754197275130e-08
4.101874432637959156e-08
4.179325981546620208e-08
4.258437181129152698e-08
4.339420211320238282e-08
4.422537970789019551e-08
4.507560560976300046e-08
4.594424053477989071e-08
4.683122781526322344e-08
4.773691539943593105e-08
4.866427473533464586e-08
4.960823386683019974e-08
5.056831301385099089e-08
5.154540588720761676e-08
5.253504966419333441e-08
5.353240848278189016e-08
5.453660625513134045e-08
5.554664814129483779e-08
5.655409686568364880e-08
5.756771895608351500e-08
5.858451266806514398e-08
5.961028562630024146e-08
6.064611129921002594e-08
6.169395134310873842e-08
6.275696269235749676e-08
6.383754473332369003e-08
6.493875833867124030e-08
6.606429862574119335e-08
6.722575228573721723e-08
6.841649253151821027e-08
6.963858365667199536e-08
7.089681599219396645e-08
7.219512083921597547e-08
7.353237121407149248e-08
7.491487151707459922e-08
7.634273850795926597e-08
7.781576599770545224e-08
7.933299835075604477e-08
8.089298708315112104e-08
8.249630731188912652e-08
8.414411886566744065e-08
8.583029967313752751e-08
8.754960754429482573e-08
8.930147033671421570e-08
9.107790239651936825e-08
9.287579026732056392e-08
9.469168280521724315e-08
9.652300415582127758e-08
9.837788366346085173e-08
1.002599574456546875e-07
1.021684204712787097e-07
1.041070705095195631e-07
1.060813543940318614e-07
1.080933172633661533e-07
1.101486404888522081e-07
1.122393230979261114e-07
1.143694169914507117e-07
1.165415360294343651e-07
1.187447507547872496e-07
1.209725430161159572e-07
1.232227030441881461e-07
1.254929505475259631e-07
1.277602546111344257e-07
1.300450935557572863e-07
1.323441337899487663e-07
1.346692929678865495e-07
1.370208556204796091e-07
1.394000764355409817e-07
1.418108913860486330e-07
1.442561725166454764e-07
1.467379598322449798e-07
1.492597673668302524e-07
1.518467761699465509e-07
1.544831871710393358e-07
1.571728881201818964e-07
1.599285522756561972e-07
1.627562986634557091e-07
1.656452401238678175e-07
1.686201214235031851e-07
1.716856240654711260e-07
1.748459257852508094e-07
1.781038370358159235e-07
1.814598307322887592e-07
1.849203834419617581e-07
1.884830112768206321e-07
1.921355552590622951e-07
1.958718392550406876e-07
1.997025279185032081e-07
2.036023752276252644e-07
2.075659663980466459e-07
2.115835804255786108e-07
2.156399705309866253e-07
2.197223060872717223e-07
2.238379056665664056e-07
2.279900383455019310e-07
2.321794228324869030e-07
2.364119491067229881e-07
2.406918001375464887e-07
2.450366576829368034e-07
2.494170385513993059e-07
2.538398878066174739e-07
2.583178253798320707e-07
2.628589912976985754e-07
2.674464528740343690e-07
2.720798866535678645e-07
2.767630382183574774e-07
2.814964442384291247e-07
2.862561689926236633e-07
2.910795394945674552e-07
2.960012263882969006e-07
3.010252176854615749e-07
3.061546707807075393e-07
3.113936130015262091e-07
3.167457987796515074e-07
3.222121474923662539e-07
3.277938024500827885e-07
3.334896219809892545e-07
3.393338350768914772e-07
3.452831795051932896e-07
3.513421976516383252e-07
3.575317118710932478e-07
3.638721668460944454e-07
3.703252133241677749e-07
3.769267624006607531e-07
3.837091883693005470e-07
3.906838855303390934e-07
3.978715154670495649e-07
4.052843569349125219e-07
4.129142333317891704e-07
4.207586040461559722e-07
4.288004146598755593e-07
4.370239865920677568e-07
4.454728661712322085e-07
4.541161426788472238e-07
4.629267402607123040e-07
4.718977635094849398e-07
4.809930048658929423e-07
4.901710716874082865e-07
4.994300918725186122e-07
5.088242451734771843e-07
5.183507669338215366e-07
5.280133881018735353e-07
5.378262326097549138e-07
5.477916348925975048e-07
5.579347547144585868e-07
5.682029944454058967e-07
5.786169514143619863e-07
5.892014597104128927e-07
5.999665701986248224e-07
6.108660656046141126e-07
6.219116030505905050e-07
6.331114076146873674e-07
6.444623129597009396e-07
6.558986741744208105e-07
6.675241949766961731e-07
6.794021800594645475e-07
6.915438196490975406e-07
7.039621722709502253e-07
7.166698595405519581e-07
7.296771453882904641e-07
7.429912806705983623e-07
7.566130993120211714e-07
7.705418643462197426e-07
7.848607099347732581e-07
7.994600649841418599e-07
8.143485342836757401e-07
8.295700907855934043e-07
8.451368696865379722e-07
8.609575513275339409e-07
8.770321492097862110e-07
8.935116453064962217e-07
9.103801429214843530e-07
9.276320588608845331e-07
9.452522170374036705e-07
9.632259468490938196e-07
9.815312224220437092e-07
1.000107023950905366e-06
1.018922749063095842e-06
1.038051752763118197e-06
1.057475371551481083e-06
1.077023804861239569e-06
1.096697818438061663e-06
1.116484254607715516e-06
1.136309363997122534e-06
1.156132483370878059e-06
1.175982573402077688e-06
1.195963126553308954e-06
1.216083341944126128e-06
1.236382615706784693e-06
1.256886494684708097e-06
1.277697619339356979e-06
1.298689628119049440e-06
1.319888123724448502e-06
1.341378957446334257e-06
1.363215405682488547e-06
1.385402310463497295e-06
1.407876474782184845e-06
1.430675728106889799e-06
1.453820470739221206e-06
1.477342295154376022e-06
1.501069889627217576e-06
1.525405161258986062e-06
1.550417421694942250e-06
1.576135387890252564e-06
1.602589433663461439e-06
1.629795467450363411e-06
1.657768021401450599e-06
1.686524111587110909e-06
1.716066954674451839e-06
1.746406161551804407e-06
1.777676023405343693e-06
1.809674561207513072e-06
1.842403326010251986e-06
1.875995451407008046e-06
1.910485973789225920e-06
1.945680960604784732e-06
1.981343568605265662e-06
2.017703150233751831e-06
2.054795779241892113e-06
2.092590548096325542e-06
2.131057658504512041e-06
2.170155564315810888e-06
2.209825716000558307e-06
2.249905822883104262e-06
2.290346780017035723e-06
2.331334507645660124e-06
2.373097953724196521e-06
2.415390226966343153e-06
2.458155840453116391e-06
2.501403961694854334e-06
2.545107620817314479e-06
2.589142117078607316e-06
2.633513404694672249e-06
2.678427250307105361e-06
2.724011704371676984e-06
2.770270539482875629e-06
2.817271737700889246e-06
2.864999372260421488e-06
2.913578214396275789e-06
2.962713458347154265e-06
3.012451827340553635e-06
3.062940885080725109e-06
3.114195359242874812e-06
3.166057848186600556e-06
3.218425181269475211e-06
3.271327767644796159e-06
3.324768895539100738e-06
3.378834510283933686e-06
3.433168422137397661e-06
3.488628636318289624e-06
3.545426849214662563e-06
3.603647199797916375e-06
3.663395294939695834e-06
3.724757651042877772e-06
3.787850044845879951e-06
3.852806285294365567e-06
3.919839691044183168e-06
3.988938637587827646e-06
4.060406110505518208e-06
4.133709168532733883e-06
4.208674597412323045e-06
4.285342430889855800e-06
4.363856516479762925e-06
4.443652321802058527e-06
4.524251276301763852e-06
4.605587924512409434e-06
4.687820568336587495e-06
4.770922795938827737e-06
4.854862687910003657e-06
4.939643528620755327e-06
5.025255604002348269e-06
5.111572605165088360e-06
5.198369467506997877e-06
5.286151308716690111e-06
5.375313896508316780e-06
5.465807013154192359e-06
5.557236931323165253e-06
5.649644479782128379e-06
5.743073171184989769e-06
5.837390687272630258e-06
5.932647223527160749e-06
6.029094725108482724e-06
6.127480401605367399e-06
6.227926032813208065e-06
6.330620562226391418e-06
6.435815790431815029e-06
6.543700803791019690e-06
6.654571601935789713e-06
6.767829546213436263e-06
6.883699730775636036e-06
7.002209552136703900e-06
7.123200051204642437e-06
7.246058591261125216e-06
7.370739305174832859e-06
7.497159766505301672e-06
7.625248760636989231e-06
7.754989069873315875e-06
7.885514471977038753e-06
8.018851632858826491e-06
8.155670826821718048e-06
8.295891593903949275e-06
8.439535152376157037e-06
8.586554492467035087e-06
8.736943867841219906e-06
8.890675784183456001e-06
9.047658355994157934e-06
9.207835118692872821e-06
9.371820579631857782e-06
9.538111411277775341e-06
9.705971395511972557e-06
9.875526848873531231e-06
1.004717928058138175e-05
1.021943835370957098e-05
1.039167183514439749e-05
1.056311614279040968e-05
1.073516947378098116e-05
1.090777572318549102e-05
1.108091432307855176e-05
1.125467503848661141e-05
1.142910858773658948e-05
1.160417386527882394e-05
1.177955693253500199e-05
1.195696009962033584e-05
1.213722790318232778e-05
1.232132633898498552e-05
1.250805016684208162e-05
1.269764363219663115e-05
1.289036326904994268e-05
1.308641221257603875e-05
1.328565514101247884e-05
1.348880238695815976e-05
1.369699959077375432e-05
1.391143133249305455e-05
1.413224064547349474e-05
1.436000682652074626e-05
1.459504449328303898e-05
1.483863992678305813e-05
1.508940266366229329e-05
1.534743329971665043e-05
1.561317100545426761e-05
1.588621779581130669e-05
1.616567224311243545e-05
1.645079424750155541e-05
1.674062148768639991e-05
1.703423108436785116e-05
1.733101101684817718e-05
1.762935736048068828e-05
1.792770352269367357e-05
1.822938275532707809e-05
1.853423209314673638e-05
1.884211410474656966e-05
1.915285118105723304e-05
1.946592550192827983e-05
1.978207983954241884e-05
2.010158266722062399e-05
2.042465605782824452e-05
2.075155221312497024e-05
2.108528811269779128e-05
2.142262684882224164e-05
2.176391301163225502e-05
2.210938826955624075e-05
2.246105236097343394e-05
2.281717308161354061e-05
2.317682391821885077e-05
2.353848314605282572e-05
2.390645644701518203e-05
2.428094319964973569e-05
2.466206474139929605e-05
2.504983358177375360e-05
2.544422102561940955e-05
2.584523028464504233e-05
2.625107485841598145e-05
2.666394598579824220e-05
2.708524677009679080e-05
2.751696008857331191e-05
2.795526174891883379e-05
2.840039267935503156e-05
2.885256193636458468e-05
2.931210328587704000e-05
2.977799012386411594e-05
3.025019186461015404e-05
3.072953409939112128e-05
3.121970406382476560e-05
3.172183222696057337e-05
3.223742550000914504e-05
3.276849819726683559e-05
3.331474850563166190e-05
3.387821134909744679e-05
3.445447310321882476e-05
3.504454702388405386e-05
3.564852557164172384e-05
3.626558681024062334e-05
3.689163461602156750e-05
3.752516132610029631e-05
3.816389783598204120e-05
3.880555656454592748e-05
3.945003658421320815e-05
4.009500942264224697e-05
4.073853075318487315e-05
4.138855703682807892e-05
4.204511091993527294e-05
4.270844215251320253e-05
4.337899514178245866e-05
4.405715957502893314e-05
4.474372506082104994e-05
4.543897823808421357e-05
4.614340955018315682e-05
4.685729413646576243e-05
4.758752569196639492e-05
4.832729126437854860e-05
4.907768232677729828e-05
4.983947840475861995e-05
5.061749842333852453e-05
5.141158658021324144e-05
5.221851629588543934e-05
5.303600290938680051e-05
5.387323348840081835e-05
5.473178518858580976e-05
5.561164425990188360e-05
5.651242193921654782e-05
5.743382077452178407e-05
5.837573529692333379e-05
5.933384924283370559e-05
6.030882940784890552e-05
6.130451261453759065e-05
6.232401567835438869e-05
6.335932324441365874e-05
6.441204691898369181e-05
6.547968775040499429e-05
6.656143890164715159e-05
6.765463899632126921e-05
6.875440185706947077e-05
6.985910749644475253e-05
7.097179185812572369e-05
7.209673708784749961e-05
7.323319942294356701e-05
7.438170928573303018e-05
7.554103175142673802e-05
7.671422788731191043e-05
7.790605424061384078e-05
7.911105218856723795e-05
8.033400896791963500e-05
8.157660717058900005e-05
8.283555270219877570e-05
8.410681721436452229e-05
8.539039618714715642e-05
8.668565202259666844e-05
8.799179122758515122e-05
8.930902177903886721e-05
9.063076123145667208e-05
9.196250163739072266e-05
9.331859920073333242e-05
9.469968576368801856e-05
9.610689130531773709e-05
9.754083073001178976e-05
9.900287869682990953e-05
1.004933650945584282e-04
1.020125909386676810e-04
1.035606300530769085e-04
1.051404814888903837e-04
1.067569956856715454e-04
1.083976912286396062e-04
1.100636027899883681e-04
1.117549277554179011e-04
1.134778977806600198e-04
1.152364742149343215e-04
1.170155920019870136e-04
1.188127975563362410e-04
1.206477470909901313e-04
1.225274106676618919e-04
1.244525213757570958e-04
1.264190158777376389e-04
1.284257516833943393e-04
1.304713832315792339e-04
1.325492967940136897e-04
1.346544442989621793e-04
1.368010819980981514e-04
1.389908781409948386e-04
1.412033688468886160e-04
1.434312935174942888e-04
1.456714940485223024e-04
1.479264813192736555e-04
1.501918385602050922e-04
1.524615657234041060e-04
1.547296472768059815e-04
1.569988286978937710e-04
1.592866431872151775e-04
1.615947103250811015e-04
1.639246496918024976e-04
1.662833778030981392e-04
1.686741648315572624e-04
1.711154263568535265e-04
1.735913862798064934e-04
1.761102827959488146e-04
1.786795073589099588e-04
1.812984091827295132e-04
1.839502656501556806e-04
1.866341887607740222e-04
1.893516455447114195e-04
1.920995648633838963e-04
1.948791261945321618e-04
1.976762565737756356e-04
2.004858472931215986e-04
2.033600587463641417e-04
2.063005199391562911e-04
2.093089336986442620e-04
2.123878982737838043e-04
2.155402081259438199e-04
2.187667446623586982e-04
2.220681215469500109e-04
2.254443843371197386e-04
2.288969539249301752e-04
2.324594136677540681e-04
2.360733139441357445e-04
2.397372613419412098e-04
2.434484820704029961e-04
2.472027620965424710e-04
2.510006533832236943e-04
2.548558585137795018e-04
2.587106243408970646e-04
2.625487904617846042e-04
2.664038654023810669e-04
2.702705069716532151e-04
2.741554208070275090e-04
2.780588466841113038e-04
2.819807757725678013e-04
2.859248283171405810e-04
2.898898430421541954e-04
2.938604951780894592e-04
2.978944999266599559e-04
3.020087559063422801e-04
3.061685193737239330e-04
3.103758890216996771e-04
3.146341578650809758e-04
3.189453689142918592e-04
3.233082405085748227e-04
3.277223104060560197e-04
3.321820842433022606e-04
3.367030512905156087e-04
3.413321062739036490e-04
3.460715790264891779e-04
3.509237974294830698e-04
3.558924352651378570e-04
3.609897478158833641e-04
3.662197150400293955e-04
3.716300776195410210e-04
3.771590400358505149e-04
3.828158957515759406e-04
3.885898356092580054e-04
3.944343942631529259e-04
4.003402574756789126e-04
4.063082396008180545e-04
4.123395629104429868e-04
4.184294568661083144e-04
4.245931176844084613e-04
4.307708927512166183e-04
4.369598689484254775e-04
4.432509509793766938e-04
4.496413049357882359e-04
4.561304538690249492e-04
4.627252150554469058e-04
4.694224418843910497e-04
4.762165249361618763e-04
4.831001726248518378e-04
4.900513034475308029e-04
4.970876586949452740e-04
5.042779612157453689e-04
5.115349566033918893e-04
5.188660686082911290e-04
5.262750774166941340e-04
5.337607921578089521e-04
5.413189333883426874e-04
5.489936995104669187e-04
5.567376871506448353e-04
5.645407183105814655e-04
5.724675064785049753e-04
5.805190744497748393e-04
5.886912932384746455e-04
5.969785246775558126e-04
6.053813889103110699e-04
6.139049523880574927e-04
6.225574888815315396e-04
6.312969710329790086e-04
6.401736235420047707e-04
6.492071590405398048e-04
6.583385438216485860e-04
6.675716470546776832e-04
6.769133093051915009e-04
6.863559562833088708e-04
6.958999352975174264e-04
7.055447003785531197e-04
7.152336715264782105e-04
7.250067104970014465e-04
7.349640299726673117e-04
7.451117803606549083e-04
7.554692569849179784e-04
7.660630273138161264e-04
7.768651195747955504e-04
7.879030102606979528e-04
7.991766689903221981e-04
8.107639212643322256e-04
8.225767849225461151e-04
8.345732193689311355e-04
8.466409839941552119e-04
8.587633357876973614e-04
8.709164224232775718e-04
8.830740623186412097e-04
8.952626456759529925e-04
9.074686049294404490e-04
9.196839787013830897e-04
9.317192647969989045e-04
9.439289017518969144e-04
9.563209257467593935e-04
9.689107420542078129e-04
9.817097243179947856e-04
9.947274840805477199e-04
1.007970500268395679e-03
1.021439459687478258e-03
1.035137806332800869e-03
1.049083167816827408e-03
1.063398037922004633e-03
1.077882971611620212e-03
1.092550056643816232e-03
1.107420011131743333e-03
1.122500840334694425e-03
1.137781412998111657e-03
1.153208611241999040e-03
1.168852470230257465e-03
1.184746000000257799e-03
1.200858807129952677e-03
1.217238203243516245e-03
1.233877293936119562e-03
1.250769124211679887e-03
1.267904311767757914e-03
1.285284705262200455e-03
1.302932648352528268e-03
1.320917673254295641e-03
1.339211863362011964e-03
1.357788010217399373e-03
1.376622029550490182e-03
1.395662469628192225e-03
1.414911924526705226e-03
1.434337461066577651e-03
1.453924911452913245e-03
1.473670399438376313e-03
1.493565019568867877e-03
1.513382588317004236e-03
1.533323396867364123e-03
1.553506902051792491e-03
1.573991940953843767e-03
1.594786027721804833e-03
1.615898032647760307e-03
1.637366801072154916e-03
1.659244861116603194e-03
1.681567338686373566e-03
1.704343509971221592e-03
1.727958829618513135e-03
1.751856390469785398e-03
1.775913759942717536e-03
1.800123487137617832e-03
1.824451773052934971e-03
1.848893315637955984e-03
1.873442732467968559e-03
1.898058504902889456e-03
1.922557616751039864e-03
1.946893587431100612e-03
1.971249419602636062e-03
1.995952767448972050e-03
2.021013411218929457e-03
2.046444536072184600e-03
2.072284545589523838e-03
2.098528109766163718e-03
2.125195653358028999e-03
2.152307508418704711e-03
2.180032307159742670e-03
2.208430534539256116e-03
2.237177554951281459e-03
2.266296206109852385e-03
2.295853047250179940e-03
2.326006259644930810e-03
2.356613451965349285e-03
2.387504464417024731e-03
2.418633102981405415e-03
2.450081987716588427e-03
2.482168415410940764e-03
2.514778403231313856e-03
2.547779708361275902e-03
2.581147289129436320e-03
2.614809359721781933e-03
2.648602039337782064e-03
2.682663846854214419e-03
2.717174950104443189e-03
2.752165182619873644e-03
2.787534639024801322e-03
2.822931228012593927e-03
2.858461757176843001e-03
2.894203494769884925e-03
2.930141328231492589e-03
2.966294529705656470e-03
3.002682308441960348e-03
3.039325326621608071e-03
3.076125847992410532e-03
3.112774423350146615e-03
3.150039976955733203e-03
3.187974171236272226e-03
3.226588662186290028e-03
3.265936290822217102e-03
3.306053018967219058e-03
3.346941318735502813e-03
3.388608285516770801e-03
3.431173645629339956e-03
3.474765660701919709e-03
3.519733068811425458e-03
3.565683769497726436e-03
3.611981331396718446e-03
3.658634171093104546e-03
3.705568818932932114e-03
3.752744835493065922e-03
3.800187883164678985e-03
3.847809895612074732e-03
3.895261170887313103e-03
3.942800199610359269e-03
3.990728485491109798e-03
4.038679851118338882e-03
4.087262961803620614e-03
4.136436399932140635e-03
4.186265358721640711e-03
4.236781465415729621e-03
4.287963853643674515e-03
4.339913580108704927e-03
4.392879253266062343e-03
4.446611152126081316e-03
4.500808392878378507e-03
4.555499617628879644e-03
4.610719690184126966e-03
4.666517190014510437e-03
4.722835037596700807e-03
4.779646301794026643e-03
4.836684048816931349e-03
4.893969283604274363e-03
4.951920643541576211e-03
5.011560682925883352e-03
5.072643918257810011e-03
5.134554141174980067e-03
5.197277158827872008e-03
5.260799543414409855e-03
5.325184846048632362e-03
5.390473062941100041e-03
5.456933152369320035e-03
5.524519791061804040e-03
5.592805059296281599e-03
5.660620672671720296e-03
5.728180800721806819e-03
5.796115455914754855e-03
5.864459641759489986e-03
5.933241828861807871e-03
6.002490487827498097e-03
6.072257847799506121e-03
6.141136358674356005e-03
6.211214948681316288e-03
6.282620354679686707e-03
6.355674867341573955e-03
6.430679026573245249e-03
6.507249884859406773e-03
6.585385070936296791e-03
6.665057443436676540e-03
6.746236975962211294e-03
6.828935544704025327e-03
6.914854308477479464e-03
7.001974971243505111e-03
7.090234740309509821e-03
7.180207017831574841e-03
7.270325284510026007e-03
7.360848125802720368e-03
7.451610035739074031e-03
7.542312671895441863e-03
7.632688406735604718e-03
7.722669445164593270e-03
7.812920157815386735e-03
7.903733851016600531e-03
7.995065885867659594e-03
8.086176322573745967e-03
8.178372477423347109e-03
8.271774931297451450e-03
8.366540791414977390e-03
8.462973242657817821e-03
8.561358936123057359e-03
8.661740917894011904e-03
8.763197102338941488e-03
8.865413032744549199e-03
8.968397723426668744e-03
9.071996057884506789e-03
9.176144861378021655e-03
9.280895822100218573e-03
9.386440709891521669e-03
9.491918030992084129e-03
9.597270496166978790e-03
9.704592387898943601e-03
9.814117364224321516e-03
9.926753370289816136e-03
1.004320343602822449e-02
1.016205529737800733e-02
1.028356177630874654e-02
1.040786485804922473e-02
1.053411751312939917e-02
1.066319403164196593e-02
1.079503374790144639e-02
1.092748040595979860e-02
1.106028906248905999e-02
1.119234118845747854e-02
1.132293749800187405e-02
1.145365040432697740e-02
1.158429717528669523e-02
1.171470776774077155e-02
1.184499277573012807e-02
1.197310566443115544e-02
1.210299489047325823e-02
1.223474151684685214e-02
1.236837591836866847e-02
1.250414816138824964e-02
1.264199421510104129e-02
1.278196976415741336e-02
1.292413380144891849e-02
1.306852860466901564e-02
1.321576472966681619e-02
1.336795986699017974e-02
1.352153661533739976e-02
1.367692201091898381e-02
1.383419111570994425e-02
1.399339721714330798e-02
1.415614551054102631e-02
1.431884901951136109e-02
1.448051935096453073e-02
1.464102292688533591e-02
1.480029548726856728e-02
1.495953550810975863e-02
1.511992526195891050e-02
1.528105744458630767e-02
1.544296276402866604e-02
1.560562913879389065e-02
1.576758130996237448e-02
1.593255122735232759e-02
1.610173890916839420e-02
1.627598478836405835e-02
1.645456197231791665e-02
1.663559313937380477e-02
1.681770080642595519e-02
1.700050231315736182e-02
1.718394842428370289e-02
1.736803407565206542e-02
1.755277136807523869e-02
1.773804537563002451e-02
1.792366933002257495e-02
1.810418854901463259e-02
1.828667012539030717e-02
1.847263266612252444e-02
1.866215538693487275e-02
1.885569734365949435e-02
1.905397341416549886e-02
1.925886316422340677e-02
1.946882016773463647e-02
1.968137928455989880e-02
1.989638767194570890e-02
2.011853621837354084e-02
2.034150489279478585e-02
2.056440984300604916e-02
2.078714252852668226e-02
2.100946064988119810e-02
2.123007402203400465e-02
2.144700384689091424e-02
2.166172045496134527e-02
2.187522972256932680e-02
2.208620858500180348e-02
2.229549375576859310e-02
2.250714308293565863e-02
2.272121142988176024e-02
2.293787513072320303e-02
2.315739324293029228e-02
2.338040040205160291e-02
2.360712505149354865e-02
2.383800447863086008e-02
2.407474416778080870e-02
2.431902159494687965e-02
2.457108353000285808e-02
2.482825227729204901e-02
2.508809126009664547e-02
2.535104959127797500e-02
2.561730510269486644e-02
2.588634318376757670e-02
2.615823790777033545e-02
2.643431736635936183e-02
2.670767187738221429e-02
2.697815132900821533e-02
2.724907383311532885e-02
2.752047364991897990e-02
2.779476706232443528e-02
2.807129050486503394e-02
2.834977575910643116e-02
2.863065544910940730e-02
2.891370363238013330e-02
2.919720836733997321e-02
2.948781045750248353e-02
2.978513739309692973e-02
3.008437185770545044e-02
3.038382445105652224e-02
3.068344787110871899e-02
3.098330044192800989e-02
3.128336745719143691e-02
3.158362283290071237e-02
3.188404048505754512e-02
3.218459432966358502e-02
3.247280093604578560e-02
3.276472249936315806e-02
3.306134550508188497e-02
3.336332523582163229e-02
3.367091698514357301e-02
3.398402832660020467e-02
3.430298427241377374e-02
3.462828558904590404e-02
3.496466232207251501e-02
3.531323048817922028e-02
3.567958366626175493e-02
3.604847081581707968e-02
3.641966160520556522e-02
3.679573643016630785e-02
3.717341795976319280e-02
3.755172449628386977e-02
3.792909048698527019e-02
3.830228998670773266e-02
3.866596358212789214e-02
3.901911404903329189e-02
3.936872394767614025e-02
3.972005135990422375e-02
4.007491491651187648e-02
4.043042666021282733e-02
4.078969409428281206e-02
4.115384387073033057e-02
4.152416905792484514e-02
4.190334244106436873e-02
4.229189955454735333e-02
4.268978452848002508e-02
4.309695742185239153e-02
4.350770016055323375e-02
4.391957558469001405e-02
4.433170569220813012e-02
4.474411968865809469e-02
4.515684677959039273e-02
4.557168529645219679e-02
4.598918593975834940e-02
4.640801531279645925e-02
4.681697681180603532e-02
4.723565111557307544e-02
4.765737513579113016e-02
4.808255058299750612e-02
4.851221490616784010e-02
4.894646806719835097e-02
4.938537862475091134e-02
4.982694362530883797e-02
5.027039843873183644e-02
5.071757990429197338e-02
5.118023470483642340e-02
5.163899213845547093e-02
5.210072527033188933e-02
5.256720211055147113e-02
5.303796233654747838e-02
5.351326110908230516e-02
5.398851255708573410e-02
5.446396466724969659e-02
5.493856864855486966e-02
5.540444440034730800e-02
5.586075783149542506e-02
5.632079167217272225e-02
5.678653131756758454e-02
5.725622045837407831e-02
5.773081968887638221e-02
5.821021297822370072e-02
5.869902058053353550e-02
5.919733127844307302e-02
5.970664486120545039e-02
6.023461649537219242e-02
6.078649100167398539e-02
6.135294214292631026e-02
6.192525265405772472e-02
6.249535522741966886e-02
6.306209117919098217e-02
6.362244633104695291e-02
6.417609976578321496e-02
6.471976508085693081e-02
6.524939194370450724e-02
6.576447005662372502e-02
6.625969946522033971e-02
6.674617975416886895e-02
6.723060707284690685e-02
6.772101041156107504e-02
6.821790015168838206e-02
6.872403359038956050e-02
6.923995868422117006e-02
6.976898614483510730e-02
7.031513488512020071e-02
7.087772751916657232e-02
7.145631281737943596e-02
7.203707213310450719e-02
7.262043676290400041e-02
7.320682552504044482e-02
7.380456767371360027e-02
7.440370997752424054e-02
7.500175218174981451e-02
7.559858910358312201e-02
7.619494944486840393e-02
7.675727085828271123e-02
7.733370099353262250e-02
7.792289054287473982e-02
7.852373281231647684e-02
7.914812406425246472e-02
7.976529585663025279e-02
8.038502465182416346e-02
8.100928616511453295e-02
8.163786377010927298e-02
8.226976268454876118e-02
8.293943543927789763e-02
8.359934901233213866e-02
8.424921362712432804e-02
8.488910176715210032e-02
8.550623839969932749e-02
8.612257913404532117e-02
8.673353691418468625e-02
8.733164085873812432e-02
8.791625472397754382e-02
8.848682088658953171e-02
8.904278172326056395e-02
8.959128439924930742e-02
9.014564835413410582e-02
9.070621841013697118e-02
9.127337988661919643e-02
9.184754172945648609e-02
9.243339313098138110e-02
9.303931902172800361e-02
9.366645002531019670e-02
9.431650309355665840e-02
9.499043172591692397e-02
9.568102117435473009e-02
9.637285994473826500e-02
9.707319626684290936e-02
9.779577482577031522e-02
9.854788091888327939e-02
9.928846840455177181e-02
1.000154829035688336e-01
1.007283803811934997e-01
1.014014561565156625e-01
1.020338169404892414e-01
1.026646190991448299e-01
1.032959115167153691e-01
1.039202949519997254e-01
1.045234116560293663e-01
1.050965983881915200e-01
1.056806561221558111e-01
1.062765821563410595e-01
1.068842831139692473e-01
1.075281613158019511e-01
1.082085711431159114e-01
1.088862807810248717e-01
1.095611899853379256e-01
1.102299684051111089e-01
1.108927446862691957e-01
1.115500148791631063e-01
1.122011544028335556e-01
1.128458810396024276e-01
1.134666575384337267e-01
1.140605737946562837e-01
1.146268668259493445e-01
1.151968482269865174e-01
1.157781950667351595e-01
1.163761924073614118e-01
1.169917374257574971e-01
1.176258608710007147e-01
1.182795813481891528e-01
1.189758890385197720e-01
1.196922721011051544e-01
1.204316942022613801e-01
1.211971986730586565e-01
1.219580563084223385e-01
1.227067717617064541e-01
1.234399898950331864e-01
1.241705934336310990e-01
1.248748812801141611e-01
1.255484221165362735e-01
1.261606363218733262e-01
1.267421359233719680e-01
1.272927388778039570e-01
1.278100363548363982e-01
1.283260365819508808e-01
1.288459010206398081e-01
1.293709702335417711e-01
1.298877435658134516e-01
1.304195680879979558e-01
1.309692583436044000e-01
1.315430698699691925e-01
1.321503325431056530e-01
1.327908974277480780e-01
1.334643845481385538e-01
1.341379572829823341e-01
1.348060268271294992e-01
1.354683071790700744e-01
1.361245123372940291e-01
1.367743563002914164e-01
1.374188158141460836e-01
1.380806947188284450e-01
1.387612730664075644e-01
1.393784945304211986e-01
1.399517913064149410e-01
1.405226762544267982e-01
1.410913220107300470e-01
1.416579012115979086e-01
1.422225864933036044e-01
1.427860598566076111e-01
1.433491070079588037e-01
1.438905228064346342e-01
1.444091169675082442e-01
1.449872058133696850e-01
1.456058481846936870e-01
1.462304946449729803e-01
1.468620727138608417e-01
1.475241989767114292e-01
1.481742196248945764e-01
1.487943465343364580e-01
1.493784844283858604e-01
1.499260983562925309e-01
1.504366533673062722e-01
1.509096145106767484e-01
1.513444468356537898e-01
1.517599039268918981e-01
1.521718461486720186e-01
1.525566582286771167e-01
1.529569952885744544e-01
1.533914621201645234e-01
1.538702655082034854e-01
1.543939105462261985e-01
1.549598176867651445e-01
1.555669577865087805e-01
1.562157318900532221e-01
1.569177153298922378e-01
1.575904237677253628e-01
1.582334588749731707e-01
1.588464223230563466e-01
1.594275910642187211e-01
1.599718435046373899e-01
1.604787565391655735e-01
1.609509697511203319e-01
1.612868986563936735e-01
1.615713796137493996e-01
1.618093400624250056e-01
1.620662920048445144e-01
1.623424480046081197e-01
1.626380206253160432e-01
1.629532224305684784e-01
1.632890304692835026e-01
1.636480935163712735e-01
1.640306610528262932e-01
1.645396562229120563e-01
1.650901511401125232e-01
1.656538851616730923e-01
1.662445315509458454e-01
1.668142320186041250e-01
1.673587154342465744e-01
1.678777446745988999e-01
1.683586457241225132e-01
1.687878174489300109e-01
1.691648421386572065e-01
1.694893020829399966e-01
1.697607795714140833e-01
1.700135345163758804e-01
1.702723142656868693e-01
1.705853252669212450e-01
1.709035960077482375e-01
1.712218348855155947e-01
1.715518440768778741e-01
1.719046811508460615e-01
1.722806414993623414e-01
1.726800205143688149e-01
1.730961523121449241e-01
1.734805296630747840e-01
1.737944730788449632e-01
1.740373755241080012e-01
1.742622207644960175e-01
1.744742786488354680e-01
1.746733976535927435e-01
1.748594262552342626e-01
1.749968082766623911e-01
1.750653378029063401e-01
1.750702261501658752e-01
1.750887574088176857e-01
1.751326130499996636e-01
1.752019097622548038e-01
1.752967642341260734e-01
1.754172931541564950e-01
1.755636132108890912e-01
1.757398363706085265e-01
1.759869683863646561e-01
1.763251328027314324e-01
1.767597469806803101e-01
1.772380401348942203e-01
1.776938872790596591e-01
1.781273036859221948e-01
1.785383046282276176e-01
1.790218511032897197e-01
1.794443386709854982e-01
1.797990245016521105e-01
1.800362130268072236e-01
1.801558534314123272e-01
1.801541451285236517e-01
1.800473800447073836e-01
1.799328186024112264e-01
1.798105614864513035e-01
1.796807093816437384e-01
1.794484172482363749e-01
1.792474054839140740e-01
1.790805375981596448e-01
1.789921407060743874e-01
1.789824291156647262e-01
1.790516171349371688e-01
1.791548513473917859e-01
1.792434892863572493e-01
1.793172891536066738e-01
1.793760091509132570e-01
1.794194074800501415e-01
1.794426996492958781e-01
1.794217283724633683e-01
1.793556197186450540e-01
1.792434997569334887e-01
1.790844945564211699e-01
1.788823095370176142e-01
1.787163545875024295e-01
1.785879734871596292e-01
1.784973498836442962e-01
1.784446674246115416e-01
1.784560619938690695e-01
1.785747913690510225e-01
1.788312815554249091e-01
1.791942165823101618e-01
1.795587874518316529e-01
1.799254942690874381e-01
1.802208925574419751e-01
1.804437875424780013e-01
1.805941445814072954e-01
1.806719290314414972e-01
1.806556967071342723e-01
1.805262543236785255e-01
1.802539570133542546e-01
1.797924312425192017e-01
1.792030134423527321e-01
1.786000395290759657e-01
1.780337279029695075e-01
1.775042786076667933e-01
1.770118916868012038e-01
1.765567671840061470e-01
1.761391051429149757e-01
1.757591056071610702e-01
1.754169686203777556e-01
1.751913648680687996e-01
1.751267480981107960e-01
1.751089824379159499e-01
1.750880495308370643e-01
1.750498947782686832e-01
1.749928148138259199e-01
1.749078522518235090e-01
1.747945276642040580e-01
1.746523616229099241e-01
1.744808746998836868e-01
1.742795874670677592e-01
1.740480204964046096e-01
1.739137003115653335e-01
1.737147943684015372e-01
1.735294464116610147e-01
1.733593251505735622e-01
1.732133533136689385e-01
1.730919756718494185e-01
1.730492641584090996e-01
1.729912572557520678e-01
1.729183843489656425e-01
1.728310748231372262e-01
1.726017521116255671e-01
1.723921987156089575e-01
1.721382754459747366e-01
1.718399669169080046e-01
1.714972577425939726e-01
1.711101325372177129e-01
1.706249487525725028e-01
1.701360972913416314e-01
1.696435781535251264e-01
1.688171568569591385e-01
1.680356079895268528e-01
1.672990583686677912e-01
1.666076348118213091e-01
1.659614641364269005e-01
1.653606731599240043e-01
1.648053886997521422e-01
1.642957375733506142e-01
1.638318465981589700e-01
1.634138425916165926e-01
1.633720868533268256e-01
1.633279316128458669e-01
1.633022134274950410e-01
1.633020841778221321e-01
1.633137884835480502e-01
1.633325301395646134e-01
1.632864566167581688e-01
1.631598977374689452e-01
1.629525741701620678e-01
1.626642065833024953e-01
1.622945156453553806e-01
1.618432220247856268e-01
1.612993419802982720e-01
1.607177684922979077e-01
1.601559804474508020e-01
1.595878137841537092e-01
1.590381683775439758e-01
1.585226948091536248e-01
1.580416528143898658e-01
1.575953021286600475e-01
1.571839024873714075e-01
1.568077136259312110e-01
1.564568631321855974e-01
1.560692865490543590e-01
1.556012407740227088e-01
1.550836664776743534e-01
1.545634967178579344e-01
1.540407314945735628e-01
1.535153708078211277e-01
1.529874146576006566e-01
1.522843307750031683e-01
1.514026602776579467e-01
1.505760488050567614e-01
1.498100016976701698e-01
1.491046462499624747e-01
1.484601097563981731e-01
1.478765195114416509e-01
1.473540028095573218e-01
1.470583429662719321e-01
1.467578563032361783e-01
1.466250889267871615e-01
1.466635135567235237e-01
1.466394983909816430e-01
1.465475519265190540e-01
1.463875607062993522e-01
1.461436074713610700e-01
1.458113021904203499e-01
1.453903751687447843e-01
1.447149006905394664e-01
1.440164200338856504e-01
1.432947769610873057e-01
1.425498152344482350e-01
1.418682920418840032e-01
1.411067093701496855e-01
1.403454389720586726e-01
1.396137449927075946e-01
1.389159721142972925e-01
1.382523446824771018e-01
1.376230870428966080e-01
1.370284235412051466e-01
1.364685785230522197e-01
1.359437763340872185e-01
1.353673278943480218e-01
1.348827993250327484e-01
1.344098869812814234e-01
1.339351986278758955e-01
1.334587342648161368e-01
1.329804938921022028e-01
1.324840222250286692e-01
1.319398599109567749e-01
1.313479661423498368e-01
1.307083001116713106e-01
1.300208210113845408e-01
1.293715930428339655e-01
1.287242291871641409e-01
1.280787814375343170e-01
1.274353017871038274e-01
1.267938422290319500e-01
1.261709100411833873e-01
1.255960165693562058e-01
1.250692546142463113e-01
1.245907169765497341e-01
1.241604964569622688e-01
1.236925808472987970e-01
1.232234091595740960e-01
1.227530554901878207e-01
1.222815906741723663e-01
1.218088492021310448e-01
1.213346655646670991e-01
1.208588742523838272e-01
1.202895352916010241e-01
1.196207166118220394e-01
1.188522681985054175e-01
1.179840400371097442e-01
1.170666523063552261e-01
1.161674154276422233e-01
1.152862922370261334e-01
1.144234819149916316e-01
1.135791836420232820e-01
1.127535965986057459e-01
1.120386944295070769e-01
1.114404428763118571e-01
1.109590256246493906e-01
1.105946263601489954e-01
1.102966585751783829e-01
1.099977714230254700e-01
1.098956832632083658e-01
1.096637901037225832e-01
1.093020126362413552e-01
1.088102715524379149e-01
1.081884875439856064e-01
1.074365813025576349e-01
1.065544735198273307e-01
1.055420848874678991e-01
1.044854335057310707e-01
1.034380845242213465e-01
1.022023586419969488e-01
1.011048989096387102e-01
1.001458236940497015e-01
9.932525136213297967e-02
9.864330028079158763e-02
9.810008881692858229e-02
9.769573533744697891e-02
9.743035820924990376e-02
9.721797839066192992e-02
9.719088360237242152e-02
9.703400148045406015e-02
9.674721895043669750e-02
9.633042293785026855e-02
9.578350036822466662e-02
9.510633816708982669e-02
9.429882325997561432e-02
9.336084257241199225e-02
9.229228302992881217e-02
9.114427102735701836e-02
8.985950380145397987e-02
8.875307680674843214e-02
8.782512620831192662e-02
8.707578817121588988e-02
8.650519886053185947e-02
8.611349444133126196e-02
8.590081107868564880e-02
8.575193525845169196e-02
8.562327817972811839e-02
8.546366528486994130e-02
8.514453736258825733e-02
8.466582315946757920e-02
8.402745142209255835e-02
8.322935089704769362e-02
8.227145033091766424e-02
8.115367847028696902e-02
7.987596406174027330e-02
7.855358553107685826e-02
7.723019659085411659e-02
7.590579724107207604e-02
7.469639037160795414e-02
7.367143716996260583e-02
7.283104138502718983e-02
7.217530676569300363e-02
7.170433706085121983e-02
7.141823601939314980e-02
7.131710739020989676e-02
7.140105492219284145e-02
7.151453046968939131e-02
7.160843696131791170e-02
7.156678196141957882e-02
7.132011473671218127e-02
7.086834199252300959e-02
7.021137043417935431e-02
6.934910676700850596e-02
6.828145769633778284e-02
6.700832992749444772e-02
6.552963016580586053e-02
6.400091701114293818e-02
6.319337781059759795e-02
6.243481063347602195e-02
6.172525171909223896e-02
6.106473730676036105e-02
6.045330363579441701e-02
5.989098694550849811e-02
5.937782347521667475e-02
5.891384946423302432e-02
5.849910115187159643e-02
5.813361477744649619e-02
5.709534675878018273e-02
5.605653526588057906e-02
5.501718029874766436e-02
5.397728185738148027e-02
5.293683994178199209e-02
5.189585455194921371e-02
5.085432568788314511e-02
4.981225334958382794e-02
4.876963753705117199e-02
4.772647825028527441e-02
4.668277548928603804e-02
4.563852925405355310e-02
4.586229344157700949e-02
4.605336909508555426e-02
4.621175281651002109e-02
4.633744120778143100e-02
4.643043087083062459e-02
4.649071840758858126e-02
4.651830041998621101e-02
4.651317350995446548e-02
4.647533427942424078e-02
4.640477933032649549e-02
4.503295136760287337e-02
4.366054594995523452e-02
4.228756307738359282e-02
4.091400274988794827e-02
3.953986496746828005e-02
3.818293629988050997e-02
3.692408521356746465e-02
3.576335517733628122e-02
3.470078965999419396e-02
3.373643213034831917e-02
3.287032605720586337e-02
3.210251490937398450e-02
3.143304215565989601e-02
3.086195126487070381e-02
3.038928570581365257e-02
2.999730237753994722e-02
2.960517628241398844e-02
2.921290742043575195e-02
2.882049579160525510e-02
2.842794139592248401e-02
2.803524423338745603e-02
2.764240430400014686e-02
2.724942160776056346e-02
2.685629614466871623e-02
2.646302791472459823e-02
2.606961691792821639e-02
2.567606315427956726e-02
2.528236662377864735e-02
2.488852732642546015e-02
2.222250044754358472e-02
1.959580752999872874e-02
1.700846285047612899e-02
1.446048068566100145e-02
1.195187531223858290e-02
9.482661006894092803e-03
7.052852046312767936e-03
4.662462707179820809e-03
2.311507266180494718e-03
0.000000000000000000e+00
0.000000000000000000e+00
0.000000000000000000e+00
0.000000000000000000e+00
0.000000000000000000e+00
0.000000000000000000e+00
0.000000000000000000e+00
0.000000000000000000e+00
0.000000000000000000e+00
0.000000000000000000e+00
0.000000000000000000e+00
0.000000000000000000e+00
0.000000000000000000e+00
0.000000000000000000e+00
0.000000000000000000e+00
0.000000000000000000e+00
0.000000000000000000e+00
0.000000000000000000e+00
