-1.408895186388373777e-17
-1.357847431364020535e-17
-1.305545770408637844e-17
-1.252138225333331025e-17
-1.197624796138058170e-17
-1.166426245365367555e-17
-1.111402076063767359e-17
-1.056926083794364503e-17
-1.004071548683438006e-17
-9.531329992103538042e-18
-9.042854084702986717e-18
-8.577037495584513704e-18
-8.135365072795114441e-18
-7.718807257637556404e-18
-7.328321311435115040e-18
-6.964686063381476535e-18
-6.625981219150791123e-18
-6.302043582322268096e-18
-5.983255780883796590e-18
-5.667639937481299836e-18
-5.354413728602507342e-18
-5.042794830735197151e-18
-4.732000920367146537e-18
-4.421249673986085778e-18
-4.109758768079744385e-18
-3.797060147271379938e-18
-3.484416316091664781e-18
-3.173465046798970063e-18
-2.867246615495913792e-18
-2.571048548740428778e-18
-2.291195152196416565e-18
-2.032884211924860895e-18
-1.800132589778081474e-18
-1.593816086411989413e-18
-1.414211265855494879e-18
-1.261458856131477749e-18
-1.134531700842719825e-18
-1.032068591759704854e-18
-9.513058168086986073e-19
-8.872324134606482071e-19
-8.338006400805581369e-19
-7.860892746362979113e-19
-7.403580193044326658e-19
-6.960076374579309321e-19
-6.530381290967887619e-19
-6.114494942210034589e-19
-5.712417328305778157e-19
-5.324148449255153953e-19
-4.949688305058123459e-19
-4.589036895714666451e-19
-4.242194221224806042e-19
-3.909160281588573046e-19
-3.589935076805934241e-19
-3.284518606876873257e-19
-2.992910871801408870e-19
-2.715111871579567082e-19
-2.451121606211319966e-19
-2.200940075696668967e-19
-1.964567280035600363e-19
-1.742003219228150264e-19
-1.533247893274295319e-19
-1.338301302174035768e-19
-1.157163445927363186e-19
-9.898343245343046564e-20
-8.363139379948415210e-20
-6.966022863089737802e-20
-5.706993694766969802e-20
-4.586051874980164776e-20
-3.603197403729450315e-20
-2.758430281014688596e-20
-2.051514603308340361e-20
-1.476550898543265606e-20
-1.020585743183732036e-20
-6.698104023760520356e-21
-4.104161412666318815e-21
-2.285942250018783755e-21
-1.105359187282412773e-21
-4.243248759207412492e-22
-1.047519673978347973e-22
-8.553113177761837333e-24
0.000000000000000000e+00
0.000000000000000000e+00
0.000000000000000000e+00
0.000000000000000000e+00
0.000000000000000000e+00
0.000000000000000000e+00
0.000000000000000000e+00
0.000000000000000000e+00
0.000000000000000000e+00
0.000000000000000000e+00
0.000000000000000000e+00
0.000000000000000000e+00
0.000000000000000000e+00
0.000000000000000000e+00
0.000000000000000000e+00
0.000000000000000000e+00
0.000000000000000000e+00
0.000000000000000000e+00
0.000000000000000000e+00
0.000000000000000000e+00
0.000000000000000000e+00
0.000000000000000000e+00
0.000000000000000000e+00
0.000000000000000000e+00
0.000000000000000000e+00
0.000000000000000000e+00
0.000000000000000000e+00
0.000000000000000000e+00
0.000000000000000000e+00
0.000000000000000000e+00
0.000000000000000000e+00
0.000000000000000000e+00
0.000000000000000000e+00
0.000000000000000000e+00
0.000000000000000000e+00
0.000000000000000000e+00
0.000000000000000000e+00
0.000000000000000000e+00
0.000000000000000000e+00
0.000000000000000000e+00
0.000000000000000000e+00
0.000000000000000000e+00
0.000000000000000000e+00
0.000000000000000000e+00
0.000000000000000000e+00
0.000000000000000000e+00
0.000000000000000000e+00
0.000000000000000000e+00
0.000000000000000000e+00
0.000000000000000000e+00
0.000000000000000000e+00
0.000000000000000000e+00
0.000000000000000000e+00
0.000000000000000000e+00
0.000000000000000000e+00
0.000000000000000000e+00
0.000000000000000000e+00
0.000000000000000000e+00
0.000000000000000000e+00
0.000000000000000000e+00
0.000000000000000000e+00
0.000000000000000000e+00
0.000000000000000000e+00
0.000000000000000000e+00
0.000000000000000000e+00
0.000000000000000000e+00
0.000000000000000000e+00
0.000000000000000000e+00
0.000000000000000000e+00
0.000000000000000000e+00
0.000000000000000000e+00
0.000000000000000000e+00
0.000000000000000000e+00
0.000000000000000000e+00
0.000000000000000000e+00
0.000000000000000000e+00
0.000000000000000000e+00
0.000000000000000000e+00
0.000000000000000000e+00
0.000000000000000000e+00
0.000000000000000000e+00
0.000000000000000000e+00
0.000000000000000000e+00
0.000000000000000000e+00
0.000000000000000000e+00
0.000000000000000000e+00
0.000000000000000000e+00
0.000000000000000000e+00
0.000000000000000000e+00
0.000000000000000000e+00
0.000000000000000000e+00
0.000000000000000000e+00
0.000000000000000000e+00
0.000000000000000000e+00
0.000000000000000000e+00
0.000000000000000000e+00
0.000000000000000000e+00
0.000000000000000000e+00
0.000000000000000000e+00
0.000000000000000000e+00
0.000000000000000000e+00
0.000000000000000000e+00
0.000000000000000000e+00
0.000000000000000000e+00
0.000000000000000000e+00
0.000000000000000000e+00
0.000000000000000000e+00
0.000000000000000000e+00
0.000000000000000000e+00
0.000000000000000000e+00
0.000000000000000000e+00
0.000000000000000000e+00
0.000000000000000000e+00
0.000000000000000000e+00
0.000000000000000000e+00
0.000000000000000000e+00
0.000000000000000000e+00
0.000000000000000000e+00
0.000000000000000000e+00
0.000000000000000000e+00
0.000000000000000000e+00
0.000000000000000000e+00
0.000000000000000000e+00
0.000000000000000000e+00
0.000000000000000000e+00
0.000000000000000000e+00
0.000000000000000000e+00
0.000000000000000000e+00
0.000000000000000000e+00
0.000000000000000000e+00
0.000000000000000000e+00
0.000000000000000000e+00
0.000000000000000000e+00
0.000000000000000000e+00
0.000000000000000000e+00
0.000000000000000000e+00
0.000000000000000000e+00
0.000000000000000000e+00
0.000000000000000000e+00
0.000000000000000000e+00
0.000000000000000000e+00
0.000000000000000000e+00
0.000000000000000000e+00
0.000000000000000000e+00
0.000000000000000000e+00
0.000000000000000000e+00
0.000000000000000000e+00
0.000000000000000000e+00
0.000000000000000000e+00
0.000000000000000000e+00
0.000000000000000000e+00
0.000000000000000000e+00
0.000000000000000000e+00
0.000000000000000000e+00
0.000000000000000000e+00
0.000000000000000000e+00
0.000000000000000000e+00
0.000000000000000000e+00
0.000000000000000000e+00
0.000000000000000000e+00
0.000000000000000000e+00
0.000000000000000000e+00
0.000000000000000000e+00
0.000000000000000000e+00
0.000000000000000000e+00
0.000000000000000000e+00
0.000000000000000000e+00
0.000000000000000000e+00
0.000000000000000000e+00
0.000000000000000000e+00
0.000000000000000000e+00
0.000000000000000000e+00
0.000000000000000000e+00
0.000000000000000000e+00
0.000000000000000000e+00
0.000000000000000000e+00
0.000000000000000000e+00
0.000000000000000000e+00
0.000000000000000000e+00
0.000000000000000000e+00
0.000000000000000000e+00
0.000000000000000000e+00
0.000000000000000000e+00
0.000000000000000000e+00
0.000000000000000000e+00
0.000000000000000000e+00
0.000000000000000000e+00
0.000000000000000000e+00
0.000000000000000000e+00
0.000000000000000000e+00
0.000000000000000000e+00
0.000000000000000000e+00
0.000000000000000000e+00
0.000000000000000000e+00
0.000000000000000000e+00
0.000000000000000000e+00
0.000000000000000000e+00
0.000000000000000000e+00
0.000000000000000000e+00
0.000000000000000000e+00
0.000000000000000000e+00
0.000000000000000000e+00
0.000000000000000000e+00
0.000000000000000000e+00
0.000000000000000000e+00
0.000000000000000000e+00
0.000000000000000000e+00
0.000000000000000000e+00
0.000000000000000000e+00
0.000000000000000000e+00
0.000000000000000000e+00
0.000000000000000000e+00
0.000000000000000000e+00
0.000000000000000000e+00
0.000000000000000000e+00
0.000000000000000000e+00
0.000000000000000000e+00
0.000000000000000000e+00
0.000000000000000000e+00
0.000000000000000000e+00
0.000000000000000000e+00
0.000000000000000000e+00
0.000000000000000000e+00
0.000000000000000000e+00
0.000000000000000000e+00
0.000000000000000000e+00
0.000000000000000000e+00
0.000000000000000000e+00
0.000000000000000000e+00
0.000000000000000000e+00
0.000000000000000000e+00
0.000000000000000000e+00
0.000000000000000000e+00
0.000000000000000000e+00
0.000000000000000000e+00
0.000000000000000000e+00
0.000000000000000000e+00
0.000000000000000000e+00
0.000000000000000000e+00
0.000000000000000000e+00
0.000000000000000000e+00
0.000000000000000000e+00
0.000000000000000000e+00
0.000000000000000000e+00
0.000000000000000000e+00
0.000000000000000000e+00
0.000000000000000000e+00
0.000000000000000000e+00
0.000000000000000000e+00
0.000000000000000000e+00
0.000000000000000000e+00
0.000000000000000000e+00
0.000000000000000000e+00
0.000000000000000000e+00
0.000000000000000000e+00
0.000000000000000000e+00
0.000000000000000000e+00
0.000000000000000000e+00
0.000000000000000000e+00
0.000000000000000000e+00
0.000000000000000000e+00
0.000000000000000000e+00
0.000000000000000000e+00
0.000000000000000000e+00
0.000000000000000000e+00
0.000000000000000000e+00
0.000000000000000000e+00
0.000000000000000000e+00
0.000000000000000000e+00
0.000000000000000000e+00
0.000000000000000000e+00
0.000000000000000000e+00
1.334099279467680848e-23
7.177850770715575488e-23
2.330160245267009000e-22
5.904444926716950245e-22
1.270272756997286797e-21
2.428559661548576904e-21
4.262735435970994799e-21
6.997546045632780280e-21
1.089905278690443656e-20
1.627192436299141615e-20
2.344276913621439217e-20
3.276395779500422083e-20
4.466798991228025235e-20
5.962863680995157530e-20
7.813483780647027193e-20
1.007012191405802935e-19
1.279217123992612700e-19
1.604495571101117682e-19
1.989714749181293455e-19
2.442418682379553289e-19
2.971933626205643708e-19
3.588614083492998358e-19
4.301835437311859598e-19
5.121330398167599532e-19
6.057416670342968323e-19
7.119856593806558119e-19
8.317399562996795611e-19
9.658486149959460726e-19
1.115099071204730839e-18
1.280284167747562298e-18
1.462192152109295912e-18
1.661531467398160667e-18
1.879013286224252662e-18
2.115292186162965202e-18
2.371001555144035808e-18
2.646944014975784963e-18
2.944375420026758932e-18
3.264708652055633991e-18
3.610186844373793763e-18
3.983760894839487355e-18
4.388324678508088244e-18
4.826750763970497223e-18
5.301979953754185492e-18
5.818430371192784887e-18
6.382482171600922013e-18
7.002387249367092684e-18
7.687234193189894607e-18
8.446475261489858303e-18
9.289384774648587777e-18
1.022562573991327305e-17
1.126522763987187672e-17
1.242018317736925181e-17
1.370319671589553168e-17
1.512616852783258086e-17
1.669984379004574668e-17
1.843333754412842121e-17
2.033501941633553915e-17
2.241469331568490584e-17
2.468401654157269333e-17
2.715556148853027992e-17
2.984185411328223713e-17
3.275526957160391095e-17
3.591069419781512819e-17
3.932657739404573387e-17
4.303390827937038358e-17
4.704503092048443924e-17
5.136566837705479077e-17
5.599953298743586717e-17
6.094820589304018094e-17
6.621803269980913996e-17
7.181747981045283362e-17
7.775316152327340237e-17
8.402920691147501924e-17
9.065090781433821902e-17
9.761275916072178004e-17
1.049511372795113573e-16
1.126861766291485022e-16
1.208171452765024824e-16
1.293605577688013399e-16
1.382950656024804370e-16
1.475900080422320695e-16
1.572120635089741190e-16
1.671258929720756315e-16
1.772790370663344105e-16
1.875982723733542210e-16
1.979859280839976302e-16
2.083663043447117806e-16
2.186713624147984248e-16
2.287852289699997847e-16
2.387226450787230713e-16
2.484684530285065389e-16
2.580066534894276435e-16
2.673202874191087933e-16
2.764035848302145621e-16
2.852714560786111755e-16
2.939504781316995360e-16
3.024550165362381283e-16
3.108103296984397313e-16
3.190475213993606855e-16
3.271399137979157985e-16
3.350927147210312154e-16
3.429712290656703386e-16
3.508231318399895417e-16
3.586829335309628172e-16
3.665897223410693349e-16
3.745765248976394788e-16
3.826968853385625889e-16
3.910268469910997571e-16
3.996974467237256985e-16
4.087548426160102314e-16
4.182416744301022423e-16
4.281415497629162447e-16
4.384704336056015497e-16
4.492722109054956643e-16
4.606249090755621878e-16
4.725784963177045336e-16
4.851244465298478839e-16
4.982172725455185917e-16
5.117981911020977351e-16
5.258527282144042267e-16
5.403746821741498483e-16
5.553549188116300969e-16
5.707475425087021258e-16
5.864925527139123791e-16
6.024914304635913606e-16
6.186714673465282794e-16
6.349118207655953897e-16
6.513244143235107479e-16
6.679158119500109880e-16
6.846995368500525180e-16
7.016912174164913292e-16
7.189143007604192113e-16
7.364220302506580605e-16
7.542925624663604150e-16
7.725939918603728114e-16
7.914235057884195471e-16
8.108700194786974390e-16
8.308767493949848024e-16
8.514750874552539165e-16
8.726801822095708781e-16
8.946440772774078423e-16
9.173926902847078015e-16
9.409434438388291229e-16
9.652916193320884883e-16
9.904443954844392598e-16
1.016385304333846992e-15
1.043216305833846382e-15
1.070976923531572365e-15
1.099716918951603672e-15
1.129504691845735584e-15
1.160291182321332619e-15
1.192137203130018626e-15
1.225195945990197940e-15
1.259636854767904567e-15
1.295614267804075887e-15
1.332960396571298311e-15
1.371670124741065518e-15
1.411729816248086223e-15
1.453117770276092285e-15
1.495807736661754190e-15
1.539746740634163328e-15
1.584893647584385375e-15
1.631103291231541658e-15
1.678228824841217359e-15
1.726146876373999887e-15
1.774976277537258868e-15
1.824771293226893546e-15
1.875746142595675875e-15
1.927941402101749163e-15
1.981392627168078054e-15
2.036144816971925377e-15
2.092248758253647983e-15
2.149855883394918267e-15
2.209041582948576888e-15
2.269990617178985203e-15
2.332644435584491465e-15
2.397004331380895206e-15
2.462965082312895962e-15
2.530591744391402931e-15
2.599757610185142402e-15
2.670956502617045814e-15
2.744267673714898594e-15
2.819693993462169250e-15
2.897303585185104742e-15
2.977040339845363829e-15
3.059188506568481676e-15
3.143893008496723924e-15
3.231252440177529746e-15
3.321381820034778917e-15
3.414610822656367153e-15
3.510718175252530857e-15
3.609723351243206133e-15
3.711812842060651552e-15
3.817668776500214444e-15
3.927888985744043546e-15
4.042644502353133162e-15
4.162530702356082275e-15
4.287570948312161292e-15
4.417768562544251014e-15
4.553108462452047734e-15
4.693493552172849345e-15
4.839016681396696471e-15
4.989620786931765610e-15
5.144696050201479098e-15
5.303774967627244931e-15
5.466797117447841042e-15
5.632717077091749377e-15
5.802547324055876357e-15
5.976491441506041913e-15
6.154670404572925897e-15
6.337226813661562198e-15
6.524292387414288017e-15
6.716179773292955732e-15
6.913122621076454475e-15
7.115628077869807708e-15
7.323006480819652208e-15
7.535929449129138054e-15
7.753645494038663437e-15
7.976282646864673740e-15
8.204066702394934982e-15
8.436461946276353547e-15
8.675129769313038092e-15
8.920140376792956750e-15
9.171707085902294198e-15
9.429731938433525708e-15
9.695415296688861402e-15
9.969126017436934385e-15
1.025128099762328379e-14
1.054225032233137153e-14
1.084243562760809122e-14
1.115311590262638067e-14
1.147350883778063131e-14
1.180393940726862274e-14
1.214467122996861040e-14
1.249783860429035239e-14
1.286471131107312901e-14
1.324559612862197795e-14
1.364113304632065679e-14
1.405224127595540237e-14
1.448056952160546470e-14
1.492726567091937722e-14
1.539211158240939229e-14
1.587525067519070716e-14
1.637695293785966719e-14
1.689565871331397620e-14
1.743034048419803361e-14
1.798119694364286672e-14
1.854750401480719866e-14
1.912829958795853024e-14
1.972480067144724623e-14
2.033611302806782334e-14
2.096256550500403993e-14
2.160450864154495878e-14
2.226271746055903521e-14
2.293777190230978003e-14
2.363185234641737438e-14
2.434249199986713344e-14
2.507009873913019437e-14
2.581519989071744247e-14
2.657602182661856386e-14
2.735337891601329160e-14
2.814812262669634268e-14
2.895846163118531529e-14
2.978950957092827792e-14
3.064168884936685368e-14
3.151421739816820899e-14
3.241075276814794336e-14
3.333264276352313397e-14
3.428113904678591731e-14
3.525691690850613801e-14
3.626102614268303877e-14
3.729450964939364237e-14
3.836148076711031116e-14
3.945869720946227072e-14
4.058703751686900217e-14
4.174730998083633805e-14
4.294409216366902327e-14
4.417743534943773495e-14
4.545080547280730342e-14
4.676625783130828397e-14
4.812575166418707529e-14
4.953208273313408159e-14
5.098865884651984775e-14
5.250220910436984153e-14
5.407575175183409336e-14
5.571056989918665757e-14
5.740408937229230439e-14
5.915818127425878053e-14
6.097036567055587236e-14
6.284058118183308537e-14
6.476551480064125976e-14
6.674776259606393599e-14
6.879070570164349262e-14
7.088884501125936858e-14
7.304116412980007174e-14
7.524923378727437388e-14
7.751584475726713745e-14
7.984908496818327316e-14
8.224121651485066972e-14
8.469299212373325670e-14
8.720741043332702632e-14
8.978001581003489189e-14
9.240591983831047153e-14
9.508625161647527300e-14
9.782228470096807946e-14
1.006039333048983628e-13
1.034489435833981174e-13
1.063528091805830108e-13
1.093280835335544518e-13
1.123786818751032443e-13
1.155099748546824966e-13
1.187281026987535179e-13
1.220374671783608811e-13
1.254436618018865862e-13
1.289531539832588782e-13
1.325856535893205585e-13
1.363313514671896824e-13
1.401961964205407910e-13
1.441926900589066014e-13
1.483321362154093670e-13
1.526152198627213522e-13
1.570603747218155134e-13
1.616736662289064478e-13
1.664612426615784083e-13
1.714290980320662299e-13
1.765839797577955755e-13
1.819396059029636089e-13
1.875185069617980691e-13
1.933136002856736901e-13
1.993181104137739555e-13
2.055354940578034777e-13
2.119514497178717854e-13
2.185610932836669130e-13
2.253582255974199098e-13
2.323365772809852131e-13
2.395134159772180981e-13
2.468915623619061392e-13
2.544553929904618749e-13
2.622126286764689077e-13
2.701790279952306496e-13
2.783630329929274798e-13
2.867855636802031589e-13
2.954276737024876972e-13
3.042998820918144069e-13
3.134102040284872572e-13
3.227361782738805056e-13
3.322685008817190974e-13
3.420099650011749597e-13
3.519635904526594634e-13
3.620811845224576519e-13
3.724315012298458813e-13
3.830093631144269078e-13
3.938527914147752047e-13
4.049734037577982028e-13
4.163862340639240521e-13
4.281112178391132201e-13
4.401648177505267832e-13
4.525606745067163429e-13
4.653189049512629812e-13
4.785149603363457162e-13
4.921121993774403320e-13
5.061349294380584492e-13
5.206361347362643481e-13
5.356569850164485126e-13
5.511690339267355699e-13
5.672664049816104279e-13
5.839779244865380506e-13
6.013338015380115833e-13
6.193641937850478363e-13
6.380973974746898782e-13
6.576060778804297134e-13
6.779154746186606664e-13
6.989946156788701092e-13
7.208212305353304467e-13
7.434424470363467783e-13
7.667817072646978386e-13
7.908275299849753443e-13
8.155514728782554116e-13
8.409067157070488253e-13
8.668593916562423493e-13
8.934269730433721474e-13
9.206142052627171832e-13
9.484413913421930971e-13
9.769506574606521009e-13
1.006179863984153851e-12
1.036231898624802946e-12
1.066999520911240907e-12
1.098518143839392846e-12
1.130837505367503330e-12
1.163981740752807229e-12
1.197883572913346821e-12
1.232549945972209408e-12
1.268003658134105732e-12
1.304256888409461818e-12
1.341188601486357392e-12
1.378997029739407030e-12
1.417849333344680693e-12
1.457789946243343458e-12
1.498865973615548407e-12
1.541131230064192185e-12
1.584639755024694149e-12
1.629436419208359765e-12
1.675570852758377322e-12
1.723084163097488899e-12
1.772214107331663582e-12
1.822812198139008051e-12
1.874962156352837526e-12
1.928857149237880589e-12
1.984696697896435605e-12
2.042327476758934140e-12
2.102024421173139059e-12
2.164031285680855304e-12
2.228484633001660222e-12
2.295610395249273115e-12
2.365642480826819592e-12
2.438529663646919763e-12
2.514245485429932792e-12
2.592664681172066558e-12
2.673659426366823683e-12
2.757451692614975012e-12
2.843834505082450304e-12
2.932633624191576625e-12
3.023774921505924635e-12
3.116984982664814244e-12
3.211945435595806049e-12
3.308746796867108141e-12
3.407823554307635071e-12
3.509233496707369992e-12
3.613087033341766910e-12
3.719581622161831357e-12
3.828837968370279175e-12
3.941151886095918569e-12
4.056230447728866002e-12
4.174256495586392075e-12
4.295392950552414097e-12
4.419699734319156208e-12
4.546906252512274259e-12
4.677130886788377076e-12
4.810459124328131415e-12
4.946906061441142698e-12
5.086008803028881118e-12
5.228647497901509541e-12
5.375361849943631848e-12
5.526343551569694853e-12
5.681811161494324338e-12
5.841985134542585609e-12
6.007072941240094968e-12
6.177258204566167486e-12
6.352718713704790662e-12
6.533616100879820433e-12
6.720819550019811314e-12
6.913710650992450333e-12
7.112629762365447462e-12
7.318267879376924088e-12
7.531267437829014938e-12
7.751221792043574248e-12
7.978606141999285626e-12
8.215521604286307591e-12
8.462035629741070154e-12
8.718128514683813444e-12
8.983657554081380946e-12
9.258464829175346482e-12
9.542305666011704292e-12
9.834588731904880543e-12
1.013476260068083690e-11
1.044333514050764631e-11
1.075992035262618642e-11
1.108250984704336742e-11
1.141113361418807745e-11
1.174585787357102508e-11
1.208622904889474912e-11
1.243225901037849581e-11
1.278466625891011223e-11
1.314478670283360239e-11
1.351293178013183223e-11
1.388982640897918443e-11
1.427614254896213961e-11
1.467348797065341867e-11
1.508067543432694861e-11
1.549815663253866191e-11
1.592687242449963343e-11
1.636729672540024563e-11
1.681944990772608879e-11
1.728277932634378238e-11
1.775780495543812744e-11
1.824479954611803786e-11
1.874412266575895533e-11
1.925355537254802296e-11
1.977827292351742655e-11
2.031954058898985165e-11
2.087817707281057099e-11
2.145516057369424528e-11
2.205133575101468040e-11
2.266751893836866295e-11
2.330464303239650411e-11
2.396352113021730591e-11
2.464519951840302839e-11
2.535262717606473692e-11
2.608457582723523864e-11
2.684272640494601804e-11
2.763170618416132519e-11
2.845399071150268879e-11
2.930721328973619813e-11
3.018854372984570789e-11
3.110195152107312406e-11
3.204807417292210207e-11
3.302634911422777514e-11
3.403607243765463853e-11
3.507615510488976535e-11
3.614496957476375045e-11
3.723828892652320043e-11
3.835422661140750474e-11
3.949583248900278963e-11
4.066664103813026666e-11
4.186319889345497839e-11
4.308534657765230578e-11
4.433395178197801279e-11
4.560927646466233099e-11
4.691028928127502688e-11
4.823859562984453104e-11
4.959916140458124538e-11
5.099541860955624638e-11
5.242866437549853362e-11
5.390205662852472959e-11
5.541770261382006790e-11
5.698097609626226604e-11
5.858799611247961386e-11
6.024060626573596367e-11
6.194195359398277630e-11
6.369277380338988349e-11
6.549118882306827022e-11
6.733644883063975421e-11
6.923036608465288285e-11
7.117372006204266910e-11
7.316838094802386736e-11
7.520696312915974454e-11
7.730869135676296226e-11
7.948003017920532994e-11
8.172511966356558477e-11
8.404874335583796601e-11
8.645541414461514008e-11
8.895077063355610604e-11
9.154147430868135359e-11
9.423942201574758488e-11
9.704895348630842610e-11
9.997724432902580876e-11
1.030139887946055452e-10
1.061570379596678182e-10
1.094091992540596553e-10
1.127772348988106182e-10
1.162480374377337149e-10
1.198105647721340049e-10
1.234649472007442223e-10
1.272116611428290326e-10
1.310481254058362111e-10
1.349754143337330340e-10
1.389948815891458427e-10
1.431076638154659893e-10
1.473116482345977286e-10
1.516014383226982417e-10
1.559920135370594345e-10
1.604952111629672691e-10
1.651100877606271250e-10
1.698293305387804837e-10
1.746573750437453023e-10
1.795984826616049500e-10
1.846513248765090036e-10
1.898207973965574020e-10
1.951183130397715896e-10
2.005716075731398906e-10
2.061875123031727315e-10
2.119762271230990034e-10
2.179522280712072495e-10
2.241280624883916659e-10
2.305235382723969955e-10
2.371234555952989732e-10
2.439390272336842878e-10
2.509749570947510049e-10
2.582312850963824467e-10
2.656940772573017514e-10
2.733683697689748506e-10
2.812591724360361948e-10
2.893704727678142923e-10
2.977101861780408455e-10
3.062530114761482849e-10
3.150918552491679831e-10
3.242786873385189758e-10
3.338275607376142319e-10
3.437423209407138288e-10
3.540228053771175540e-10
3.646699009358259390e-10
3.756821405980362377e-10
3.870555526369687474e-10
3.987852294758103462e-10
4.108919632773541163e-10
4.233115664960858002e-10
4.360031490432220179e-10
4.489703825655688488e-10
4.622541042362140099e-10
4.758061167749977587e-10
4.896077678648789423e-10
5.036419705438402514e-10
5.179834629552585696e-10
5.326378615165315456e-10
5.476101721527568449e-10
5.629076079017610191e-10
5.785356224925277055e-10
5.944948244597177486e-10
6.107637089876700537e-10
6.274162321492131843e-10
6.444968061240235080e-10
6.620485238303126912e-10
6.800243144698911562e-10
6.984469030276879887e-10
7.173387266747269631e-10
7.367196753132616890e-10
7.565911266645137473e-10
7.770018696346838111e-10
7.980265178385223527e-10
8.197485935081395788e-10
8.421928511417126727e-10
8.654162785592265996e-10
8.894641912738472857e-10
9.144469977197523122e-10
9.403007186533138270e-10
9.670547410226621131e-10
9.947632900291876470e-10
1.023442727833138239e-09
1.053096345567585865e-09
1.083773670548232028e-09
1.115456844617247504e-09
1.148100349570547579e-09
1.181671299847798473e-09
1.216074251740294982e-09
1.251228390407062087e-09
1.287387100476535384e-09
1.324543448837648824e-09
1.362684776073347459e-09
1.401782265120941406e-09
1.441746789320045832e-09
1.482618338485924515e-09
1.524431139059406917e-09
1.567216046613624392e-09
1.611001966823601433e-09
1.655994295004244461e-09
1.701991454773309500e-09
1.749053785893720552e-09
1.797232564936234050e-09
1.846745786072292837e-09
1.897511940642256894e-09
1.949470651805067423e-09
2.002520426408849427e-09
2.057045939563889446e-09
2.113083094084720248e-09
2.170661594744262018e-09
2.229797499587016350e-09
2.290506318175862776e-09
2.352805163736015637e-09
2.416550017315444859e-09
2.481930648633797202e-09
2.549114349008394328e-09
2.618312670729911133e-09
2.689269473111339864e-09
2.762077831011833061e-09
2.836822498176360504e-09
2.913603852307077800e-09
2.992409242529620816e-09
3.073360335993031739e-09
3.156669131102521401e-09
3.242835456035751785e-09
3.332113434509666031e-09
3.424849047218611729e-09
3.521548746146950643e-09
3.622264246667967983e-09
3.727307590683618290e-09
3.836250870274306131e-09
3.949189375247359982e-09
4.066098604659444510e-09
4.186844449068655594e-09
4.310966443676057557e-09
4.438259546400422438e-09
4.568394357885300939e-09
4.700939672651582544e-09
4.835917531344671363e-09
4.973108609501809606e-09
5.112388141770114760e-09
5.254854209054703210e-09
5.400607770158250631e-09
5.549798445704104001e-09
5.702598914447853591e-09
5.859169862824500783e-09
6.019701277339511410e-09
6.184308703078677854e-09
6.353130856295830691e-09
6.526282797547310213e-09
6.704642105949647483e-09
6.887507071023778187e-09
7.075170943611569538e-09
7.267879045594326496e-09
7.466508759012248280e-09
7.671263345929163037e-09
7.881761404495027575e-09
8.097789454666154624e-09
8.320860971296570587e-09
8.551344392313348594e-09
8.789355228937708584e-09
9.034979858478881396e-09
9.288318155701294256e-09
9.549515331198124798e-09
9.818104229961478472e-09
1.009437237214726261e-08
1.037932306290983867e-08
1.067386936562052901e-08
1.097736104441722875e-08
1.129095836576343282e-08
1.161492665263791609e-08
1.194922706522614390e-08
1.229357384060773944e-08
1.264751095255485712e-08
1.301119333461464518e-08
1.338547636754628673e-08
1.377115396932593513e-08
1.416811310443613276e-08
1.457639746693229724e-08
1.499553999118309808e-08
1.542598633949369126e-08
1.586933213976874580e-08
1.632466668641658615e-08
1.679274158002551114e-08
1.727365775531708285e-08
1.776669965523305947e-08
1.827127757637409491e-08
1.878749217205265031e-08
1.931535906871118020e-08
1.985478233432551375e-08
2.040584587640602603e-08
2.096710588969527584e-08
2.154021499507521349e-08
2.212877408255597017e-08
2.273331080503260220e-08
2.335449768603386935e-08
2.399298646997426939e-08
2.464956926707187117e-08
2.532477828070226071e-08
2.601913455416560741e-08
2.673326540568457422e-08
2.746842797221285815e-08
2.822616797670685009e-08
2.900464540133657178e-08
2.980515708368665828e-08
3.062872589437804991e-08
3.147817072803289174e-08
3.235642479857944479e-08
3.326070995258442842e-08
3.419175214980853643e-08
3.515643333961078251e-08
3.615842906401533524e-08
3.720073266281128568e-08
3.828232061667536350e-08
3.940260657301302988e-08
4.056108298970782014e-08
4.175565754393845952e-08
4.298404692335032239e-08
4.424987095551644789e-08
4.555321583264359461e-08
4.688782283821843013e-08
4.825065961284241949e-08
4.963885868165173603e-08
5.105373896370390494e-08
5.249491531752507432e-08
5.396182597269784627e-08
5.545468194086589742e-08
5.697651329474433258e-08
5.853457959028055439e-08
6.013066890191150810e-08
6.176656930407426470e-08
6.344620211398276469e-08
6.517254400636071208e-08
6.695458803876963175e-08
6.878803198290499963e-08
7.067575533105654254e-08
7.261947881731025356e-08
7.461817663683064715e-08
7.666608025531934674e-08
7.876324173439477326e-08
8.091084072440922261e-08
8.310849225941240650e-08
8.535693827961158589e-08
8.765107419948217402e-08
8.998714849211667072e-08
9.239001872774627129e-08
9.486218159999085239e-08
9.740652634026349230e-08
1.000264790695334266e-07
1.027258088167774808e-07
1.055081359139315110e-07
1.083769128157280157e-07
1.113364621417604335e-07
1.143927516710912677e-07
1.175703502815220531e-07
1.208471092039413619e-07
1.242248409405752600e-07
1.277045277900143644e-07
1.312865023809293740e-07
1.349739337510693785e-07
1.387792517387987451e-07
1.426776546767796072e-07
1.466626819056050658e-07
1.507513195680853739e-07
1.549344574120767044e-07
1.592139145846762622e-07
1.635899641428957812e-07
1.680626122848267759e-07
1.726336529670173256e-07
1.773014087953381343e-07
1.820537297858530477e-07
1.869170994438315205e-07
1.918989846852406396e-07
1.969813735688299374e-07
2.021676317419963080e-07
2.074614155758704409e-07
2.128656616943785085e-07
2.183815686850220118e-07
2.240110436281233209e-07
2.297532868617517440e-07
2.356228673389193349e-07
2.416567577587879397e-07
2.478617586560913609e-07
2.542451703139437547e-07
2.608152228266938410e-07
2.675884570987200394e-07
2.745773933200057988e-07
2.818268447719339635e-07
2.893031168513245493e-07
2.970170391085159861e-07
3.049659098460432885e-07
3.131214270500147832e-07
3.214840836740533928e-07
3.300655008906371166e-07
3.388785750212139866e-07
3.479339251112808227e-07
3.572654994529444630e-07
3.668360546612651760e-07
3.766446886932305859e-07
3.867695796363478183e-07
3.972111608373273994e-07
4.079716319347261162e-07
4.190554128610233127e-07
4.304564482218257368e-07
4.421668211840967916e-07
4.541736752195881432e-07
4.664424986237427228e-07
4.789857156428166358e-07
4.918574968205438788e-07
5.049954194582632883e-07
5.184171346549077552e-07
5.321369719477002948e-07
5.461635764237379364e-07
5.605034125730318298e-07
5.752209904384578467e-07
5.902956504584887516e-07
6.057296601371235127e-07
6.215979688045692218e-07
6.379063805133399999e-07
6.546558784116133214e-07
6.718468303373188137e-07
6.894861258705246525e-07
7.075849804956232765e-07
7.261555954577062115e-07
7.451504482919669722e-07
7.646147544045847602e-07
7.845775823395151229e-07
8.049897240105264112e-07
8.258699709823217047e-07
8.472427373491155718e-07
8.691137977475402862e-07
8.915018260773740398e-07
9.144266898455941789e-07
9.378517816162087919e-07
9.618762482097146404e-07
9.866703915179274764e-07
1.012283838764030344e-06
1.038794637822011633e-06
1.066323314508209326e-06
1.094874019483646473e-06
1.124506974926396001e-06
1.155246141462911925e-06
1.187237242881965257e-06
1.220367193915982591e-06
1.254556358475396080e-06
1.289638897101476104e-06
1.325577451606250392e-06
1.362321610908112390e-06
1.399786389555349734e-06
1.437998541190867162e-06
1.476949536802324336e-06
1.516633192140846049e-06
1.556780650207798540e-06
1.597938410784525069e-06
1.640140755262056437e-06
1.683427246226164357e-06
1.727831685586512988e-06
1.773388840173993274e-06
1.820132513823621000e-06
1.868086704987213726e-06
1.917280892018472498e-06
1.967767707603614198e-06
2.019743160014147760e-06
2.072910525954605757e-06
2.127328916513181069e-06
2.183086931801058150e-06
2.240251296654162595e-06
2.298851332221817795e-06
2.358854728813390150e-06
2.420512369064590316e-06
2.484036665808430029e-06
2.549453025195110721e-06
2.616916542347945848e-06
2.686473094511416942e-06
2.758170895375860810e-06
2.832053129635276907e-06
2.908198469194218951e-06
2.986723174348560965e-06
3.067847793091840527e-06
3.151596312222965535e-06
3.238067176801988486e-06
3.327220071078726369e-06
3.418959216857186833e-06
3.513290712606528607e-06
3.610145901868142197e-06
3.709517558362984292e-06
3.811409377823751477e-06
3.915810199267645573e-06
4.022154065348903806e-06
4.130991560719675412e-06
4.242482646495196192e-06
4.356795943778364565e-06
4.474027819089716113e-06
4.594287910679877536e-06
4.717746305466945017e-06
4.844609122682931338e-06
4.975071720093298064e-06
5.109270054384001058e-06
5.248412390646933125e-06
5.391004019698228740e-06
5.536769580720529694e-06
5.685735957123285151e-06
5.837860040091840750e-06
5.993195406855852383e-06
6.151795382877376731e-06
6.313611238658808989e-06
6.478103780839001824e-06
6.645243213146522593e-06
6.815702799412272443e-06
6.990462739824724501e-06
7.169651079278294618e-06
7.353432850067535762e-06
7.542031953957935959e-06
7.735549186542909372e-06
7.934212429035173331e-06
8.138275755909047518e-06
8.348461502259151519e-06
8.565058076299024147e-06
8.787204185048403437e-06
9.015251817900540784e-06
9.249786715912861092e-06
9.491993426134588880e-06
9.741874970973352140e-06
9.998881675468007527e-06
1.026306643802514889e-05
1.053501366450605512e-05
1.081657095607771952e-05
1.110760432242053446e-05
1.140751095175235506e-05
1.171611453439978085e-05
1.203298150350898057e-05
1.235705165116646810e-05
1.268845178530352034e-05
1.302787455961786984e-05
1.337528345767965595e-05
1.373010467413480684e-05
1.409045202437007002e-05
1.445657830213096491e-05
1.482891893181428472e-05
1.520758357219407643e-05
1.559285812349346621e-05
1.598503088972762161e-05
1.638444353884835724e-05
1.679080093095436136e-05
1.720276618096708250e-05
1.762486944512835644e-05
1.805762834380095406e-05
1.850135157071758417e-05
1.895658804410579626e-05
1.942377848564792435e-05
1.990324630210182428e-05
2.039534517329831702e-05
2.090116698153556482e-05
2.142202659713012360e-05
2.196044025360261996e-05
2.251549379781906486e-05
2.308369035012429753e-05
2.366541898638228935e-05
2.426064173573056311e-05
2.486965279646028825e-05
2.549331120758321017e-05
2.613193921048453946e-05
2.678468603854688675e-05
2.745523622750447372e-05
2.814568846490977884e-05
2.885310022775158082e-05
2.958113527581462859e-05
3.032957864746394985e-05
3.109880142682454779e-05
3.188885483523307330e-05
3.269941270095598994e-05
3.353078378977867105e-05
3.438365830908520838e-05
3.525460498374272713e-05
3.614161827991377621e-05
3.704525801507173934e-05
3.796612478696787711e-05
3.890488930048528776e-05
3.986165135158799175e-05
4.083688949785013202e-05
4.182912804474811258e-05
4.283943481634797410e-05
4.387238127842761561e-05
4.493845289572653915e-05
4.603718909830018289e-05
4.716391787753653901e-05
4.831913195400313325e-05
4.950328051699737035e-05
5.071714966750775984e-05
5.196113075946017765e-05
5.323739494902685071e-05
5.454561383172332537e-05
5.588227499347903576e-05
5.723686079555890892e-05
5.861134599129865235e-05
6.001242183286070947e-05
6.144200488869601428e-05
6.290200415119866022e-05
6.439432861276261878e-05
6.592122984181502201e-05
6.747084088916450897e-05
6.906835565091553415e-05
7.071740218621325495e-05
7.242452393086848091e-05
7.419825723165157107e-05
7.603601094648327783e-05
7.793790138138180295e-05
7.990372459175324046e-05
8.193351201762642051e-05
8.402778827247453009e-05
8.620460617119985413e-05
8.844245523941836459e-05
9.074143674061785022e-05
9.311033439627471660e-05
9.552614685297165710e-05
9.799061618076002295e-05
1.005024690301196689e-04
1.030588502452841736e-04
1.056577740944240131e-04
1.083000258384083611e-04
1.109963336276965879e-04
1.137512140280043198e-04
1.165643954166793570e-04
1.194250995621179385e-04
1.223507940392639390e-04
1.253448254282829328e-04
1.284104593484616103e-04
1.315531252748204302e-04
1.347782996858615245e-04
1.380882801083111627e-04
1.414719395711712738e-04
1.449266903574873504e-04
1.484542766123365910e-04
1.520548272293904205e-04
1.557313279721132164e-04
1.594886795855373956e-04
1.633347064250020506e-04
1.672602689257153498e-04
1.712711277048429778e-04
1.754104705695157295e-04
1.796879358093862158e-04
1.841269056754173713e-04
1.887533374391363935e-04
1.935506112673474912e-04
1.985301158644271139e-04
2.037080990804690983e-04
2.090712903590613027e-04
2.146318848007165660e-04
2.203840800972533566e-04
2.262867733457813422e-04
2.323334568814964347e-04
2.385008677709859245e-04
2.447685485880104930e-04
2.511601734662878300e-04
2.576694985441848598e-04
2.642840702267649339e-04
2.710058990469588398e-04
2.778011738813605282e-04
2.847641245105233783e-04
2.918997780234640457e-04
2.992121157885904476e-04
3.067088228944719560e-04
3.143926338113055036e-04
3.222710395885985176e-04
3.303507258309822114e-04
3.386378137491052398e-04
3.471505541088334241e-04
3.559342633727572759e-04
3.649132069328733644e-04
3.741081297810503305e-04
3.835334662887953110e-04
3.932031709916343270e-04
4.031796636675170843e-04
4.133693889628635106e-04
4.237506943485954661e-04
4.343290644972887574e-04
4.451146344184579609e-04
4.561543010974439174e-04
4.674917540291343245e-04
4.791201984610939471e-04
4.910433526436664732e-04
5.032665306502110986e-04
5.157458063868771564e-04
5.285934720272356026e-04
5.418594046136933568e-04
5.555877136802597109e-04
5.697888065001982224e-04
5.844068694058975229e-04
5.994034878267378609e-04
6.147699700530423776e-04
6.305097180353441992e-04
6.466243253242800419e-04
6.631158212792058124e-04
6.799812963404465059e-04
6.972082112878504392e-04
7.145905584181129391e-04
7.323839958523830577e-04
7.506533970598908232e-04
7.694146657530827110e-04
7.886946357367947448e-04
8.085325896795789733e-04
8.290335172430513032e-04
8.501630393286665425e-04
8.718231801806427357e-04
8.940108898918041128e-04
9.169018570247230212e-04
9.402404414935733182e-04
9.639912468294972508e-04
9.881486102952126947e-04
1.012700741819870780e-03
1.037594251252772033e-03
1.062734637258275303e-03
1.088171854364666877e-03
1.113955433132300232e-03
1.140049790455376468e-03
1.166525645535664273e-03
1.193610472053474982e-03
1.221328623251692483e-03
1.249717118517185664e-03
1.278818948304869018e-03
1.308690179479646146e-03
1.339372569651106366e-03
1.370925264500742541e-03
1.403475671250723139e-03
1.437139214921246419e-03
1.471979239993752514e-03
1.507962364608891968e-03
1.545002174955508595e-03
1.583130327220651484e-03
1.622377780318684602e-03
1.662741900477246503e-03
1.704252064125676624e-03
1.747052777941452816e-03
1.790703454633689462e-03
1.835183666350221959e-03
1.880694566698383778e-03
1.927166556142896180e-03
1.974693136115403258e-03
2.023235371932118314e-03
2.072765711473731776e-03
2.123290841217065524e-03
2.174775150884432871e-03
2.227045424774342849e-03
2.280509300238156827e-03
2.335135066087644807e-03
2.390604632189877437e-03
2.446834265274228093e-03
2.503865170064462596e-03
2.561748386129786108e-03
2.620524424013133576e-03
2.680232927111554902e-03
2.740913538822095652e-03
2.802605902541797488e-03
2.864315667392584863e-03
2.927533646741631995e-03
2.992404287343163743e-03
3.059051847249574449e-03
3.127557537355097044e-03
3.197974966321473489e-03
3.270403157017764961e-03
3.344977075148311899e-03
3.422286062324979457e-03
3.502638379091525724e-03
3.586541594064424337e-03
3.672713814056584487e-03
3.761223486100953497e-03
3.852456436546022184e-03
3.946257463394556124e-03
4.042473689533344905e-03
4.140887200279161524e-03
4.241125116472435098e-03
4.342613437953861052e-03
4.445140144667876839e-03
4.549327902761316801e-03
4.655770932517636074e-03
4.764629315102369804e-03
4.875502619062477803e-03
4.988542601876720661e-03
5.103918163500125588e-03
5.221817827250429742e-03
5.342543224770505972e-03
5.466176703463283826e-03
5.592768017545806519e-03
5.722369230801390740e-03
5.854386509555439128e-03
5.988610727261891448e-03
6.125030165284685302e-03
6.263760979589852972e-03
6.404919326143415463e-03
6.548919345789655858e-03
6.696077968715449802e-03
6.846407604494909524e-03
6.998595071886463612e-03
7.155995018246394911e-03
7.317752558889733389e-03
7.483973260884463005e-03
7.654840167576552890e-03
7.830446675092127620e-03
8.010883236623425607e-03
8.195897765370442969e-03
8.385358505345849242e-03
8.579528936892455437e-03
8.780058572108720080e-03
8.983893983505472983e-03
9.192191275634803774e-03
9.405542131517870622e-03
9.624363963138846817e-03
9.849396130542463837e-03
1.007988582295857999e-02
1.031590465601900201e-02
1.055724685444470179e-02
1.080254376847060785e-02
1.105176366910740754e-02
1.130754373074309774e-02
1.157026313099321010e-02
1.183953436241502385e-02
1.211527307821526865e-02
1.239704271887046363e-02
1.268587697316225955e-02
1.298202965858432853e-02
1.328601477670184397e-02
1.359938451718081115e-02
1.392340094752111609e-02
1.425695957219950440e-02
1.459880272850682878e-02
1.494724400304781389e-02
1.530203592934710997e-02
1.566246170971937607e-02
1.602846574214587122e-02
1.639928782034102972e-02
1.677411362861588873e-02
1.715305066666579850e-02
1.753514017975073627e-02
1.792313475465039108e-02
1.831822028772285907e-02
1.872238248605656921e-02
1.913600274091478010e-02
1.955992381205817060e-02
1.999451165364295874e-02
2.044089143159250402e-02
2.090022903390982220e-02
2.137247077792952393e-02
2.185770810961010918e-02
2.235298513632209480e-02
2.285928987328626066e-02
2.337760248428679202e-02
2.391194419878171079e-02
2.446074332367615192e-02
2.502333746398532899e-02
2.559967765013500610e-02
2.618999901849614759e-02
2.678347031125423786e-02
2.739721474720293107e-02
2.803076005010503996e-02
2.868353107692530463e-02
2.936059887847093305e-02
3.005008356160440708e-02
3.075354457892880145e-02
3.147147256031863904e-02
3.220369010273751997e-02
3.294974908452758672e-02
3.372056553350054331e-02
3.449886658127209599e-02
3.528404131262637133e-02
3.607553602790854186e-02
3.686730472597601199e-02
3.766721768171372303e-02
3.847360625998116207e-02
3.928376130179993958e-02
4.009810276879244989e-02
4.091708508349820028e-02
4.174116266845667722e-02
4.257437585125303098e-02
4.342348501981966452e-02
4.428920248564735540e-02
4.517214462625182558e-02
4.607292142139215313e-02
4.699383533766510884e-02
4.793878545946429065e-02
4.890849479524802396e-02
4.990419671097082177e-02
5.092683391315876162e-02
5.197351407779713522e-02
5.303757867425781813e-02
5.412399325676944817e-02
5.524278207775917826e-02
5.640152262895371110e-02
5.757791790041544983e-02
5.876993095622538160e-02
5.997619924432211203e-02
6.117988182646158513e-02
6.237930318112189926e-02
6.359761811291644862e-02
6.483456245671655183e-02
6.608437563674511572e-02
6.733593575252165564e-02
6.858013188598553744e-02
6.983848958374738736e-02
7.111171822444022073e-02
7.239989975817405499e-02
7.371804970282823388e-02
7.506630881898834762e-02
7.642023666659976400e-02
7.777985764778926059e-02
7.914303286539661753e-02
8.051021098209637517e-02
8.188199647349149457e-02
8.325829829649986080e-02
8.463928433772376081e-02
8.601219406298324377e-02
8.737552531810094392e-02
8.872940240594731631e-02
9.009896536109357479e-02
9.149064825722569294e-02
9.290886212171846348e-02
9.435466981570406197e-02
9.582922374149292766e-02
9.733360985707389945e-02
9.888848311616975362e-02
1.004730302567760913e-01
1.020885348339797133e-01
1.037366639332900076e-01
1.053927126410381804e-01
1.070503351764005573e-01
1.087060076210552978e-01
1.103712907427868983e-01
1.120238648468059733e-01
1.136579953479744942e-01
1.152443290518133656e-01
1.168061799040487486e-01
1.183422795182425130e-01
1.198493495204860926e-01
1.213574422062783237e-01
1.228708280205382114e-01
1.243899972404194226e-01
1.259014175721497319e-01
1.274256276087046558e-01
1.289653105660114873e-01
1.305265231368778756e-01
1.321185612546062760e-01
1.337417775649412388e-01
1.353963382126177617e-01
1.370507189414275073e-01
1.386995244476086908e-01
1.403425040782613764e-01
1.419794071804858504e-01
1.436099831013820660e-01
1.452352514554469121e-01
1.468798967320689153e-01
1.485455832232134010e-01
1.501417546252680479e-01
1.516889256696022092e-01
1.532325475995713893e-01
1.547722261485355300e-01
1.563075670498543235e-01
1.578381760368876285e-01
1.593642225058764794e-01
1.608858626933986069e-01
1.623793426614077440e-01
1.638424189250901053e-01
1.653652390178378673e-01
1.669270659390713063e-01
1.684898222662222778e-01
1.700542569806025028e-01
1.716481995681581330e-01
1.732200571076496776e-01
1.747480016350926313e-01
1.762240850728377106e-01
1.776470407438998089e-01
1.790156019712937641e-01
1.803285020780344972e-01
1.815844743871367628e-01
1.828064343139203518e-01
1.840139425700488274e-01
1.851788989657315587e-01
1.863526257183630852e-01
1.875577652314809607e-01
1.888071884749573381e-01
1.901018133792776177e-01
1.914386272242928067e-01
1.928164459220955695e-01
1.942358798995740543e-01
1.957119099748603486e-01
1.971404143038038570e-01
1.985206156694745427e-01
1.998517368549423967e-01
2.011313518369984565e-01
2.023529392994270204e-01
2.035159120715099579e-01
2.046235851669128136e-01
2.055432541056692874e-01
2.063837443522731907e-01
2.071535059321660821e-01
2.079355029819989209e-01
2.087299354080227320e-01
2.095370031164883184e-01
2.103569060136467328e-01
2.111908409385704899e-01
2.120419950051588009e-01
2.129103099366742857e-01
2.139299183177702235e-01
2.149916282738442430e-01
2.160585087452341069e-01
2.171473559194050384e-01
2.181938141419938748e-01
2.191921367965447565e-01
2.201419332645045412e-01
2.210262238467228801e-01
2.218267206208386910e-01
2.225426868834647909e-01
2.231733859312140522e-01
2.237180810606992920e-01
2.242226137423903587e-01
2.247207771329622628e-01
2.252766315652588447e-01
2.258243479669221065e-01
2.263572305880880986e-01
2.268914362833961973e-01
2.274424398558702320e-01
2.280114387464466097e-01
2.285996303960618203e-01
2.291988336035763463e-01
2.297450395904024889e-01
2.301875464610151911e-01
2.305265369855487856e-01
2.308334743014321955e-01
2.311153322256975784e-01
2.313718241186492330e-01
2.316026633405914303e-01
2.317602971845347803e-01
2.318176696337143072e-01
2.317817319756239891e-01
2.317551342361061639e-01
2.317533946756832886e-01
2.317766641800765859e-01
2.318250936350071401e-01
2.318988339261962295e-01
2.319980359393649660e-01
2.321281080415986964e-01
2.323434463658201055e-01
2.326705735601031777e-01
2.331161901723705354e-01
2.336086033005822238e-01
2.340601489547865788e-01
2.344708891519543814e-01
2.348408859090564960e-01
2.352953735518368561e-01
2.356571517676227245e-01
2.359179204704559552e-01
2.360127352907188392e-01
2.359419460724076212e-01
2.357010960974867952e-01
2.353130288341981624e-01
2.349067137417511220e-01
2.344828271341835579e-01
2.340420453255333266e-01
2.334598723210650761e-01
2.329142467644602088e-01
2.324089495913213566e-01
2.320026843223669533e-01
2.316962370593259324e-01
2.314903939039271163e-01
2.313267278576862651e-01
2.311416001647163543e-01
2.309348437187025427e-01
2.307062914133300169e-01
2.304557761422837969e-01
2.301773358905466194e-01
2.298405167440703833e-01
2.294447258563196146e-01
2.289893703807590608e-01
2.284738574708533032e-01
2.279034878231609440e-01
2.273790467268552162e-01
2.269021255377444701e-01
2.264728476818748115e-01
2.260913365852923740e-01
2.257904080167370264e-01
2.256243386586820054e-01
2.256304220421583295e-01
2.257683045619824913e-01
2.259061744056478360e-01
2.260446096626445023e-01
2.260908689939640503e-01
2.260438678574411275e-01
2.259039896406728198e-01
2.256716177312560745e-01
2.253202380827966922e-01
2.248263676341976658e-01
2.241536454082917740e-01
2.232459735214356034e-01
2.221809849017306326e-01
2.211000160454353325e-01
2.200651336825488191e-01
2.190764936108554606e-01
2.181342516281394306e-01
2.172385635321852082e-01
2.163895851207769949e-01
2.155874721916991865e-01
2.148323805427360678e-01
2.142218500143622806e-01
2.138111478426311662e-01
2.134590933290684833e-01
2.131037755414594004e-01
2.127283381754385971e-01
2.123309184460014931e-01
2.119010501908830946e-01
2.114385544054818988e-01
2.109432520851964588e-01
2.104149642254252162e-01
2.098535118215666129e-01
2.092587158690191462e-01
2.087829180540617668e-01
2.082335676055807883e-01
2.077040342044597365e-01
2.071962307841744566e-01
2.067206736554612623e-01
2.062775919713928652e-01
2.059306253337368220e-01
2.055684938961410135e-01
2.051915428604344227e-01
2.048001174284460046e-01
2.042420421111242335e-01
2.037100338768101093e-01
2.031277455462129622e-01
2.024952931680889245e-01
2.018127927911941288e-01
2.010803604642846798e-01
2.002347017874220036e-01
1.993874418087871470e-01
1.985385805283800820e-01
1.973044532001420881e-01
1.961255044770396638e-01
1.950017798533740521e-01
1.939333248234465512e-01
1.929201848815585707e-01
1.919624055220112979e-01
1.910600322391061423e-01
1.902131105271442912e-01
1.894216858804271542e-01
1.886858037932559740e-01
1.883891745059907974e-01
1.880913988599664521e-01
1.878163120247557383e-01
1.875721277344077897e-01
1.873432373671984064e-01
1.871243263612881180e-01
1.868338439956524211e-01
1.864542509923304558e-01
1.859855216691463919e-01
1.854276303439243434e-01
1.847805513344885908e-01
1.840442589586632205e-01
1.832063261646132146e-01
1.823287673325235392e-01
1.814765239386106066e-01
1.806201217830111228e-01
1.797884150630050804e-01
1.789990021248895335e-01
1.782519677191763408e-01
1.775473965963774436e-01
1.768853735070047561e-01
1.762659832015702754e-01
1.756778766306722472e-01
1.750508847484127939e-01
1.743357337686356479e-01
1.735672715213798512e-01
1.727982535987258317e-01
1.720286800006736450e-01
1.712585507272231800e-01
1.704878657783745755e-01
1.695255527402374784e-01
1.683681599166974019e-01
1.672743016086445655e-01
1.662499416063052404e-01
1.652950939923089335e-01
1.644097728492850685e-01
1.635939922598631802e-01
1.628477663066726644e-01
1.623532480346414619e-01
1.618556881864196273e-01
1.615461769806982306e-01
1.614281839183927814e-01
1.612431125034139712e-01
1.609850167503364404e-01
1.606539003813315936e-01
1.602325763679502968e-01
1.597165347810595715e-01
1.591057636283222942e-01
1.582181119551026582e-01
1.573083311090430481e-01
1.563764053756346861e-01
1.554223190403689892e-01
1.545402895651735442e-01
1.535751823086418388e-01
1.526139875327662543e-01
1.516883949384489894e-01
1.508029354424055279e-01
1.499576420245556374e-01
1.491525476648190296e-01
1.483876853431154719e-01
1.476630880393646483e-01
1.469787887334863541e-01
1.462405872289639641e-01
1.456036354326151194e-01
1.449809603478584841e-01
1.443580802898234983e-01
1.437349952585101898e-01
1.431117052539185308e-01
1.424705701180541961e-01
1.417800301577904765e-01
1.410400723926272804e-01
1.402506838420643498e-01
1.394118515256015101e-01
1.386155664976993773e-01
1.378228978332536880e-01
1.370338539006790701e-01
1.362484430683900682e-01
1.354666737048013658e-01
1.347061943363219161e-01
1.339985730244929174e-01
1.333438311182292002e-01
1.327419899664456227e-01
1.321930709180568764e-01
1.316050912870170286e-01
1.310169903668449431e-01
1.304288535682611994e-01
1.298408789522252083e-01
1.292530556566679756e-01
1.286653728195203128e-01
1.280778195787132256e-01
1.273935932693129047e-01
1.266065918775390320e-01
1.257168112674297289e-01
1.247242473030232002e-01
1.236823172009703514e-01
1.226618609712688823e-01
1.216626856616096070e-01
1.206848072427120777e-01
1.197282416852957360e-01
1.187930049600800925e-01
1.179759048406492511e-01
1.172830484494340048e-01
1.167144450310466097e-01
1.162701038300992112e-01
1.158966127385913231e-01
1.155230514444551271e-01
1.153565955320151049e-01
1.150550950093957303e-01
1.146185488394145663e-01
1.140469559848890369e-01
1.133403154086367742e-01
1.124986260734752164e-01
1.115218869422219677e-01
1.104100969776944802e-01
1.092530888866392186e-01
1.081067378483138580e-01
1.067638716893969247e-01
1.055666438127668277e-01
1.045150586666089843e-01
1.036091206991088670e-01
1.028488343584518239e-01
1.022342040928233553e-01
1.017652343504087675e-01
1.014419295793935749e-01
1.011744604840342648e-01
1.010996217531923980e-01
1.008909682914942291e-01
1.005484985029918010e-01
1.000722107917372122e-01
9.946210356178246392e-02
9.871817521717966837e-02
9.784042416198086844e-02
9.682884880023813479e-02
9.568344753600352415e-02
9.445719592890775007e-02
9.309032363430727597e-02
9.190927727134357017e-02
9.091405995973234067e-02
9.010467481918922605e-02
8.948112496942993432e-02
8.904341353017007632e-02
8.879154362112540166e-02
8.860651217930753942e-02
8.844327446866506737e-02
8.824885615375836767e-02
8.789036234630592803e-02
8.736779274673113493e-02
8.668114705545752752e-02
8.583042497290853390e-02
8.481562619950765158e-02
8.363675043567829481e-02
8.229379738184397497e-02
8.090577292113211583e-02
7.951772460973334511e-02
7.812965244764769057e-02
7.686069355262864500e-02
7.578210045324745847e-02
7.489387464495808611e-02
7.419601762321463567e-02
7.368853088347099289e-02
7.337141592118123778e-02
7.324467423179935321e-02
7.330830731077940532e-02
7.340289324612224442e-02
7.347812410008366935e-02
7.341486362490229345e-02
7.314186016199904217e-02
7.265911308591208040e-02
7.196662177117957304e-02
7.106438559233965724e-02
6.995240392393049789e-02
6.863067614049021825e-02
6.709920161655703874e-02
6.551740313412210415e-02
6.467364419264969022e-02
6.388069490017792007e-02
6.313855608393224850e-02
6.244722857113815806e-02
6.180671318902112438e-02
6.121701076480665082e-02
6.067812212572019220e-02
6.019004809898724495e-02
5.975278951183325693e-02
5.936634719148376621e-02
5.829266727343641874e-02
5.721898047687862254e-02
5.614528680181035680e-02
5.507158624823163540e-02
5.399787881614245832e-02
5.292416450554281171e-02
5.185044331643270943e-02
5.077671524881219312e-02
4.970298030268116563e-02
4.862923847803973104e-02
4.755548977488778528e-02
4.648173419322542549e-02
4.669800494663817886e-02
4.688139993567509711e-02
4.703191935294305515e-02
4.714956339104907357e-02
4.723433224260001340e-02
4.728622610020287442e-02
4.730524515646459399e-02
4.729138960399210945e-02
4.724465963539238589e-02
4.716505544327237454e-02
4.576254400665338146e-02
4.436002761759340329e-02
4.295750627609241923e-02
4.155497998215045702e-02
4.015244873576748891e-02
3.876795142246997755e-02
3.748347789632478638e-02
3.629902854011471391e-02
3.521460373662264193e-02
3.423020386863135506e-02
3.334582931892374202e-02
3.256148047028259440e-02
3.187715770549080091e-02
3.129286140733113231e-02
3.080859195858647731e-02
3.040631085651317872e-02
3.000402862982726182e-02
2.960174527852869192e-02
2.919946080261749677e-02
2.879717520209364862e-02
2.839488847695718216e-02
2.799260062720806269e-02
2.759031165284630757e-02
2.718802155387192374e-02
2.678573033028489384e-02
2.638343798208523175e-02
2.598114450927293054e-02
2.557884991184799714e-02
2.517655418981042462e-02
2.247786611764221107e-02
1.981940722406333108e-02
1.720117762153505758e-02
1.462317742251863575e-02
1.208540673947534894e-02
9.587865684866445776e-03
7.130554371153199206e-03
4.713472910796862210e-03
2.336621416258712926e-03
0.000000000000000000e+00
0.000000000000000000e+00
0.000000000000000000e+00
0.000000000000000000e+00
0.000000000000000000e+00
0.000000000000000000e+00
0.000000000000000000e+00
0.000000000000000000e+00
0.000000000000000000e+00
0.000000000000000000e+00
0.000000000000000000e+00
0.000000000000000000e+00
0.000000000000000000e+00
0.000000000000000000e+00
0.000000000000000000e+00
0.000000000000000000e+00
0.000000000000000000e+00
0.000000000000000000e+00
