5.641758184558940694e-15
5.632929125447097139e-15
5.576544154948438209e-15
5.527875491853110222e-15
5.505243881431614109e-15
5.498766192103483312e-15
5.496521646334370176e-15
5.500287400622605865e-15
5.510063454968212468e-15
5.525307561165537540e-15
5.511071520174400931e-15
5.579257615629131855e-15
5.652260026040093443e-15
5.709571938506226253e-15
5.864686091665092261e-15
5.892675109809767208e-15
5.921085939552801931e-15
5.951376180070366374e-15
5.983015738831406618e-15
6.014810868557816574e-15
6.045552135129797796e-15
6.074767289115256599e-15
6.103322036516972788e-15
6.129848221483678870e-15
6.154185891175082343e-15
6.177423242716610074e-15
6.196642255755087440e-15
6.211730502199692459e-15
6.223111492601055834e-15
6.230389331352539865e-15
6.235089533263309501e-15
6.237781941132355210e-15
6.239159350175097456e-15
6.239492909702285683e-15
6.238549099280221753e-15
6.235085292429234219e-15
6.229259457801039847e-15
6.222159605775320295e-15
6.213644258999226356e-15
6.207166477876672886e-15
6.203466067873687475e-15
6.202985527061867304e-15
6.205116253462241119e-15
6.209909399497434147e-15
6.217762769791438370e-15
6.229244634172930006e-15
6.244278397342851475e-15
6.263145195501407975e-15
6.286435490425798395e-15
6.314324094310243368e-15
6.345584394039154852e-15
6.381211975145277263e-15
6.420946216873015552e-15
6.464564067362635581e-15
6.511852182103212726e-15
6.561476182340983563e-15
6.612932309386160837e-15
6.668055525828856688e-15
6.724907104490533493e-15
6.782626274556362191e-15
6.841628237824781751e-15
6.898962024946942025e-15
6.953572885574506273e-15
7.005882296556305560e-15
7.055417951808133238e-15
7.101844524049940319e-15
7.145622309623444265e-15
7.186389953902272852e-15
7.223751193586877637e-15
7.257636625145113280e-15
7.287825347560894132e-15
7.314197899379812537e-15
7.336727787195898466e-15
7.355457018482825194e-15
7.370933153590295573e-15
7.382352680890374734e-15
7.390774384741068229e-15
7.396468027107140192e-15
7.399783542660101948e-15
7.401082730912028376e-15
7.400787201344880653e-15
7.399277807673370923e-15
7.396927134171792880e-15
7.395151944879443040e-15
7.393466818046133133e-15
7.392873456829250044e-15
7.393933850661108749e-15
7.397255923649381547e-15
7.403225029274873047e-15
7.413028833774999882e-15
7.426642754077287361e-15
7.444417388720586789e-15
7.466500844469760817e-15
7.492369640703096706e-15
7.520408800356313956e-15
7.550237102373232739e-15
7.582861275044651980e-15
7.618080491399819516e-15
7.655776178617526616e-15
7.695719006305349958e-15
7.737570842750318453e-15
7.780573887648773470e-15
7.824327984096606989e-15
7.869013377732933496e-15
7.912032260247913433e-15
7.952503659395542312e-15
7.990911586078697893e-15
8.027387007663747619e-15
8.061730622112121467e-15
8.093678088907166292e-15
8.123145151835350722e-15
8.150108783101556178e-15
8.175813968169736102e-15
8.197857565017597021e-15
8.216096356337539103e-15
8.229931807800513477e-15
8.239705401256501569e-15
8.247645596520474003e-15
8.254120189703169855e-15
8.260292838777262685e-15
8.265342945654567376e-15
8.269980415780172643e-15
8.275195179389420994e-15
8.281001345382412172e-15
8.286535098743776127e-15
8.291927073396321074e-15
8.296623753571213177e-15
8.302497980629687593e-15
8.310037997439804786e-15
8.319648039979058667e-15
8.331539757308608277e-15
8.346359062803006969e-15
8.365628811895689193e-15
8.390236678761550939e-15
8.419569339049120261e-15
8.452530704577060884e-15
8.487659359456115577e-15
8.524744039614004655e-15
8.563717564364032065e-15
8.605231571674244582e-15
8.649050434734934371e-15
8.694940067571058644e-15
8.742694233379431310e-15
8.792329365947884954e-15
8.842216605339722315e-15
8.891446445823289556e-15
8.939612707135655158e-15
8.985232394178029647e-15
9.028791238327634113e-15
9.070301991198704442e-15
9.110641184950864075e-15
9.150735664100100671e-15
9.188621148991457500e-15
9.224478238801380169e-15
9.259195370668271985e-15
9.291215203938553348e-15
9.320367383728286115e-15
9.346750006431697220e-15
9.370417100714423449e-15
9.391434864318256499e-15
9.408768121800551731e-15
9.424654252178460532e-15
9.439152433304785948e-15
9.453158555389889991e-15
9.468266149530546732e-15
9.484866804347371844e-15
9.503056057582702366e-15
9.522538874114869391e-15
9.543867970777344108e-15
9.566898076684287120e-15
9.590688792879390296e-15
9.615413142915207087e-15
9.641195002224559224e-15
9.668919199847478759e-15
9.699122701628484245e-15
9.732222291413453148e-15
9.768588605782086065e-15
9.807987994431388878e-15
9.849393404912680859e-15
9.891602803145924762e-15
9.936222222288234589e-15
9.982991316223508171e-15
1.003129849924418191e-14
1.008049834334439308e-14
1.013000970688091651e-14
1.018021694065585989e-14
1.023268941306963719e-14
1.028449235468051880e-14
1.033655121399043167e-14
1.038641196568734430e-14
1.043388753801251709e-14
1.047878975258115453e-14
1.052092824778444064e-14
1.056014055347511802e-14
1.059624984098071838e-14
1.062873270611691952e-14
1.065523830693274262e-14
1.067888181021082718e-14
1.070082125378026088e-14
1.072128796471633971e-14
1.074046370437009251e-14
1.075771637540029156e-14
1.077276295897433785e-14
1.078620498591363968e-14
1.079843959700739509e-14
1.080924825987540079e-14
1.081835252824566791e-14
1.082580486358393633e-14
1.083167244444840548e-14
1.083629390214431889e-14
1.084149632733063652e-14
1.084796198413693815e-14
1.085621788885484367e-14
1.086582626894903452e-14
1.087519445704541999e-14
1.088721216348224352e-14
1.090211326213624891e-14
1.091999470795469678e-14
1.094067435987001658e-14
1.096403784292849797e-14
1.098996766384707920e-14
1.101828016176018101e-14
1.104885373625981380e-14
1.108404186930176798e-14
1.112344102859739246e-14
1.116413218958270425e-14
1.120594858471772984e-14
1.124861860150345411e-14
1.129188011747577208e-14
1.133552126297418135e-14
1.137932864700777851e-14
1.142261424025997668e-14
1.146495608029742575e-14
1.150658045359871721e-14
1.154634440953609672e-14
1.158531243625800917e-14
1.162467219911216073e-14
1.166421380732076446e-14
1.170263198861435107e-14
1.173980005240936301e-14
1.177569269466835949e-14
1.181085622118932721e-14
1.184546749415307818e-14
1.187891855724761817e-14
1.191067208120455466e-14
1.194077704318451283e-14
1.196958184872399816e-14
1.199650981817662670e-14
1.202201114793098949e-14
1.204791562626838454e-14
1.207444425759492625e-14
1.209934450025105328e-14
1.212497401727803421e-14
1.215141899696876167e-14
1.217879025246127442e-14
1.220730262678054239e-14
1.223716295500697402e-14
1.226852536930050741e-14
1.230121034436934130e-14
1.233532769821217419e-14
1.237100126372475806e-14
1.240837418476487779e-14
1.245044493251568879e-14
1.249523043574432185e-14
1.254156412723233541e-14
1.258938252364971291e-14
1.263862246461616376e-14
1.268921693669697913e-14
1.274099056078991273e-14
1.279311208140337541e-14
1.284522039189772563e-14
1.289773681121748946e-14
1.295099679928083792e-14
1.300480173728228889e-14
1.305783944490088761e-14
1.310992193775834001e-14
1.316257481020003574e-14
1.321426971200027289e-14
1.326478231171848037e-14
1.331399606448973136e-14
1.336184451483018919e-14
1.340885317362683966e-14
1.345529894703340903e-14
1.350062869030833070e-14
1.354392021133111221e-14
1.358523024606268244e-14
1.362494949393298116e-14
1.366313001386772508e-14
1.369923683987953571e-14
1.373318883681410361e-14
1.376569324863487784e-14
1.379788591786999884e-14
1.383001801445029353e-14
1.386227396667136316e-14
1.389479604160851343e-14
1.392772278461272701e-14
1.396127620698608772e-14
1.399579940615386691e-14
1.403153092085322099e-14
1.406868840838867561e-14
1.410721905059097975e-14
1.414707930369928319e-14
1.418949567920793939e-14
1.423728610661956592e-14
1.428620646532710800e-14
1.433718398141894074e-14
1.439049980643991715e-14
1.444648296233384802e-14
1.450497683186943928e-14
1.456546389361979783e-14
1.462764198505223287e-14
1.469193731799099526e-14
1.475911574327905800e-14
1.482908439757396474e-14
1.490175041753323701e-14
1.497706146067237946e-14
1.505489383232701076e-14
1.513479341270031912e-14
1.521495116575948988e-14
1.529687852199086607e-14
1.538054946439114248e-14
1.546593048494507236e-14
1.555284993306495526e-14
1.564174766221275270e-14
1.573312499665792317e-14
1.582682975094104331e-14
1.592144911603517341e-14
1.601705800627410458e-14
1.611401306066747134e-14
1.621270486994799361e-14
1.631332442985016512e-14
1.641418153903386089e-14
1.651527158527135904e-14
1.661997523291017336e-14
1.672861689181604283e-14
1.684136565960093830e-14
1.695883994380370278e-14
1.708146338646592352e-14
1.720973345419138431e-14
1.734425515808970313e-14
1.748565332119587827e-14
1.763453029455835047e-14
1.779162858143518668e-14
1.795782696512570885e-14
1.813454107729750812e-14
1.832290330745004558e-14
1.852363300331377615e-14
1.873812721476142436e-14
1.896565654143437281e-14
1.920859704819733876e-14
1.946900154279490376e-14
1.974911401244439085e-14
2.004954854324866453e-14
2.037153533165537940e-14
2.071757093576389360e-14
2.108868507174545575e-14
2.148573429494358755e-14
2.190984091229839368e-14
2.236234040341862374e-14
2.284459115010572837e-14
2.336007991667781559e-14
2.390551895077207688e-14
2.448227528837687369e-14
2.509338645841294394e-14
2.574195426803829161e-14
2.642989394248968377e-14
2.715905550343555631e-14
2.793140499137070117e-14
2.875105523569057583e-14
2.962136806546040123e-14
3.054372357724957985e-14
3.151974031214050033e-14
3.255219965535328343e-14
3.364402351761347855e-14
3.479766230171758556e-14
3.601438150597230756e-14
3.729942316789310160e-14
3.864873082198832967e-14
4.007638685593845356e-14
4.158620519003357335e-14
4.318466138774183247e-14
4.487842479159998186e-14
4.667416474414475354e-14
4.857871649269414507e-14
5.060061113404926311e-14
5.274844240376505526e-14
5.503058072390711723e-14
5.745750660999469385e-14
6.004453033541882975e-14
6.280752775077269047e-14
6.576386696141920495e-14
6.893103133552633508e-14
7.234188275459810092e-14
7.601801752574599133e-14
8.000691001404985791e-14
8.434256448734419641e-14
8.904345311409530827e-14
9.412938879813490084e-14
9.962202602358096831e-14
1.055426445499971565e-13
1.119114688066370974e-13
1.187487232227544104e-13
1.260746087557686223e-13
1.339095300373681802e-13
1.422820935054559947e-13
1.512278298579581116e-13
1.607635079026645992e-13
1.709170905143488708e-13
1.817227097716390421e-13
1.932143001084099356e-13
2.054454389219360086e-13
2.184597966951910529e-13
2.322990469726758584e-13
2.470044948675255784e-13
2.626303418646828284e-13
2.792462977663955861e-13
2.969157601019122633e-13
3.156771117815582699e-13
3.355868164474766452e-13
3.566995501050549948e-13
3.790545459681065049e-13
4.027036645796240318e-13
4.276868312780757809e-13
4.540658896388542503e-13
4.818250294300276006e-13
5.112155972504325610e-13
5.423592911813865174e-13
5.754044459161281284e-13
6.105027502825554318e-13
6.478058931085663642e-13
6.874803911017844395e-13
7.297259180253542691e-13
7.747349782346248750e-13
8.227198234292543475e-13
8.739439001953406804e-13
9.287315747779419128e-13
9.875420174915878842e-13
1.051028781317939598e-12
1.119727517730733850e-12
1.193973107942399605e-12
1.274342166422252203e-12
1.361040768285383660e-12
1.454489708209625028e-12
1.555028409058938326e-12
1.663017588920658203e-12
1.778857430201566433e-12
1.902927827078325830e-12
2.035608673727591936e-12
2.177279864326027162e-12
2.328321099299370092e-12
2.489098136219922353e-12
2.659980307753142791e-12
2.841613427982002268e-12
3.034417281732688720e-12
3.238941302348907660e-12
3.455672303976069061e-12
3.685303111157524476e-12
3.928534685223364596e-12
4.186281455233948409e-12
4.459659929254905555e-12
4.749575918839423465e-12
5.056914759280670036e-12
5.382543083553635165e-12
5.727811821859704376e-12
6.094159687908827734e-12
6.482773025161446008e-12
6.894527176985160861e-12
7.330773208900165419e-12
7.792620926540200303e-12
8.281676853163540648e-12
8.799750986773717757e-12
9.348752931102332912e-12
9.930572995613533386e-12
1.054541535813416603e-11
1.119945694378932185e-11
1.189704775408500964e-11
1.264214920355303088e-11
1.343974107759863561e-11
1.429510839577066627e-11
1.521499234410479981e-11
1.620917151811694345e-11
1.728494584259276988e-11
1.844654185153582937e-11
1.969822286368656321e-11
2.104478130205306860e-11
2.249246461822800310e-11
2.404749672360972144e-11
2.571586540579667547e-11
2.750340915014488318e-11
2.942175707660195235e-11
3.147619409960503513e-11
3.367307493834026045e-11
3.602204923814309046e-11
3.853117109537747797e-11
4.120929374116218922e-11
4.406500519573416003e-11
4.710689347933050721e-11
5.034342043391783763e-11
5.378261681078313845e-11
5.743247750888825705e-11
6.130198376705543734e-11
6.540436064243084198e-11
6.974960172647274355e-11
7.434992070813982226e-11
7.921791986336511752e-11
8.436424782568810327e-11
8.980441823539274541e-11
9.555789254102590857e-11
1.016441997428400087e-10
1.080929006228743219e-10
1.149279180779559802e-10
1.221731742027616266e-10
1.298542668996932715e-10
1.380084552364290958e-10
1.466905007381582369e-10
1.559543021280590654e-10
1.658389841364196874e-10
1.763851518194740778e-10
1.876467482970063103e-10
1.996761134942342905e-10
2.125361936073673069e-10
2.263035200930191993e-10
2.410766632335723359e-10
2.570057667230568989e-10
2.741059229382560882e-10
2.925581908646311351e-10
3.124525261897669829e-10
3.338755172245734408e-10
3.569127659400984418e-10
3.816473015559653388e-10
4.081594120101855004e-10
4.365289920668906616e-10
4.668359364902107477e-10
4.991613207592054409e-10
5.335985038569006623e-10
5.702454607481381395e-10
6.092143184918142245e-10
6.506302530144450199e-10
6.946271661451022026e-10
7.413287505202183103e-10
7.908998009886898677e-10
8.436376788803351463e-10
8.995965027133974578e-10
9.589860230005611388e-10
1.022052316687451836e-09
1.088982780707710580e-09
1.159957786728807223e-09
1.235157692874279077e-09
1.314748726226539526e-09
1.398904163685403255e-09
1.487847763452018810e-09
1.581758875779722343e-09
1.680951344537764614e-09
1.785644469162874925e-09
1.896170824073161011e-09
2.012912912950471527e-09
2.136366460372737184e-09
2.267001743476807645e-09
2.405412723757715661e-09
2.552289234831713090e-09
2.708527762395992650e-09
2.875360270654231258e-09
3.053719943640191732e-09
3.244742604878493815e-09
3.449858789506185689e-09
3.671390395354489365e-09
3.911254136506900179e-09
4.171014942544777041e-09
4.452167504355849117e-09
4.755397148685211574e-09
5.081817675307784618e-09
5.432419514433026992e-09
5.808171902483498946e-09
6.210095484933207583e-09
6.639210907256161661e-09
7.096703279916626646e-09
7.583874284225515087e-09
8.101090256771509635e-09
8.652844632282513312e-09
9.241109052822916647e-09
9.867855718158412484e-09
1.053498540587856583e-08
1.124437672188941646e-08
1.199786171020995967e-08
1.279740111273281683e-08
1.364561372588803292e-08
1.454502647856117165e-08
1.549807042751661983e-08
1.650696997743778245e-08
1.757375726492825949e-08
1.870179940771797882e-08
1.989430528871455227e-08
2.115599347787703853e-08
2.249204337752873979e-08
2.390803955911412078e-08
2.541513713388787773e-08
2.701672978102465497e-08
2.872107546719354588e-08
3.053510626960121929e-08
3.246749533517544151e-08
3.452695631643869237e-08
3.672220286591346492e-08
3.906200827268203302e-08
4.155805396938143116e-08
4.422356126442089085e-08
4.707460643460282115e-08
5.013041496978760152e-08
5.342245224643161523e-08
5.697086967562661460e-08
6.078845991604715248e-08
6.488801562636809935e-08
6.928104486541455243e-08
7.398152000709292107e-08
7.900809854473404840e-08
8.438535733159764492e-08
9.013747936133050315e-08
9.628398849156678290e-08
1.028488908096317654e-07
1.098556769559396828e-07
1.173277831341353009e-07
1.252882290288718726e-07
1.337732546464011345e-07
1.428184372938976943e-07
1.524526752032514131e-07
1.626885870738815414e-07
1.735454548387969703e-07
1.850465791091208830e-07
1.972232076351935293e-07
2.101072922354890465e-07
2.237307847284814391e-07
2.381134140099802210e-07
2.532863470306852480e-07
2.693258912730200675e-07
2.863022349781276742e-07
3.042543882757633522e-07
3.232301967334503152e-07
3.432927021601219502e-07
3.645123051171295389e-07
3.869594061658231981e-07
4.107056904674039362e-07
4.358201369492202308e-07
4.623870893828465854e-07
4.905067981070061963e-07
5.202799090076732565e-07
5.518110593876277333e-07
5.852393790670519110e-07
6.208287027441523100e-07
6.588598467428442772e-07
6.996636757659109044e-07
7.436899154639631640e-07
7.911522870685505599e-07
8.424961276312329999e-07
8.978870097911794935e-07
9.575389977994867095e-07
1.021663260181167031e-06
1.090461245852668577e-06
1.164133659156710857e-06
1.242881303574072382e-06
1.326977471578278154e-06
1.416706853948502099e-06
1.512307344485574205e-06
1.614021017626392332e-06
1.722113776698045774e-06
1.836832964330453674e-06
1.958422040877495718e-06
2.087124466693043964e-06
2.223183702130978519e-06
2.366714337314888685e-06
2.517915154644405495e-06
2.677849577589001474e-06
2.847431623232669454e-06
3.027316728413884778e-06
3.218160997690340987e-06
3.420581417416757309e-06
3.635069730862046002e-06
3.862100699669408379e-06
4.102097631781024154e-06
4.355720903344145869e-06
4.624619762225275247e-06
4.910178102324743528e-06
5.213963663196383295e-06
5.536670338761643180e-06
5.879343218161096822e-06
6.243057551354797813e-06
6.629428371364572409e-06
7.040120833409980275e-06
7.477601009857822397e-06
7.944395664916663351e-06
8.443943053563891812e-06
8.981418760347411801e-06
9.562591772920199596e-06
1.019079091889870216e-05
1.086851497752868897e-05
1.159826272805597351e-05
1.238253294972632187e-05
1.322395329201583392e-05
1.412506721212452035e-05
1.508753284361185911e-05
1.611309831320651009e-05
1.720427474997709269e-05
1.836444100427948357e-05
1.959697592646960170e-05
2.090546319644356310e-05
2.229512472258257560e-05
2.377136222296421522e-05
2.533920689335271290e-05
2.700293772491117907e-05
2.876686891747806161e-05
3.063923381878960934e-05
3.263704783550922797e-05
3.475914917308601046e-05
3.701286115393254361e-05
3.940536695909055523e-05
4.194379954826598896e-05
4.463443063831090630e-05
4.748344534526646867e-05
5.049611729440513111e-05
5.367598278142870371e-05
5.702598469893404968e-05
6.055194917716612220e-05
6.426482525633659499e-05
6.817663313092859050e-05
7.229939299542548865e-05
7.664512504431040510e-05
8.122584947206672656e-05
8.603808835357348622e-05
9.114940975055854720e-05
9.659137895242739138e-05
1.023948774595515336e-04
1.085907867723020820e-04
1.152246083923063485e-04
1.223561046475896445e-04
1.300079718050938253e-04
1.382019379999113457e-04
1.469597313671347418e-04
1.563030800418564682e-04
1.662677395021235711e-04
1.768874760922706170e-04
1.882129840924809459e-04
2.002788880648281866e-04
2.130838035041503198e-04
2.266647654561012107e-04
2.410605540888813303e-04
2.563099495706909871e-04
2.724517320697305168e-04
2.895246817542006614e-04
3.075968975650859904e-04
3.267365786340919727e-04
3.469895629629525893e-04
3.684006173991314498e-04
3.910145087900907001e-04
4.148760039832941667e-04
4.400308815963757084e-04
4.665686649942796900e-04
4.945152976222813709e-04
5.239322212741974894e-04
5.548806938115904280e-04
5.874219730960236535e-04
6.216024921582640828e-04
6.574527849741954467e-04
6.950402717710887739e-04
7.344118743630263443e-04
7.757438646419785285e-04
8.192760051018868703e-04
8.652302317322857397e-04
9.139691575263769697e-04
9.657686759706743873e-04
1.020874997760829860e-03
1.079613922520969004e-03
1.142904735104772335e-03
1.210838852737364767e-03
1.284024757671626757e-03
1.362805968952755841e-03
1.447409191346439323e-03
1.538031810845585804e-03
1.634870670174765582e-03
1.738140680326930422e-03
1.848056752295025367e-03
1.964833797072001748e-03
2.088686725650803957e-03
2.219829437254212858e-03
2.358268496999170287e-03
2.504333877187512811e-03
2.658504319949573681e-03
2.821666752564291284e-03
2.994653894768702172e-03
3.177996397726973957e-03
3.372224912603274689e-03
3.577870090561771545e-03
3.795484049311671076e-03
4.025489556484290223e-03
4.268245889108976919e-03
4.524112324215076933e-03
4.793301483393228035e-03
5.076083407147656198e-03
5.373076849844648714e-03
5.685147219251059786e-03
6.013254992505405981e-03
6.359193315325654440e-03
6.724238268402027603e-03
7.109586606906071610e-03
7.515190603716254657e-03
7.941782473127276601e-03
8.390094429433853779e-03
8.861155032948332330e-03
9.358050941926930252e-03
9.882456406720203923e-03
1.043603658612704717e-02
1.102045663894632259e-02
1.163756081145504544e-02
1.229092247279662403e-02
1.298480461274473426e-02
1.371958219509396976e-02
1.449509910418001098e-02
1.531163904887451223e-02
1.616948573804913997e-02
1.706892288057555024e-02
1.801023418532540429e-02
1.899370336117035818e-02
2.001961411698208529e-02
2.108825016163222432e-02
2.219894230360716300e-02
2.334072159024633622e-02
2.453572773273861654e-02
2.578504355807711979e-02
2.708902491910289423e-02
2.844802112258357218e-02
2.986238147528674780e-02
3.133279957270641153e-02
3.286133030690910339e-02
3.446840521287079101e-02
3.613433762389081649e-02
3.785834629428380671e-02
3.963759188042046550e-02
4.147064744657722596e-02
4.335609514858208835e-02
4.529018143082104431e-02
4.727050303527911834e-02
4.929396163620097804e-02
5.135662051737242134e-02
5.345802280340980484e-02
5.559829690593028062e-02
5.777743348058788503e-02
5.999542318303665439e-02
6.225981423993177943e-02
6.458058552567964850e-02
6.695963641018466694e-02
6.939870650733540036e-02
7.189953543102033107e-02
7.446481569551327562e-02
7.712905713715992317e-02
7.984284096712367107e-02
8.260358502966622107e-02
8.540870716904920557e-02
8.825562522953432631e-02
9.114175705538327121e-02
9.406452049085768652e-02
9.702133338021924625e-02
9.998904619953240258e-02
1.029801062541040729e-01
1.059946573082332227e-01
1.090328431262188313e-01
1.120948074723598642e-01
1.151920025555108473e-01
1.183233477251345450e-01
1.214874836034205846e-01
1.246816859217359658e-01
1.279032304114477714e-01
1.311493928039229595e-01
1.344174488305286130e-01
1.377046742226317733e-01
1.410083447115994260e-01
1.443181784577974858e-01
1.476214629738406281e-01
1.509135652768454627e-01
1.541900121399445434e-01
1.574463303362704791e-01
1.606780466389557405e-01
1.638292950478934806e-01
1.669155011882324791e-01
1.699314028127071330e-01
1.728717376740519507e-01
1.757312435250014682e-01
1.785239231380796321e-01
1.813076940628605693e-01
1.840806326868955067e-01
1.868422261816071739e-01
1.896078502207456107e-01
1.923796442347948388e-01
1.951523174790488757e-01
1.978959903693761624e-01
2.005664676798191159e-01
2.031643403382849267e-01
2.056891277023551179e-01
2.082833206164685924e-01
2.107342001114929086e-01
2.130408325892083621e-01
2.152022844513953037e-01
2.172176220998339735e-01
2.190859119363046947e-01
2.208062203625877629e-01
2.223776137804635289e-01
2.237991585917122050e-01
2.250699211981141423e-01
2.262199918625023287e-01
2.272895335029657127e-01
2.283087816431303152e-01
2.292871886660685365e-01
2.302288244454610278e-01
2.311377588549883844e-01
2.320180617683312296e-01
2.328545380393807485e-01
2.335880777449778345e-01
2.342194121239864479e-01
2.347492724152705768e-01
2.351670227278009617e-01
2.354683651877895190e-01
2.356564320966380854e-01
2.357589445951741303e-01
2.357753269607758273e-01
2.355881633034515588e-01
2.351963078576502775e-01
2.345931828615566150e-01
2.340904404823672125e-01
2.336890474029809373e-01
2.333899703062965181e-01
2.331941758752128779e-01
2.332280302713403697e-01
2.332933607408922139e-01
2.333181038471376367e-01
2.333045951219560321e-01
2.332551700972267661e-01
2.331411404437765122e-01
2.329237451771760670e-01
2.326040561184368194e-01
2.321831450885701864e-01
2.316620839085876127e-01
2.310419443995005151e-01
2.303237983823202550e-01
2.295087176780583327e-01
2.285977741077260816e-01
2.275920394923350298e-01
2.264925856528964554e-01
2.253004844104219417e-01
2.240168075859227947e-01
2.226898820033881288e-01
2.213542032819819649e-01
2.200423375287853811e-01
2.188737734352179665e-01
2.178517295682589339e-01
2.168418850042941326e-01
2.157468987042687747e-01
2.145683297425133029e-01
2.133077371933580768e-01
2.119666801311335114e-01
2.104213181514582309e-01
2.088723497653483252e-01
2.073943641667637117e-01
2.059875515810541957e-01
2.046521022335696105e-01
2.030922493072143675e-01
2.015414087655870712e-01
2.000880824202350694e-01
1.987325714392645382e-01
1.974751769907819032e-01
1.963162002428933961e-01
1.952372748664073787e-01
1.941634808057641770e-01
1.930952065374695881e-01
1.920328405380292702e-01
1.909767712839489928e-01
1.899273872517344142e-01
1.888850769178913869e-01
1.878029737559478995e-01
1.866480424442570896e-01
1.854204812339748654e-01
1.841204883762572742e-01
1.827482621222601133e-01
1.813040007231394579e-01
1.797879024300511885e-01
1.782001654941512969e-01
1.765409881665956360e-01
1.748105686985402529e-01
1.730091053411410007e-01
1.711367963455538987e-01
1.691938399629348555e-01
1.672947928572904586e-01
1.654486549182762334e-01
1.639515957453104855e-01
1.625706021571173832e-01
1.612175751244723787e-01
1.598926162615919300e-01
1.585958271826924670e-01
1.573273095019905032e-01
1.561058323310004770e-01
1.549750325393652317e-01
1.537355672313063526e-01
1.523874485430967984e-01
1.509306886110095558e-01
1.493652995713176668e-01
1.476912935602941179e-01
1.463214532642939103e-01
1.449648898426336985e-01
1.436216333339379869e-01
1.422917137768315021e-01
1.409751612099387208e-01
1.396720056718843694e-01
1.383822772012929803e-01
1.371060058367892243e-01
1.358432216169977169e-01
1.345939545805430460e-01
1.333582347660497991e-01
1.321360922121426751e-01
1.309275569574462061e-01
1.296183006277344951e-01
1.281995516231324295e-01
1.266713256764476492e-01
1.250336385204876832e-01
1.232865058880601855e-01
1.214299435119726711e-01
1.194639671250327939e-01
1.173885924600480551e-01
1.152038352498260948e-01
1.129413971954139478e-01
1.108006512312147140e-01
1.087816152595799946e-01
1.079528336091277047e-01
1.071962533490339181e-01
1.065118936724084170e-01
1.054870032222788856e-01
1.044125021687116045e-01
1.032883918024646713e-01
1.021146734142962392e-01
1.008913482949644613e-01
9.961841773522747689e-02
9.829588302584343906e-02
9.692374545757050097e-02
9.550200632116680188e-02
9.403066690739049494e-02
9.250972850699971939e-02
9.097328492847811532e-02
8.947694801240249629e-02
8.802072012433230508e-02
8.660460362982695670e-02
8.522860089444592169e-02
8.389271428374862893e-02
8.259694616329452121e-02
8.134129889864308294e-02
8.012577485535372912e-02
7.895037639898590254e-02
7.781510589509904596e-02
7.671996570925261605e-02
7.566495820700604169e-02
7.465008575391877954e-02
7.260682428928398602e-02
7.065324701183664513e-02
6.878935499637800488e-02
6.701514931770938266e-02
6.533063105063205422e-02
6.373580126994736472e-02
6.223066105045658297e-02
6.081521146696101249e-02
5.948945359426195678e-02
5.825338850716069855e-02
5.547921738533254793e-02
5.282408826308956223e-02
5.028800235213082281e-02
4.787096086415545265e-02
4.553887249313703228e-02
4.323612790095603120e-02
4.096272722451026194e-02
3.871867060069752314e-02
3.650395816641562735e-02
3.431859005856237321e-02
3.216256641403556632e-02
3.003588736973302267e-02
2.793855306255253051e-02
2.587056362939190932e-02
2.383191920714895773e-02
2.182261993272148481e-02
1.984266594300728923e-02
1.789205737490418002e-02
1.597079436530995586e-02
1.407887705112243273e-02
1.221630556923941104e-02
1.038308005655869982e-02
8.579200649978101223e-03
6.804667486395422557e-03
5.059480702708467684e-03
3.343640435815041327e-03
1.657146822612950597e-03
0.000000000000000000e+00
0.000000000000000000e+00
0.000000000000000000e+00
0.000000000000000000e+00
0.000000000000000000e+00
0.000000000000000000e+00
0.000000000000000000e+00
0.000000000000000000e+00
0.000000000000000000e+00
0.000000000000000000e+00
