1.898511803653048219e+03
9.406080626387215489e+02
6.253341218301757181e+02
4.668293298344773916e+02
3.720007325212288833e+02
3.079598454681906219e+02
2.617602109064750380e+02
2.274462529845905578e+02
2.004767517161410808e+02
1.788767108720130352e+02
1.614042008532356931e+02
1.465215389432756012e+02
1.339791065305951463e+02
1.231211282345497295e+02
1.138914702757988380e+02
1.057375578138587287e+02
9.856771923781769829e+01
9.232278476969447922e+01
8.668358649733073662e+01
8.178829123920132815e+01
7.746021414326584420e+01
7.368366266867509751e+01
7.046382946735906216e+01
6.777648116618861707e+01
6.569633612851745852e+01
6.447064097013966943e+01
6.460001363931161222e+01
6.805287103472549859e+01
8.976011958119511291e+01
3.924080567691907362e+01
2.832829578480679089e+01
2.231694175488255993e+01
1.825667369676896357e+01
1.880471285483241672e+01
2.172742308435998737e+01
2.523688148564327349e+01
2.977543096338274964e+01
4.363047330545280289e+01
3.953208986021287785e+01
3.789085211377257423e+01
2.970673598602860466e+01
2.523626169845045553e+01
2.185836807058799636e+01
1.989668029967875640e+01
1.771491083199553529e+01
1.634481625376965397e+01
1.475819928285151050e+01
1.360177979116420133e+01
1.259195874819767980e+01
1.175249930101932172e+01
1.046889997084087121e+01
1.057015033567821227e+01
1.016951079802847779e+01
1.007083393207033595e+01
1.038357355675255178e+01
2.599721010117413744e+00
2.378176900708266484e+00
2.179882957753786599e+00
1.991418914324789791e+00
1.831448831217840967e+00
1.672664916621185327e+00
1.066694954529319173e+00
1.037167682983144656e+00
1.013408484537397847e+00
9.910286256135989458e-01
9.739853191942019484e-01
9.582651280797072069e-01
9.461261697306093676e-01
9.360874553939352305e-01
9.321478443593964602e-01
9.300302841952792221e-01
9.278749861168010815e-01
9.338890896559507437e-01
9.478140520551170400e-01
1.175421492668326406e+00
6.781147924594695953e-01
6.426855867021022961e-01
5.983022646789013521e-01
5.604154398006840898e-01
5.186711502140186614e-01
4.768343238327468758e-01
4.348971056307316396e-01
2.708959503748427089e-01
8.642839950956230366e-01
9.410868158238673287e-01
1.034552645087516654e+00
1.098456905072813683e+00
1.357864402277698446e+00
1.138004001597707093e+00
7.773999329486895871e-01
6.148126249121136366e-01
5.125366826544888177e-01
4.396291158272230826e-01
3.854726811075768200e-01
3.442301629394175499e-01
3.148001489625804061e-01
2.962794290108210493e-01
3.131038443758302203e-01
4.317483295818904110e-01
0.000000000000000000e+00
