1.892003080585927592e+03
1.260324512727455158e+03
9.429072314533256076e+02
7.532887068040038230e+02
6.254666952065721262e+02
5.346764620818355525e+02
4.665133916122542246e+02
4.141793199276646078e+02
3.712405063539896446e+02
3.364073442761228989e+02
3.073886377868454929e+02
2.829596899685371341e+02
2.619371724265095622e+02
2.434032338163056295e+02
2.273339878783111772e+02
2.131138990754415374e+02
2.005975963431535263e+02
1.891059043705391502e+02
1.788412445956479360e+02
1.696406108116207463e+02
1.612626079920606514e+02
1.535413455847469777e+02
1.463887862308025092e+02
1.398815646832160269e+02
1.338832976779056878e+02
1.282844445177626369e+02
1.230872617863444418e+02
1.183064234771030385e+02
1.138508995829791957e+02
1.096308823678267430e+02
1.056868561775594060e+02
1.019944182867074005e+02
9.852899403128333233e+01
9.530730819076609350e+01
9.225003990344229976e+01
8.940850770035473261e+01
8.671147407039406119e+01
8.417832050195137583e+01
8.178197244776343666e+01
7.955536180113006139e+01
7.746241953726639906e+01
7.550100591938934258e+01
7.367335496244174919e+01
7.198225512971347939e+01
7.042555080060526507e+01
6.899578488857656566e+01
6.773114970401294954e+01
6.661188198043106468e+01
6.565156724994433546e+01
6.492435929852683785e+01
6.444606197123127345e+01
6.428551938216945416e+01
6.461826926664500093e+01
6.568340669774228502e+01
6.802129061235432061e+01
7.330150087163352168e+01
8.921998159009933715e+01
5.419344007783000450e+01
3.917235207124574714e+01
3.258555053070982410e+01
2.824562658289009676e+01
2.500633168944540685e+01
2.237500950854999004e+01
2.016290800502040526e+01
1.829558554909243284e+01
1.690699350698576353e+01
1.865970134164881244e+01
2.018659478681235342e+01
2.173282725111991809e+01
2.333643837313891467e+01
2.514440967256174275e+01
2.717684073488960195e+01
2.982830462472078281e+01
3.363457220429646100e+01
4.215907717477494288e+01
3.998796639020969934e+01
3.945298711809652303e+01
5.133544642496368482e+01
3.817647184282611050e+01
3.288749695332541023e+01
2.949921857563542105e+01
2.710230063786011101e+01
2.522953728304347365e+01
2.355496313868860625e+01
2.207763955651442345e+01
2.091474401261605109e+01
1.964037857617085692e+01
1.871777045328514433e+01
1.764911439225622658e+01
1.693907836217987395e+01
1.607949140773445507e+01
1.545768569229328548e+01
1.476090305216174414e+01
1.415586076943683835e+01
1.359216799536786091e+01
1.307192581675595910e+01
1.259513393888799904e+01
1.215564598262372797e+01
1.174951253133667883e+01
1.140580177308143739e+01
1.116878580011644040e+01
1.096749646639048059e+01
1.051875963164615335e+01
1.031266394412851461e+01
1.015658602354683815e+01
1.006400470110664713e+01
1.005643230065374105e+01
1.015410619208206988e+01
1.038216474103671416e+01
2.719509311435493792e+00
2.598662253458567939e+00
2.484584428469455375e+00
2.373439428471200596e+00
2.272310333145716843e+00
2.173920064971439636e+00
2.080539155965579035e+00
1.988102409597763298e+00
1.907732759771285425e+00
1.827487542440667800e+00
1.749515245861750001e+00
1.676022736423541604e+00
1.623710394364095588e+00
1.066115461992265034e+00
1.051305865289495989e+00
1.037682687872339082e+00
1.025020025206362595e+00
1.012927275027299068e+00
1.001860392934103228e+00
9.911530747495382876e-01
9.811631860685503526e-01
9.727519353808276037e-01
9.644855632808165824e-01
9.570747495426286111e-01
9.503567397979107989e-01
9.454382313082684286e-01
9.398069723149936605e-01
9.357961361701961911e-01
9.323801703596402701e-01
9.311640177232155535e-01
9.288864424699824207e-01
9.282705678095050095e-01
9.276268775990755833e-01
9.281438762072067306e-01
9.293466367036288256e-01
9.316492577970133526e-01
9.372104789515801615e-01
9.476593110408675358e-01
9.822844842892162198e-01
1.195766276717634469e+00
7.503142382961498491e-01
6.816818576958181275e-01
6.635169445678743561e-01
6.426530036987724293e-01
6.203880853302624621e-01
5.984239011570243738e-01
5.770675643768142793e-01
5.564828995520322286e-01
5.370958822527568399e-01
5.150685478074795709e-01
4.963808957759003326e-01
4.768413062237484290e-01
4.616909372040942094e-01
4.388357287381184912e-01
4.225485238523132847e-01
2.744931740469551129e-01
8.420202880866697326e-01
8.681720753538944013e-01
9.088443968076327373e-01
9.447675889892700463e-01
1.092486690448708497e+00
1.031029717945147528e+00
1.053603221909143128e+00
1.097950768517836462e+00
1.189087534508812993e+00
1.365691069912016387e+00
2.146949265453795608e+00
1.137938147634669050e+00
9.093715734271520246e-01
7.771894288097841441e-01
6.847688822490329841e-01
6.147547117338940659e-01
5.585390156779226345e-01
5.121191040977237652e-01
4.729317700535903835e-01
4.393970224613498177e-01
4.104858952416347573e-01
3.852583653149019294e-01
3.637993088309074974e-01
3.447172702587577575e-01
3.286120083744825116e-01
3.153843755766695955e-01
3.043169692932604087e-01
2.967060787563631785e-01
2.923010059169981467e-01
3.121362827333664658e-01
3.517055147268086657e-01
4.323447629362609512e-01
7.345509168038051317e-01
0.000000000000000000e+00
