1.891927027698856136e+03
1.260293754560903835e+03
9.429801345443630680e+02
7.533837700388937719e+02
6.255659207197772957e+02
5.347832207468215984e+02
4.666335678661902762e+02
4.143112091039106417e+02
3.713835351091693724e+02
3.365597238266336149e+02
3.075547102222723197e+02
2.831370937930529976e+02
2.621242348748296536e+02
2.436007312146117272e+02
2.275426243055450470e+02
2.133426399094784927e+02
2.008487674665225882e+02
1.893664711604745321e+02
1.791058973712944180e+02
1.699036727645729172e+02
1.615230582277000053e+02
1.537985343071605371e+02
1.466450386834863764e+02
1.401330386727931909e+02
1.341334703129505499e+02
1.285329667438785464e+02
1.233295916797030429e+02
1.185467937000364742e+02
1.140893841582413870e+02
1.098585647916629000e+02
1.059123202438718465e+02
1.022133172925557005e+02
9.874155829728340450e+01
9.552087478857337999e+01
9.245875915475019724e+01
8.961548533969343566e+01
8.691138510820201191e+01
8.437689711356767930e+01
8.197591328764558227e+01
7.974890596457629499e+01
7.765375844368784897e+01
7.569017140346049644e+01
7.385825300303869767e+01
7.216225272428295057e+01
7.060357821660149114e+01
6.916660500333622963e+01
6.790137133767514399e+01
6.677044831722869844e+01
6.581380548427009103e+01
6.507628107916866611e+01
6.459885201475236727e+01
6.443579508205830564e+01
6.476473710258966321e+01
6.583141649612086610e+01
6.816623983450914182e+01
7.344880275630977451e+01
8.937644103380118565e+01
5.432916265464857730e+01
3.930598286458032931e+01
3.271369453669492344e+01
2.836923484547346419e+01
2.512882156395011535e+01
2.249738936397912781e+01
2.028788493669628323e+01
1.842483772337964609e+01
1.704288905727336711e+01
1.880578139148018479e+01
2.033838586640722212e+01
2.189220692217574182e+01
2.349903330799549650e+01
2.530908716503024891e+01
2.734392302918994844e+01
2.999804094596791160e+01
3.380987845177357798e+01
4.235188511591388050e+01
4.017577269695301823e+01
3.963903135099656794e+01
5.154845510816427634e+01
3.836842796873115446e+01
3.306970930204954584e+01
2.967775566274644206e+01
2.727996049930330003e+01
2.540711128206808311e+01
2.373204723481233458e+01
2.225428517724447630e+01
2.109256883035498475e+01
1.981791612368606081e+01
1.889740667958417930e+01
1.783182256911091912e+01
1.712900122683771897e+01
1.627343088980287078e+01
1.566080093892136560e+01
1.497424306486901102e+01
1.438230703503970531e+01
1.382997802997446968e+01
1.330175545237566936e+01
1.281561429750635739e+01
1.238450521015990979e+01
1.197276498509877207e+01
1.161080241955679071e+01
1.136953895979698714e+01
1.115523137605288362e+01
1.069947728032160406e+01
1.048939166413313373e+01
1.033029111119127386e+01
1.023371124698829249e+01
1.022722343892394470e+01
1.032816001979663056e+01
1.056183361680097121e+01
2.848186487329722905e+00
2.725873890243497133e+00
2.610096177169291209e+00
2.496764418137331187e+00
2.395914217733309481e+00
2.298258486634008335e+00
2.205713923562267365e+00
2.114274699640187105e+00
2.035458142588344899e+00
1.957468946715536395e+00
1.881390582201187822e+00
1.810817915818583757e+00
1.759967794538749963e+00
1.204488193777690341e+00
1.196760311785328046e+00
1.188527221669630762e+00
1.179642415656530385e+00
1.170617919752211522e+00
1.160962195545321762e+00
1.155450944213400000e+00
1.153518902260795898e+00
1.152678662331411363e+00
1.159757358038190356e+00
1.165825285863452354e+00
1.178517378280217187e+00
1.185151205833539168e+00
1.216275396839665568e+00
1.243739545443934835e+00
1.274899333052530226e+00
1.323234723946922653e+00
1.380013133540137993e+00
1.448837197917204112e+00
1.520237048158062487e+00
1.604305135033252672e+00
1.695730037247526356e+00
1.796740674274888150e+00
1.940811669769821890e+00
2.133631223845676050e+00
2.367463619893219740e+00
2.896179292650583381e+00
1.196983105735029751e+00
1.134712655374168655e+00
1.569941733633702485e+00
1.467773285378882075e+00
1.378441951589657322e+00
1.275151887595487032e+00
1.176104415561296745e+00
1.104294330956077097e+00
1.027454063858149080e+00
9.562969881542309203e-01
8.876673832019187360e-01
8.333859756302043342e-01
7.842515819025509538e-01
7.316005542566944575e-01
6.867153744739008525e-01
5.137815254844754209e-01
3.638380604380564876e+01
3.719491972346936137e+01
2.778382404242089265e+01
2.008835958545432376e+01
1.419859766206632479e+01
9.954094200940495796e+00
7.469112415653957449e+00
5.661312968554351954e+00
4.526121908132322069e+00
3.827739205205584749e+00
4.113729758909088652e+00
2.586911528392040083e+00
2.069540266818711949e+00
1.740720313068902403e+00
1.484586916500480580e+00
1.313813769563263456e+00
1.178264996401772402e+00
1.122761849373758114e+00
1.083225069660075590e+00
1.037260357842672009e+00
1.017752796002017845e+00
1.015308343241964950e+00
1.048982333101456277e+00
1.129641958388683642e+00
1.248914210816072456e+00
1.480146968545847708e+00
1.853312778616585943e+00
2.757363609769740709e+00
6.898720829181641534e+00
4.561501060404949470e+01
2.459675652860965300e+01
1.512663957468400788e+01
1.220298534149795699e+01
0.000000000000000000e+00
