1.897464061400435412e+03
1.269861610008259959e+03
9.574692848654152613e+02
7.710208992043409353e+02
6.467310995681073109e+02
5.568471950818269534e+02
4.869333561652211984e+02
4.327372235370845601e+02
3.883783139990604809e+02
3.530040025530215075e+02
3.236732989935937326e+02
2.990253327027023715e+02
2.778984049061503470e+02
2.594309292396825413e+02
2.434029878823401702e+02
2.293195133987764223e+02
2.167248864791892515e+02
2.045331647161718820e+02
1.933076554856099563e+02
1.830410904010655031e+02
1.737462585921817606e+02
1.653644364251258025e+02
1.578860252898725491e+02
1.512726070858054470e+02
1.452806149391105350e+02
1.396407718905512070e+02
1.343261905938618952e+02
1.293818190153029946e+02
1.247977449609818450e+02
1.204675921705487127e+02
1.164498960085918213e+02
1.126117452486817996e+02
1.089156970956851609e+02
1.054761778426614853e+02
1.022243704458608562e+02
9.928909559740203861e+01
9.660051907427862261e+01
9.423596170245482995e+01
9.229831810878719978e+01
9.097200896524256564e+01
8.996739077711654886e+01
8.853601153268479607e+01
8.655062616215997195e+01
8.479065337052529117e+01
8.329554928685342929e+01
8.185122429286641932e+01
8.050449763602932762e+01
7.925760665460219911e+01
7.821577054623266179e+01
7.748785758675748525e+01
7.712743087228970751e+01
7.722359630373317430e+01
7.799730570448824096e+01
7.969858421278892990e+01
8.299014422992699735e+01
8.999927330714908180e+01
1.104913851418074131e+02
6.586938879482715947e+01
4.798317527319234443e+01
4.007060975702835748e+01
3.477676142481314514e+01
3.091166632773748546e+01
2.783577280132985976e+01
2.528747697898212365e+01
2.317988342043917527e+01
2.164163754611556101e+01
2.410421379189743973e+01
2.630211509683101667e+01
2.860277363976652154e+01
3.103068121311937588e+01
3.365865617053692205e+01
3.654535924974781125e+01
4.025760589169647119e+01
4.563987983689271033e+01
5.709778437842860654e+01
5.487078452974375864e+01
5.515019629009198354e+01
7.244879874857373636e+01
5.420395864159268484e+01
4.702849487544872176e+01
4.245469152199421359e+01
3.927664038549955450e+01
3.708602777495597280e+01
3.513866946336854369e+01
3.338687476717807101e+01
3.200221815061261310e+01
3.040930219707924920e+01
2.928653442817041253e+01
2.799540211494729647e+01
2.742507097475234090e+01
2.645706230973644679e+01
2.560881023836695647e+01
2.473967387750925795e+01
2.408586494025351854e+01
2.327968993760704564e+01
2.244775980467921173e+01
2.179100062607562194e+01
2.139830345393080080e+01
2.101829460516592363e+01
2.089383177892093713e+01
2.123048054712331023e+01
2.093350781688110018e+01
2.050824684402373066e+01
2.050629433497552156e+01
2.017153535670362530e+01
1.962606039077296671e+01
1.899103457934725725e+01
1.813681432657440951e+01
1.712013163601596943e+01
4.879448617599671856e+00
4.659095885275387872e+00
4.442744403003316300e+00
4.236479782619142043e+00
4.052310684219412096e+00
3.879112550271621718e+00
3.718514500651212362e+00
3.564065400590129773e+00
3.430109968445514301e+00
3.295603223687404881e+00
3.164125913239376420e+00
3.043047679920094062e+00
2.971998183531959103e+00
2.134703575288517285e+00
2.125436366112989361e+00
2.108806237672495421e+00
2.085889221807150751e+00
2.056311482917793754e+00
2.021943482747937892e+00
1.986773321070436138e+00
1.954666028774548758e+00
1.929236628378089513e+00
1.909115127235290421e+00
1.894961236474133726e+00
1.885083062153885880e+00
1.881332763543317910e+00
1.877645167156100303e+00
1.878832572859478800e+00
1.883706842070559828e+00
1.897527607776028580e+00
1.922201262332628779e+00
1.961552816104159991e+00
2.003755324973655938e+00
2.070606349510159205e+00
2.178346774458639779e+00
2.319927339001924604e+00
2.454571102841517138e+00
2.604330124665305224e+00
2.850224689450127524e+00
3.652800798955121220e+00
1.836973511378989121e+00
1.678443072090925359e+00
1.759012696552738175e+00
1.683687984929843839e+00
1.634114644028446195e+00
1.547238943059019212e+00
1.441534325541782513e+00
1.327604133976076239e+00
1.240562662002179906e+00
1.160937025911734866e+00
1.095127655955650203e+00
1.033608215096140537e+00
9.920355565260157160e-01
9.335528108066432074e-01
8.829524814329899884e-01
5.954270904812563048e-01
6.009565718816721969e+00
5.861693433857343649e+00
4.624648519794284596e+00
3.325467103268002766e+00
2.959028552141969470e+00
2.691643620212634147e+00
2.771648316403291012e+00
2.836135409967314391e+00
2.960907846318400871e+00
3.270271030224755737e+00
4.683297141691353360e+00
2.626569924221771046e+00
2.111063911604689203e+00
1.818349621617408873e+00
1.619645682601372316e+00
1.475154997933714185e+00
1.356883045030234936e+00
1.258680149276987459e+00
1.178580026242035839e+00
1.112513545151453842e+00
1.058293367332787893e+00
1.013595466031151027e+00
9.820891995187477352e-01
9.582110475509102443e-01
9.433250695014335774e-01
9.431092092665178672e-01
9.599628224902942986e-01
1.085101351385840962e+00
1.871714427902551936e+00
2.124459304363994328e+00
2.443743238340590818e+00
2.058807510306384980e+00
2.447656834873874754e+00
0.000000000000000000e+00
