1.891518173526276314e+03
1.260317246026250132e+03
9.438961134670787487e+02
7.545563810289683033e+02
6.269310354103829468e+02
5.363169935564781099e+02
4.682475520980113970e+02
4.159780816691931591e+02
3.730827162772901602e+02
3.382970143916883785e+02
3.093555546468660395e+02
2.850055983710711871e+02
2.640363301610890971e+02
2.455417102181516498e+02
2.295607756428313166e+02
2.156835504839985731e+02
2.035398856436725055e+02
1.920755840218310198e+02
1.816041370857255117e+02
1.721782612226059257e+02
1.636042426058818364e+02
1.557255695389939376e+02
1.484570312623811787e+02
1.418451176360745762e+02
1.357637246198507910e+02
1.300908590755486500e+02
1.248103827204505478e+02
1.199619495286639790e+02
1.154460692816756904e+02
1.111556647662617365e+02
1.071627267096259715e+02
1.034132429364395875e+02
9.988540036850972115e+01
9.662213399431615812e+01
9.352601358472438164e+01
9.066759306485623426e+01
8.796661037261924321e+01
8.546894007513209601e+01
8.314938309731300592e+01
8.105511059675644958e+01
7.911229313115683226e+01
7.722079384158264759e+01
7.533884378169123863e+01
7.362219421815693465e+01
7.205530499731591476e+01
7.058974955776177751e+01
6.928868181005503857e+01
6.811995772751562583e+01
6.712812464744195040e+01
6.636604043333247205e+01
6.587609623240143719e+01
6.571233280880699112e+01
6.605498284904162176e+01
6.715539277667372176e+01
6.955211576965038489e+01
7.496570894368302618e+01
9.125402281944856497e+01
5.550035729985951605e+01
4.038316968188203759e+01
3.369729669005802464e+01
2.928087947304196703e+01
2.602620676216179518e+01
2.341487163794988291e+01
2.125536554383164400e+01
1.947540850433256310e+01
1.818923872588104018e+01
2.011735161585993836e+01
2.179606175098138010e+01
2.350485644124924889e+01
2.523899965025400860e+01
2.715264523959690024e+01
2.928272643499377637e+01
3.204199510735519851e+01
3.602690361076712833e+01
4.497388615554122993e+01
4.272956105778494873e+01
4.217625247499450580e+01
5.457856001117934852e+01
4.096093064373705772e+01
3.550501075625239622e+01
3.204352788508034422e+01
2.963463090732113514e+01
2.777642586474606645e+01
2.611350213060359238e+01
2.463661445573082176e+01
2.349849869504217637e+01
2.220840224271131547e+01
2.129507238676372083e+01
2.025430177418522248e+01
1.966697256960958740e+01
1.883415887141584122e+01
1.828045132137835083e+01
1.767644372390735441e+01
1.718980189906049816e+01
1.664262034677264168e+01
1.597137327361774339e+01
1.538707629117479847e+01
1.503598840150366556e+01
1.464444116085350522e+01
1.419126825313766460e+01
1.399766931956597205e+01
1.361132172435167398e+01
1.310653433410631052e+01
1.288389343527337871e+01
1.268042603359129572e+01
1.248204376701068874e+01
1.236389734134026774e+01
1.233179387735916244e+01
1.246022473724276836e+01
3.953591239752151765e+00
3.782519620586879405e+00
3.608999729217128305e+00
3.443150134158471598e+00
3.308935279519108708e+00
3.192169127960777342e+00
3.084424536445582454e+00
2.985854953172855542e+00
2.908910534513043711e+00
2.838830812501118128e+00
2.773341101172134060e+00
2.716595331441514549e+00
2.692197605974462782e+00
2.135705150846004319e+00
2.146023950363040278e+00
2.126874607539716244e+00
2.084585410268643191e+00
2.024146520837879049e+00
1.947945470909506316e+00
1.880084841616614044e+00
1.829355757022256279e+00
1.793406562916656677e+00
1.773567624795833630e+00
1.764064415965843846e+00
1.769224462590646585e+00
1.778941952187280240e+00
1.812789856598884475e+00
1.853001843836004747e+00
1.903729825376590190e+00
1.986759470110963877e+00
2.107049842915512006e+00
2.276885790979685797e+00
2.495568264657248569e+00
2.834164760964045904e+00
3.295289257843632136e+00
3.806814475924123364e+00
4.369379042939147695e+00
4.990678035437909443e+00
5.831545578794049334e+00
7.273128298169151407e+00
2.112702174606219341e+00
2.048199610909928303e+00
3.284202711447866019e+00
2.869983735376326894e+00
2.693485806802256466e+00
2.357609005787024259e+00
2.082008405235097559e+00
1.775337805659234824e+00
1.510452100263925512e+00
1.288954476093991497e+00
1.104591348412315099e+00
9.651836394455159951e-01
8.620395905098133804e-01
7.737872013212834243e-01
7.023120353993106413e-01
5.072226379239661576e-01
6.601674451205300898e+01
5.798501909338020255e+01
3.536907126005596780e+01
1.988242127053963060e+01
1.204525065227873171e+01
8.179390313499727228e+00
6.309444715484518795e+00
4.927289051072444082e+00
4.017637693138591537e+00
3.472969561032889008e+00
3.881633683473415086e+00
2.380777260863010003e+00
1.883952703599024003e+00
1.581798996166274840e+00
1.368572970542978551e+00
1.233300630973833245e+00
1.120249314600770818e+00
1.060731471528582048e+00
1.017389912274242025e+00
9.750764910592704116e-01
9.531982323526861922e-01
9.488366365701791372e-01
9.791320803587489907e-01
1.049750822219689850e+00
1.157900530169386766e+00
1.373688492271833317e+00
1.760914420117575263e+00
2.825993410746080681e+00
8.992969696860285467e+00
2.894234548505379223e+01
2.624856196651910167e+01
1.401552722574159837e+01
9.985112177466181294e+00
0.000000000000000000e+00
