1.977978296984930921e+03
1.009658396623528120e+03
6.908280303896971191e+02
5.249402151166844988e+02
4.202704292342324379e+02
3.505071083086913859e+02
3.003728900025603821e+02
2.628479957232896709e+02
2.329826245940670901e+02
2.087938570685830086e+02
1.893943131884267927e+02
1.728554459586248129e+02
1.590282551554304860e+02
1.471108721024201884e+02
1.370392853407688847e+02
1.281931207210545267e+02
1.203994164514400893e+02
1.136839935094460685e+02
1.076703628426453037e+02
1.025207184524776949e+02
9.809348620699152832e+01
9.419062342404598098e+01
9.090682622124387535e+01
8.824254256077234970e+01
8.629888855561408434e+01
8.545033945365355521e+01
8.642124394660713449e+01
9.192566915305512509e+01
1.225790203781237437e+02
5.370279286909409677e+01
3.895600938773964117e+01
3.085809631774173312e+01
2.540327538744199032e+01
2.642681166456621966e+01
3.087446261342003240e+01
3.624193582050251905e+01
4.318995884141793340e+01
6.389320463876406109e+01
5.833950780978575068e+01
5.629668456022112366e+01
4.447147922821011434e+01
3.811611127215208938e+01
3.332475393128967056e+01
3.061441995381607484e+01
2.751145824102088611e+01
2.562517203627545115e+01
2.334888725205994220e+01
2.173650664674320865e+01
2.031834295755855635e+01
1.915837052924054262e+01
1.725163587826672895e+01
1.761366186942161605e+01
1.711414731472892115e+01
1.702769049464775009e+01
1.752497461029166459e+01
4.412641062802745040e+00
4.071698409080290126e+00
3.765460611932317736e+00
3.472834439840589038e+00
3.223249638447374998e+00
2.970098889574861456e+00
1.912482580962461043e+00
1.877516917113015715e+00
1.852525275495011892e+00
1.829311835463248936e+00
1.816281334670459824e+00
1.806409335743153433e+00
1.803533130890078828e+00
1.804690155023659148e+00
1.817059551366279058e+00
1.832915501524910784e+00
1.851472274895413550e+00
1.917290562228216810e+00
1.973010231077642951e+00
2.487955497030602370e+00
1.414517860463486487e+00
1.368859978366063768e+00
1.285943231404113929e+00
1.200980303895607948e+00
1.115535122846657234e+00
1.028917702234843246e+00
9.460080056349743360e-01
5.931697465736031072e-01
2.451037868878126691e+00
2.085939080665552225e+00
2.308590957229416762e+00
2.469337901770793042e+00
3.095385077225397019e+00
2.613374600637551115e+00
1.803252318936855447e+00
1.440553066305462426e+00
1.211675634064810936e+00
1.049968340361622676e+00
9.309303969811376644e-01
8.381732783968530720e-01
7.707679138078504799e-01
7.311347824948823959e-01
9.777550220169782813e-01
1.080647761530393103e+00
0.000000000000000000e+00
