0.000000000000000000e+00 9.037327809768605849e-03 2.602654102126651312e-02 2.037091942889509080e-02 1.392083612694911422e-03 1.389915442879990307e-03
0.000000000000000000e+00 1.781396074033541888e-01 2.315768908590462871e+01 2.036308509344039036e-02 1.393198740525328997e-03 1.391994309323510729e-03
0.000000000000000000e+00 2.246088808815659021e+01 1.111055342300573301e+01 2.037816397105557745e-02 1.402127368941308684e-03 1.401299222072736233e-03
0.000000000000000000e+00 1.195894221428441995e+01 7.944169393133824641e+00 2.038012479011934788e-02 1.441276853065085817e-03 1.438921489103831778e-03
0.000000000000000000e+00 8.920572823289599995e+00 6.131024480592444093e+00 2.039636934191053561e-02 1.573371203057739951e-03 1.557179531400937475e-03
0.000000000000000000e+00 7.525166632447646720e+00 4.825165080512371141e+00 2.041022586283989734e-02 7.055091411852893249e-03 7.072605391144414638e-03
0.000000000000000000e+00 6.401873757526735709e+00 3.906863055957095376e+00 2.042690664519780305e-02 7.095767164114786217e-03 7.094794002203403879e-03
0.000000000000000000e+00 5.459463926439574344e+00 3.300410640297674725e+00 2.044544642020255931e-02 7.095747289564305164e-03 7.138883171383546625e-03
0.000000000000000000e+00 4.662263782274907342e+00 2.827566288041423626e+00 2.047795384004515856e-02 7.194470727614346063e-03 7.171627570674565626e-03
0.000000000000000000e+00 4.091130234205075489e+00 2.480645758002529178e+00 2.051166208322416362e-02 7.023951953093032947e-03 7.074170642448223377e-03
0.000000000000000000e+00 3.615715620781203565e+00 2.195174339160861798e+00 2.053855712939616635e-02 7.043270113406399635e-03 7.068468722555508107e-03
0.000000000000000000e+00 3.252759412848268195e+00 1.969450990482372710e+00 2.057052905382315139e-02 7.052565839518731665e-03 7.053799075053715333e-03
0.000000000000000000e+00 2.941132624427702069e+00 1.774905362890259575e+00 2.061612964827236674e-02 7.182254830512524099e-03 7.256320104558227659e-03
0.000000000000000000e+00 2.686541537453127404e+00 1.613532898485478206e+00 2.066186504664627860e-02 7.235577093775307812e-03 7.179482613849242321e-03
0.000000000000000000e+00 2.462675563834129111e+00 1.472485560081168821e+00 2.069888240521403772e-02 7.117837959806362982e-03 7.006853386017470112e-03
0.000000000000000000e+00 2.272332402676762619e+00 1.352378090749124073e+00 2.076247789074783107e-02 7.399295199815600008e-03 7.206047263543529161e-03
0.000000000000000000e+00 2.102805261230856537e+00 1.249935950835207699e+00 2.079039769576467023e-02 7.215724705210849535e-03 7.022584552206377097e-03
0.000000000000000000e+00 1.956211053738656114e+00 1.158544534352720534e+00 2.091552147267950260e-02 7.279680505305845956e-03 7.013996253111040580e-03
0.000000000000000000e+00 1.825138912542184189e+00 1.080433976985978761e+00 2.093720966089678698e-02 7.408278456936391414e-03 7.053297136221352813e-03
0.000000000000000000e+00 1.710362108658927349e+00 1.002253936482544461e+00 2.136074513804652603e-02 7.585592595921443644e-03 7.077810294895411393e-03
1.127272324070420799e-03 1.606036509864624984e+00 9.376820267501221329e-01 2.120214652723366455e-02 6.917265117597256284e-03 6.822555132981406381e-03
1.260785783914868292e-02 1.512324678612333662e+00 8.730663604661486055e-01 2.224017909080944905e-02 7.215582537570680577e-03 6.837790133455197254e-03
2.453871155758695366e+01 1.427020269315376177e+00 8.195791346852739911e-01 2.160696015255312089e-02 6.920424928158996382e-03 6.794192593926167041e-03
2.258030260110593801e+01 1.349565275218766569e+00 7.652818242574240815e-01 2.330235018183128906e-02 6.065104997809555448e-03 6.704432674223633273e-03
2.084119885380687265e+01 1.280055653942744787e+00 7.202563105348348538e-01 2.201987260193050827e-02 6.499863671463071597e-03 6.695561134531670573e-03
1.913323899826090724e+01 1.219093953048696166e+00 6.741006886038822810e-01 2.392036793715074036e-02 5.739839066638907986e-03 6.724980362896116129e-03
1.758760874907030214e+01 1.170395784786687265e+00 6.357115647662969771e-01 2.229022092662890503e-02 5.057298714987623796e-03 6.681158965802206848e-03
1.634295990941901522e+01 1.129815179847355244e+00 5.968811558290927355e-01 2.392713338241250418e-02 5.355559876624170143e-03 6.680817252724515279e-03
1.511310292068545635e+01 1.094855214081686068e+00 5.639590312993789656e-01 2.238845811024599633e-02 4.437506575383934858e-03 6.650490123902693014e-03
1.412247892274148420e+01 1.048895082878206653e+00 5.308240946746949351e-01 2.361987626427197035e-02 4.182423212371626578e-03 6.598268973646076972e-03
1.315355261479331794e+01 1.000758360890365184e+00 5.030212731584768893e-01 2.242084328334669266e-02 4.181175793492490113e-03 6.653483088937982813e-03
1.234311270203608935e+01 9.491361970254708069e-01 4.745051825613669783e-01 2.334474718365486812e-02 3.511165048203959606e-03 6.602879896344171495e-03
1.154208528322051563e+01 9.062532217986414285e-01 4.504447179223919906e-01 2.248188230616523717e-02 3.542215297931279074e-03 6.644235359549084154e-03
1.086582937631758305e+01 8.645862507373079930e-01 4.254183389098376566e-01 2.319411676814320949e-02 3.268214027043107959e-03 6.661289093799972923e-03
1.018887075551796251e+01 8.290891256785797303e-01 4.040630360923230802e-01 2.261744792450043687e-02 3.092760711826300114e-03 6.700307326535882499e-03
9.607743757122046091e+00 7.937026945708027803e-01 3.827580963959055782e-01 2.321316488888681973e-02 3.153837290213257118e-03 6.651831477381906985e-03
9.047034019096859225e+00 7.629727127413947763e-01 3.652759881036056200e-01 2.281203476635613667e-02 2.828209592122300341e-03 6.604699380701797677e-03
8.557596802224180621e+00 7.324951567741940783e-01 3.474817160819645978e-01 2.335641294031401763e-02 2.818998097668996665e-03 6.524390038902708883e-03
8.087415815463270263e+00 7.057517766600451825e-01 3.324355844387292813e-01 2.306998698476884005e-02 2.749039711519681278e-03 6.367586065717234338e-03
7.671181776698827726e+00 6.790643252930936846e-01 3.160951883101559834e-01 2.361829042966556019e-02 2.626805247199953067e-03 6.137313989134455909e-03
7.267132918036591782e+00 6.553236382882816624e-01 3.023114955782949531e-01 2.341477688337076715e-02 2.663096050339338380e-03 5.889579039622928891e-03
6.909510035702877140e+00 6.316148965340681043e-01 2.876439217187994890e-01 2.397619109538889556e-02 2.521110085595288253e-03 5.400116361604995890e-03
6.559014513138076374e+00 6.103371371136112611e-01 2.755246856377863152e-01 2.386854768078053649e-02 2.485454865149927615e-03 5.263731120576800072e-03
6.249182566657218274e+00 5.888873812656675311e-01 2.624381267744061996e-01 2.443805273971371914e-02 2.444528113539639995e-03 4.876125331999452486e-03
5.950122119582032632e+00 5.693542508636022514e-01 2.516534517461226361e-01 2.436838912839335569e-02 2.398818177983479561e-03 4.581770376334164986e-03
5.682325123740082695e+00 5.494099125700541153e-01 2.400495508781891052e-01 2.492411363435255781e-02 2.380880998657166226e-03 4.319757921870514411e-03
5.420101045471053425e+00 5.311611588515081639e-01 2.303992789095034577e-01 2.487652661357355605e-02 2.293227872703680701e-03 4.031344594081538377e-03
5.183694194537459943e+00 5.125717944810619375e-01 2.199357619231905037e-01 2.542971512274723109e-02 2.286043057575720423e-03 3.953306952537666112e-03
4.954968849902794403e+00 4.957401225138074463e-01 2.112665124010617568e-01 2.541088696736767613e-02 2.233857181565778154e-03 3.510639845473043433e-03
4.745295321544622524e+00 4.788135421391739865e-01 2.017195367721769106e-01 2.597396143990661141e-02 2.214812028394480374e-03 3.501369753954985953e-03
4.547621573577063536e+00 4.636070293269669573e-01 1.938427028373096161e-01 2.597787673659573970e-02 2.177355848983943652e-03 3.111097261539829892e-03
4.366337715408860731e+00 4.483112165392214021e-01 1.852150826019050567e-01 2.654952596106444421e-02 2.138205222662011452e-03 3.120113797712556914e-03
4.187434956302568345e+00 4.346028402086201670e-01 1.781595768646515587e-01 2.658259344209394984e-02 2.144575869827123650e-03 2.880379594027764664e-03
4.026117161547689172e+00 4.207138976882705550e-01 1.704218695978604869e-01 2.716452787974848668e-02 2.077558331939344683e-03 2.718197193085311516e-03
3.869156395746002453e+00 4.083106725820863647e-01 1.641612503115273125e-01 2.721359955514563583e-02 2.065976149505613368e-03 2.806461160006972627e-03
3.725364327406742948e+00 3.957260587391530637e-01 1.572179697399883336e-01 2.779650600789637660e-02 2.041422459926306009e-03 2.462971950397141625e-03
3.584450823486948767e+00 3.845343427170405670e-01 1.516752349307840531e-01 2.786774234997475147e-02 2.025284886224593302e-03 2.538381485342490734e-03
3.453756367901249735e+00 3.730696920101563840e-01 1.454515405287429841e-01 2.844726706401929511e-02 2.010530701796289441e-03 2.285649417033201215e-03
3.322801059351304875e+00 3.628809217958775535e-01 1.406077423870277232e-01 2.853510643430215779e-02 1.973107577884040953e-03 2.276427699260100915e-03
3.202721588296890687e+00 3.523972323666184070e-01 1.351590052092783434e-01 2.909914711779162250e-02 1.976874923584173108e-03 2.162419377104162193e-03
3.081897905334832544e+00 3.430531337131872416e-01 1.310235716668454453e-01 2.921140774702194604e-02 1.947800671190557092e-03 2.071260621635044336e-03
2.971420076875411542e+00 3.334631489851299091e-01 1.264436481756799624e-01 2.975428373515755925e-02 1.937753960405727126e-03 2.081100989460083102e-03
2.859614044267904109e+00 3.249152751984022980e-01 1.230601920547120254e-01 2.986698386352070259e-02 1.927573003618749531e-03 1.935447911951878458e-03
2.758482918379564719e+00 3.160965502644692560e-01 1.189397957747290596e-01 3.038863563558974468e-02 1.920337317734362734e-03 1.961640320988651195e-03
2.660067364096359910e+00 3.082611821478056791e-01 1.154441577269760127e-01 3.050394821295285622e-02 1.907354326920206178e-03 1.852123580650123259e-03
2.568155489260825153e+00 3.001032717412651096e-01 1.110681745765509376e-01 3.102891895323315469e-02 1.896181748955806483e-03 1.848130811672438591e-03
2.478166126606082376e+00 2.928139813280496440e-01 1.074766979688109303e-01 3.115876587390677133e-02 1.899219021218498046e-03 1.736972616849564305e-03
2.393944983349496791e+00 2.851600059791631891e-01 1.035968186532146285e-01 3.169095868828994411e-02 1.881180616324367718e-03 1.752603818553230769e-03
2.313877902886281479e+00 2.783447071050892396e-01 1.007236079359626335e-01 3.184162072273629546e-02 1.879879993301532054e-03 1.696185931578967406e-03
2.237580752441326037e+00 2.711918118665244681e-01 9.671666717596862084e-02 3.238390412780595140e-02 1.870420310213133201e-03 1.649348407322567952e-03
2.163233151413522126e+00 2.648634952426792699e-01 9.317318811115600508e-02 3.257021909429917705e-02 1.871579396982794461e-03 1.631735970513135394e-03
2.092087355299944829e+00 2.581832190633071566e-01 8.887680899721459027e-02 3.316357974681841125e-02 1.859471309786497580e-03 1.573346659913410365e-03
2.025648371247335433e+00 2.523204238175356662e-01 8.567985100173827751e-02 3.340752992141902966e-02 1.852003772046221077e-03 1.585751950662441390e-03
1.959583012276891134e+00 2.461255280351414276e-01 8.197140637521460604e-02 3.407147600995966835e-02 1.853858462488283459e-03 1.487608933986873808e-03
1.898175094555388798e+00 2.406946500885525086e-01 7.916736140724954518e-02 3.436835904541759440e-02 1.840004328977701102e-03 1.522601302632523588e-03
1.836278487190672992e+00 2.349385435108786169e-01 7.587958396052058019e-02 3.505895736460178103e-02 1.843179123724496054e-03 1.453757678432765878e-03
1.779649932098666065e+00 2.299231677879693680e-01 7.357489244582236798e-02 3.530548750427581900e-02 1.836872239381901048e-03 1.452298872642168032e-03
1.721570691207670478e+00 2.245810853399533846e-01 7.071210707163402831e-02 3.583888288117768883e-02 1.840611129803623822e-03 1.435503996167108737e-03
1.669261722965397210e+00 2.199228893658992379e-01 6.873723959865031541e-02 3.582649495346253155e-02 1.835599845183280608e-03 1.403514605122683319e-03
1.615023117223299387e+00 2.149188246246401257e-01 6.608867011524931223e-02 3.604069984143800504e-02 1.835513356598291465e-03 1.418408955343349693e-03
1.567594988662017297e+00 2.105540069772239287e-01 6.441388471232037394e-02 3.581687351055213436e-02 1.843952342580324182e-03 1.356281476131139703e-03
1.520556579566556099e+00 2.058401783317696798e-01 6.198228703573537696e-02 3.585984808469359908e-02 1.837795794868762964e-03 1.388932415305366543e-03
1.482531566925598732e+00 2.017959168707217088e-01 6.066605933844914506e-02 3.570743011531522793e-02 1.840751013683832992e-03 1.332140542784384383e-03
1.449356846783477870e+00 1.974101890231433620e-01 5.828059665014144464e-02 3.576925889883196541e-02 1.837430813593214207e-03 1.338943462497154931e-03
1.420981075648909187e+00 1.936860338122096403e-01 5.707243244562727746e-02 3.590623667275651826e-02 1.840349696339947747e-03 1.328553972950528850e-03
1.382185965463810007e+00 1.896427710645104125e-01 5.470613833627147038e-02 3.598224939120240468e-02 1.836415481598501842e-03 1.311749365676338460e-03
1.340661770682184617e+00 1.862317283167563009e-01 5.364573314963577699e-02 3.647002226180989792e-02 1.835969589097145209e-03 1.318799256865398365e-03
1.297782959613563492e+00 1.825380671362564766e-01 5.122899111069540573e-02 3.650781147493568218e-02 1.843490224711686904e-03 1.284189156288843012e-03
1.259190331515577466e+00 1.794209550767160710e-01 5.016696463900678638e-02 3.741228111335125756e-02 1.843838251759445527e-03 1.313350222727752061e-03
1.219344988012985409e+00 1.760553195629075696e-01 4.707906707349525377e-02 3.757451044775775295e-02 1.850243700333695663e-03 1.274225337113152638e-03
1.184668032345251198e+00 1.732727085470971151e-01 4.648329248401896624e-02 3.873301440434775283e-02 1.851823036209836832e-03 1.273568921544104360e-03
1.147824146431177139e+00 1.702347529107718083e-01 4.631018711859524045e-02 3.899473499096531293e-02 1.857939560721236011e-03 1.263691534667566244e-03
1.115611041613997045e+00 1.678020389099360854e-01 4.736609529674196128e-02 3.993398671348517837e-02 1.858850451102972900e-03 1.255521947611775400e-03
1.081514343109112763e+00 1.650790144346095389e-01 4.634697502585807122e-02 4.013349036147356025e-02 1.857063441572748578e-03 1.258981873952476956e-03
1.050870316914831681e+00 1.627984232239196860e-01 4.706113126346517239e-02 4.071902627510055189e-02 1.862963806457500638e-03 1.241706295478651068e-03
1.019517891106527019e+00 1.601580454353867256e-01 4.552675142543832071e-02 4.084268850270476175e-02 1.866323472950897873e-03 1.257651596890461574e-03
9.905674860062644305e-01 1.577860803721875260e-01 4.558605663114501105e-02 4.113111926053723832e-02 1.872848253052549925e-03 1.242462318630605791e-03
9.594983783220111251e-01 1.549646937376378542e-01 4.171695984251527767e-02 4.123669354941295745e-02 1.875141909793644809e-03 1.242495845712963997e-03
9.318251640255399426e-01 1.524572716376939585e-01 3.944849299152637656e-02 4.143500613373041902e-02 1.882507773928954620e-03 1.237950421968811920e-03
9.054362262806755490e-01 1.496084956429370727e-01 3.763568782964535342e-02 4.162684336912387401e-02 1.886865032224892616e-03 1.236275321483205946e-03
8.833728436749136437e-01 1.471953592245744125e-01 3.754448836056778482e-02 4.181425267776267551e-02 1.889092278850016847e-03 1.241123403412936529e-03
8.600668365273836935e-01 1.445088282203421115e-01 3.589798023772110269e-02 4.206595226921146929e-02 1.893641791391745700e-03 1.232480044447615717e-03
8.400666996020088595e-01 1.422402425837404338e-01 3.720428581593891726e-02 3.563126097285553712e-02 1.899495055807519156e-03 1.240802249963612360e-03
8.170248467654490643e-01 1.397035630604308298e-01 3.900731176185743415e-02 3.243656971154754154e-02 1.908406288762902123e-03 1.237185474626906808e-03
7.990658655509638164e-01 1.376094454645548637e-01 4.394461045661753051e-02 3.289606055491223896e-02 1.914514803223070711e-03 1.238216707014004082e-03
7.756080058992859128e-01 1.352212403009862562e-01 5.248215482096483392e-02 3.149614746685797800e-02 1.920778215538675822e-03 1.237001940199939330e-03
7.593041526337891423e-01 1.333104054020264884e-01 4.268415018264627020e-02 3.163476142688213810e-02 1.926612568234819514e-03 1.235067188699485573e-03
7.387560606581152767e-01 1.310998698002960317e-01 4.279803808289329992e-02 3.008229556253995060e-02 1.931311616767538743e-03 1.242091433417983649e-03
7.223235449584128887e-01 1.293394764197909885e-01 4.258551457349205732e-02 2.963346225640052164e-02 1.939276346764363078e-03 1.240701360324181169e-03
7.035452471178363920e-01 1.273193378781103668e-01 4.257420137097027435e-02 2.829288142618641838e-02 1.945723114345888341e-03 1.246216714264613678e-03
6.875183084884585183e-01 1.256936256162454191e-01 4.225592569533535153e-02 2.783484420144787322e-02 1.954315902756475348e-03 1.244360337961736415e-03
6.696478540460344409e-01 1.238508997769018072e-01 4.221270845915941344e-02 2.655918384438640117e-02 1.960047997604982481e-03 1.245117432737200035e-03
6.547797156219611336e-01 1.223844736877785222e-01 4.193497988269546950e-02 2.601487597211393082e-02 1.962963162786382759e-03 1.248901583464292900e-03
6.382180247439763754e-01 1.206878522604526022e-01 4.194394429104118110e-02 2.485781016766241969e-02 1.965605833879355800e-03 1.249296187506368071e-03
6.242590454937796407e-01 1.194048377873290212e-01 4.172596561044070868e-02 2.432152617504812486e-02 1.969998563072882306e-03 1.254819889048634524e-03
6.086462126702782971e-01 1.178478807311361676e-01 4.172160503229385697e-02 2.327714859066366479e-02 1.976913030379051119e-03 1.255369997561944393e-03
5.951179847900956998e-01 1.167086658652229242e-01 4.145334752816669938e-02 2.275706699503711461e-02 1.985258393037933090e-03 1.258711887105372048e-03
5.801777969098913523e-01 1.152806138041627404e-01 4.133221348319941063e-02 2.184417260329507560e-02 1.992209621843395347e-03 1.260955238623136677e-03
5.667851408099039423e-01 1.141759025646972570e-01 4.101148774705908745e-02 2.138598383881987891e-02 1.994937899824206044e-03 1.260882577439071880e-03
5.525535483504804279e-01 1.127672890988055260e-01 4.088647328869859238e-02 2.056745738434558393e-02 1.997882938999685602e-03 1.266163014727868718e-03
5.396182720933215826e-01 1.116691608823536241e-01 4.066558029122750023e-02 2.012056918808169392e-02 2.005514431720927578e-03 1.267361282722756066e-03
5.257111100061634401e-01 1.103494400532703118e-01 4.065088331308687464e-02 1.946732462947207282e-02 2.013352891680351888e-03 1.272972222889621509e-03
5.138425972481219794e-01 1.094568957691812033e-01 4.057329419495068340e-02 1.920168370189375209e-02 2.022123623647292465e-03 1.274155783426166944e-03
5.016391131692496952e-01 1.084512140623708903e-01 4.061023271302682119e-02 1.863418966809000238e-02 2.025607931091446146e-03 1.275951625539261877e-03
4.914148873507153681e-01 1.077458515132539152e-01 4.057874060648538478e-02 1.836323392512802244e-02 2.027728137127082168e-03 1.282336626813218106e-03
4.806478495574061927e-01 1.067163552040043401e-01 4.057974013311949762e-02 1.784063566385889546e-02 2.034435678571558555e-03 1.284059305260326720e-03
4.695100621079585923e-01 1.057749000804964756e-01 4.061262907109616793e-02 1.759602345749682745e-02 2.042192945248337034e-03 1.291246764326405136e-03
4.570012624330969664e-01 1.045600777018671629e-01 4.071120295805243094e-02 1.711478923644938616e-02 2.051892254714087968e-03 1.294771818257549507e-03
4.462932390875618549e-01 1.034916682371062879e-01 4.099093183357319786e-02 1.689442463015275453e-02 2.056363689709914469e-03 1.299514691057106599e-03
4.351850363669383936e-01 1.023481822601049196e-01 4.129810755628601782e-02 1.636158490964808102e-02 2.057153788416184702e-03 1.306728638589303671e-03
4.250379451394586949e-01 1.013344425692548345e-01 4.177795458829207387e-02 1.604612365874263924e-02 2.064036811888816589e-03 1.310682928290617414e-03
4.140983836495834014e-01 1.001678237944575306e-01 4.213953370528425446e-02 1.552452194236568668e-02 2.071984691700273686e-03 1.322011482341029420e-03
4.041433319724392348e-01 9.917911967780107529e-02 4.264296576609664935e-02 1.518985837526129999e-02 2.082184934979689969e-03 1.338636020728600946e-03
3.936133656252018831e-01 9.829909656113527960e-02 4.298838456784605244e-02 1.461985291654832771e-02 2.084778368276921350e-03 1.383321416689374701e-03
3.843272244191487941e-01 9.741791902543397996e-02 4.353402868635345563e-02 1.431030731394674141e-02 2.085300983617741945e-03 1.451682015060891699e-03
3.742027366103096164e-01 9.665700001113380901e-02 4.386678525520879696e-02 1.384907728875398904e-02 2.091439046491956177e-03 1.511647718179183952e-03
3.656844853425444963e-01 9.595641291228419745e-02 4.440085354503836568e-02 1.341625853738177832e-02 2.098738711258167113e-03 1.550848605765824074e-03
3.563602354035135811e-01 9.533769821425182311e-02 4.464551679819341728e-02 1.287454400247738454e-02 2.107346800419769052e-03 1.573960926030812260e-03
3.486298087239556587e-01 9.443196291825863009e-02 4.501656974820301971e-02 1.240598563656113151e-02 2.107428539362739533e-03 1.587042995261997479e-03
3.401206079895913725e-01 9.373142498662391520e-02 4.503401505000221433e-02 1.188421927728735075e-02 2.108916564330956273e-03 1.600298760135220391e-03
3.331364172555168479e-01 9.274763497681724755e-02 4.517101150956790573e-02 1.145801003717135391e-02 2.115286904708686515e-03 1.618393640492709088e-03
3.253914386020954619e-01 9.206842375668528033e-02 4.501263363077326329e-02 1.104772419426656820e-02 2.122958472682799896e-03 1.638334787987511800e-03
3.191928248396102008e-01 9.103553130997771303e-02 4.500366137146313839e-02 1.072080739745986250e-02 2.127352412676774152e-03 1.654791920120884724e-03
3.119155371261835841e-01 9.035450700132670321e-02 4.484678589485496802e-02 1.039315490614776266e-02 2.125534718820743050e-03 1.667625607870000266e-03
3.057941358199536830e-01 8.926740013630243831e-02 4.492740790059607942e-02 1.010820643607044864e-02 2.128397725272469440e-03 1.677317579510447659e-03
2.988508202757456655e-01 8.858638569584657840e-02 4.491406305495521112e-02 9.826473268853594401e-03 2.135628245144676786e-03 1.685969685931133994e-03
2.934845649838706549e-01 8.748594567759940266e-02 4.513805767221317627e-02 9.567312978990660799e-03 2.141859804133665335e-03 1.694552209548837044e-03
2.869806212601723194e-01 8.682876401067005090e-02 4.527819979581733378e-02 9.312110437322239365e-03 2.140456084481604654e-03 1.705042009480855483e-03
2.820556943871969091e-01 8.574822290826129845e-02 4.561192835585204525e-02 9.087869209765434345e-03 2.140372332596735937e-03 1.716426183888933006e-03
2.760226305821222303e-01 8.513454336034752268e-02 4.587879938317999257e-02 8.870725144425772868e-03 2.144682076898352021e-03 1.728020393678132227e-03
2.714730559714380043e-01 8.411755706386461751e-02 4.627417500166456504e-02 8.660977556750741255e-03 2.150895081933724452e-03 1.738558523308321446e-03
2.659082836335959210e-01 8.356977989252607764e-02 4.660368936533253875e-02 8.455701278239167312e-03 2.150866418561797611e-03 1.748917854516348529e-03
2.615920823342948176e-01 8.261733353014914794e-02 4.705639302812529567e-02 8.253264868300186699e-03 2.147753315513123082e-03 1.760237547942259491e-03
2.565717932389166012e-01 8.213446304903150585e-02 4.741255424361128651e-02 7.992506783904802098e-03 2.151155900332741601e-03 1.774512173495327704e-03
2.530720501999022543e-01 8.126403818178686012e-02 4.791831361973494102e-02 7.756540647126816679e-03 2.155452348580519026e-03 1.791360548151700333e-03
2.487786682147043460e-01 8.084998506011681352e-02 4.828766199364184497e-02 7.634451469436694809e-03 2.157631109393663964e-03 1.810848845985130358e-03
2.461391360199685352e-01 8.005763785005333422e-02 4.888165431213638279e-02 7.504275323015982373e-03 2.154985992339440107e-03 1.830357344806106965e-03
2.426329572044667038e-01 7.971545085769141115e-02 4.929505524343680972e-02 7.345558350218024148e-03 2.158627514214003611e-03 1.850307399399192575e-03
2.404818445697803897e-01 7.899565021243301621e-02 4.991891663600155765e-02 7.179814151521566636e-03 2.163901946001962721e-03 1.869151035872973965e-03
2.373019321408572913e-01 7.871810061075119880e-02 5.032916550562901298e-02 7.024494841210910875e-03 2.165158913762044255e-03 1.889801706570615799e-03
2.350557632463675939e-01 7.806669890781092747e-02 5.097811251059572446e-02 6.863800439339206270e-03 2.158140635246137608e-03 1.909275759935894802e-03
2.307775261994011728e-01 7.784073281544887091e-02 5.142161486677114535e-02 6.720176404165884368e-03 2.159127426941700144e-03 1.931280063002391344e-03
2.269579577279581817e-01 7.724061497860418291e-02 5.207558030676085609e-02 6.568438889451567314e-03 2.159442345212474624e-03 1.952112331931742497e-03
2.208786031895453583e-01 7.705953770212901899e-02 5.253101176345929824e-02 6.437173815679416398e-03 2.158724761468119348e-03 1.974306666946497053e-03
2.169716640326843637e-01 7.652081939972034397e-02 5.324832028388130217e-02 6.294966786029819288e-03 2.149205100500070891e-03 1.994072863132790013e-03
2.117568766128839763e-01 7.639209789036921494e-02 5.367712269747899889e-02 6.173594932364481758e-03 2.148346860066225467e-03 2.016330255707438502e-03
2.089919651503999720e-01 7.589317518957792996e-02 5.448469569840799082e-02 6.044085552838729045e-03 2.148883567719008826e-03 2.034723455142285840e-03
2.052099730345587347e-01 7.580562800834675374e-02 5.493626064795857633e-02 5.931615975359217328e-03 2.147589206218460806e-03 2.058040348960133922e-03
2.049223915485099967e-01 7.535252885983816096e-02 5.575480545495740264e-02 5.806244568445025761e-03 2.137286205431135171e-03 2.076589516529500808e-03
2.068591990111115775e-01 7.530163787661109387e-02 5.623099422692551252e-02 5.702507991169889108e-03 2.136760005919348913e-03 2.103599840553460002e-03
2.161968789533459945e-01 7.488453453585261488e-02 5.704533992805549403e-02 5.585601384825408453e-03 2.134525409270032759e-03 2.127426221397719572e-03
2.269568394806821265e-01 7.486254564161998193e-02 5.754951082127113260e-02 5.490736873017866733e-03 2.132267303384352986e-03 2.160732440528752643e-03
2.323475979669272218e-01 7.448444108993987345e-02 5.834558966421986986e-02 5.382431834104056678e-03 2.122067218306066417e-03 2.188512910483757495e-03
2.294931457073173253e-01 7.448484759507438546e-02 5.887154674106716279e-02 5.291046945035294581e-03 2.120028001299255772e-03 2.225580486787596783e-03
2.185363358944500400e-01 7.414208435025870791e-02 5.963917763196606436e-02 5.186993288806163865e-03 2.116315118011841308e-03 2.255866922281751438e-03
2.081282991073500066e-01 7.416308693420964326e-02 6.013393735351882374e-02 5.100364286005056036e-03 2.113212600718855898e-03 2.299184501730282444e-03
1.982169505786542663e-01 7.384359385761672667e-02 6.090284500940992829e-02 4.995137842072269740e-03 2.102070882448253512e-03 2.330111718289035617e-03
1.912793451795896937e-01 7.387724542012991114e-02 6.129481099556273460e-02 4.906862921708346481e-03 2.101665963112342873e-03 2.379687645732085979e-03
1.854999886999360581e-01 7.358562534887788664e-02 6.218068731181498887e-02 4.800437696703493788e-03 2.097889945984002420e-03 2.420420320005791780e-03
1.807963511317479954e-01 7.362803585529620332e-02 6.253066470615016581e-02 4.707835315275976824e-03 2.092618804450689738e-03 2.445288977577964214e-03
1.769339888693528540e-01 7.335889568359631185e-02 6.341464585017451971e-02 4.598971408114203331e-03 2.348940910934896407e-03 2.381248951698773045e-03
1.732441676907592598e-01 7.340391136010329665e-02 6.371894865726593360e-02 4.504623109693017824e-03 2.438920385045440214e-03 2.094928348565839194e-03
1.703698876550431840e-01 7.314775235002132781e-02 6.457456003737634120e-02 4.400499069860997620e-03 2.464565355851355052e-03 2.071330410397751072e-03
1.671853674937681389e-01 7.319625248657611605e-02 6.481739003773970276e-02 4.314317566878195231e-03 2.471464198391354165e-03 2.063972596537978158e-03
1.650019477835834025e-01 7.295383405220834394e-02 6.558431696934984012e-02 4.218114883343731733e-03 2.475416367728169777e-03 2.053489127808988141e-03
1.621735679699072286e-01 7.299724288682886419e-02 6.571904716498429277e-02 4.136790821308284835e-03 2.499480906216835618e-03 2.051174881457868727e-03
1.604360556677222882e-01 7.276995394857674326e-02 6.642854422151879545e-02 4.043289752786930272e-03 2.535231644852201354e-03 2.048037335473858276e-03
1.579160405198972439e-01 7.280677377247499193e-02 6.644541864952639709e-02 3.962809605435283801e-03 2.570407591637420292e-03 2.050216676979279597e-03
1.565727919911800436e-01 7.259097976500686333e-02 6.710623808581299421e-02 3.870071533712883018e-03 2.601796918309211195e-03 2.054659876738699348e-03
1.543517813910560699e-01 7.261784106561965102e-02 6.718159466526672785e-02 3.792607701203554345e-03 2.632213244370833465e-03 2.071974068659533218e-03
1.533568337257874004e-01 7.243537939465698183e-02 6.781301030060030155e-02 3.704973398678680641e-03 2.653111821171575714e-03 2.090516501910037999e-03
1.512888408427455478e-01 7.245811186609689425e-02 6.770580561245441442e-02 3.632457673466528165e-03 2.674264019101529367e-03 2.104108652760649286e-03
1.507162207694180966e-01 7.231667730577509556e-02 6.849963839492907713e-02 3.535978515691139915e-03 2.690105149677419257e-03 2.091040699799578267e-03
1.487873262289993448e-01 7.233211292092282807e-02 6.803345444895757266e-02 3.442443755359762478e-03 2.708256977291545031e-03 2.061545483263062511e-03
1.487001710921876108e-01 7.222661989280872163e-02 6.919150844324405136e-02 3.336439551200222255e-03 2.729102033236499233e-03 2.023130551042942767e-03
1.471035137976319240e-01 7.222900748917786273e-02 6.859557969333407446e-02 3.243562881845774536e-03 2.753431842256325209e-03 2.002517060629684965e-03
1.472510741638397014e-01 7.215655689383558558e-02 6.965048166056962697e-02 3.134986053234959172e-03 2.782900610347478765e-03 1.983719205549553614e-03
1.458274753688543202e-01 7.214300984622547264e-02 6.897357196269292279e-02 3.037240616989819991e-03 2.811663285220560114e-03 1.978694105103753417e-03
1.464475267140128434e-01 7.210322080520220611e-02 6.994832312623097681e-02 2.963894649805717384e-03 2.839377224919625159e-03 1.971753995258029336e-03
1.454568136316278237e-01 7.207607153309852910e-02 6.933893697529673605e-02 2.922721643626400526e-03 2.859286498255658032e-03 1.971752764596766769e-03
1.461014267811554523e-01 7.206969580522022689e-02 7.002516151438649417e-02 2.954273263173148954e-03 2.864361638532735097e-03 1.958970287487036329e-03
1.461014267811554523e-01 7.206969580522022689e-02 7.002516151438649417e-02 2.954273263173148954e-03 2.864361638532735097e-03 1.958970287487036329e-03
1.451116805864669235e-01 7.204958068691338924e-02 6.935498490039132546e-02 2.945957739098342340e-03 2.899579613921479410e-03 1.973163722513519933e-03
1.461009607570598057e-01 7.189961108629423781e-02 7.004311650687092272e-02 2.962672644781541922e-03 2.969465014606803305e-03 1.974933873208713567e-03
1.452024927018685796e-01 7.105832362879148378e-02 6.945864883445197757e-02 2.963184687476386366e-03 3.017543010825058433e-03 1.985005003857752848e-03
1.462162170438298103e-01 6.998001624476364591e-02 7.022240646249472418e-02 2.991822003868118817e-03 3.027263216883198556e-03 1.991596037825963273e-03
1.454067793881608506e-01 6.901484832237435307e-02 6.972403810239453936e-02 3.003629744936067106e-03 3.013863795712266782e-03 2.006330935978723959e-03
1.464207221403002190e-01 6.818039220014131263e-02 7.049495726619470215e-02 3.043611240594491264e-03 2.988165475170287758e-03 2.017415856773120166e-03
1.456843318263913445e-01 6.726760371132733951e-02 6.993713261648701329e-02 3.053712991890331682e-03 2.958600625708031860e-03 2.036148758619965669e-03
1.468845059615383197e-01 6.635703917113923433e-02 7.072815932152645702e-02 3.083666259097377332e-03 2.935395872449092503e-03 2.053063398282022750e-03
1.464994329761939440e-01 6.527473373073941487e-02 7.016953803056945327e-02 3.089937845651219255e-03 2.928994162592609817e-03 2.081378491031101678e-03
1.481144437198828601e-01 6.443136328111659372e-02 7.082632451346475289e-02 3.118259067693175679e-03 2.936943307622678651e-03 2.123880390634085274e-03
1.484593600042525829e-01 7.047135150130559578e-02 6.277154168137169532e-02 3.138457178316854650e-03 2.953918374823046554e-03 2.215762027767865724e-03
1.510460524843725005e-01 7.130905107339094440e-02 6.141396576278446151e-02 3.177554069096564376e-03 2.970342830341669068e-03 2.324861260670630161e-03
1.521853999678415836e-01 7.074863357331026559e-02 6.024710104252993526e-02 3.211179945144746091e-03 2.983250220216630746e-03 2.395501792331906216e-03
1.544380428941497518e-01 7.159087713413722631e-02 5.927862983881667519e-02 3.259512067227954106e-03 2.989084932097891417e-03 2.435322187269455332e-03
1.548439813791675779e-01 7.108548874129573536e-02 5.806080009310489454e-02 3.302909804660122961e-03 2.991902790961648018e-03 2.473299955772135465e-03
1.560594425821037190e-01 7.190244834547564190e-02 5.672604672831992045e-02 3.357876961637730473e-03 2.992702430234619494e-03 2.499628781652749737e-03
1.556421370050128095e-01 7.146293657746581596e-02 5.529012248851828543e-02 3.408572024839980671e-03 2.996297039186282887e-03 2.514889868149925399e-03
1.557018247864823401e-01 7.242528825316110752e-02 5.386753483163270878e-02 3.469598685251346938e-03 3.005119248371439841e-03 2.527160330138337758e-03
1.531728873508170219e-01 7.222872363508094085e-02 5.241450040672768207e-02 3.526785565369941564e-03 3.025358887588304197e-03 2.549937770425234843e-03
1.507740859470257100e-01 7.345339432217756759e-02 5.106840094409442060e-02 3.594413397777443224e-03 3.054786156530044008e-03 2.587921079658020602e-03
1.465039135326280384e-01 7.346105161320647114e-02 4.974594974833441985e-02 3.658461905022780247e-03 3.094717953773046086e-03 2.636884298899756437e-03
1.446146595828550485e-01 7.478788344585729497e-02 4.858315801096581288e-02 3.734882147344775402e-03 3.139002551717536785e-03 2.697389443367466996e-03
1.419096871357069245e-01 7.470322964406976574e-02 4.753135298814076953e-02 3.809880350380409880e-03 3.188402260362988884e-03 2.766379563698244132e-03
1.420237622730323723e-01 7.580982376234537967e-02 4.665245699943518926e-02 3.893927073190224433e-03 3.238440342307588506e-03 2.850631736271971948e-03
1.406534075678217699e-01 7.552508251698042407e-02 4.596021258784286495e-02 3.978078508201539354e-03 3.291954974887375835e-03 2.934250605935133458e-03
1.413391211848965268e-01 7.648080948646779342e-02 4.552122392115945382e-02 4.072366266247697507e-03 3.345928174153186413e-03 3.027453917564289568e-03
1.401383113040660100e-01 7.612095362440812751e-02 4.536805119663688685e-02 4.164255112219820629e-03 3.403385127011676441e-03 3.116049616148724132e-03
1.410323138546284438e-01 7.702225405042369133e-02 4.527920275313537801e-02 4.258011692699960674e-03 3.462146479026246768e-03 3.227202971533503148e-03
1.399841030015495924e-01 7.670699436673057703e-02 4.515954116143670871e-02 4.348156836413226596e-03 3.524269240994772762e-03 3.347422058239047770e-03
1.407076722918830514e-01 7.757114056155660353e-02 4.487104964692090886e-02 4.440337900652697317e-03 3.587247926856552017e-03 3.470401195344502854e-03
1.395899552942428401e-01 7.729894226015536496e-02 4.445164473865026444e-02 4.533804644057453856e-03 3.652110909376655654e-03 3.592238513882416856e-03
1.403138119506390502e-01 7.819994292357554388e-02 4.342575159295256060e-02 4.638441261067981561e-03 3.716077658619468781e-03 3.751381703372076975e-03
1.391341424363122803e-01 7.807491466420483917e-02 4.254087167821066912e-02 4.756383526230404182e-03 3.780476326708386101e-03 3.841621970385700538e-03
1.398120091782811270e-01 7.897908327964631159e-02 4.247133076711721161e-02 4.895633577964071496e-03 3.845797650873159813e-03 3.952162730043991788e-03
1.386076805280597180e-01 7.893969873995833331e-02 4.181369081487060213e-02 5.058664899902096460e-03 3.912925975525860869e-03 4.087074569634777284e-03
1.391336689398609272e-01 7.980528676283595024e-02 4.068937710334633029e-02 5.250589943301557476e-03 3.981972146938695875e-03 4.266897986146309975e-03
1.379196720747402627e-01 7.974377654879408195e-02 3.916383331896886727e-02 5.477984279517819459e-03 4.052181351576810385e-03 4.303529407943245538e-03
1.382168925391893677e-01 8.064272594370547331e-02 3.731080483798273478e-02 5.725684857262419020e-03 4.121442178549525326e-03 4.408887076078737283e-03
1.371372995142378926e-01 8.059891136956170987e-02 3.530642738654093948e-02 5.988054824641870881e-03 4.189962335785937450e-03 4.454431309411922314e-03
1.371462634147190274e-01 8.157934199766106453e-02 3.344224560516440709e-02 6.249075639083647750e-03 4.269728546058095854e-03 4.511656165915877564e-03
1.363286667952141318e-01 8.167459651564720757e-02 3.183045770999087115e-02 6.520421801123313724e-03 4.367202566083141016e-03 4.513810548189404505e-03
1.360109142748604227e-01 8.273681630432329348e-02 3.039106323790696784e-02 6.791015093036863876e-03 4.482297369587753301e-03 4.511914110112908056e-03
1.353099623204730151e-01 8.288845815091155922e-02 2.908785580964974235e-02 7.069061355696897898e-03 4.607290857025776731e-03 4.447893384764061396e-03
1.345916746383150064e-01 8.356808107612748171e-02 2.793533331704631251e-02 7.330024175204967810e-03 4.749522677339021622e-03 4.438943842872125276e-03
1.343987798624469154e-01 8.346111198274219767e-02 2.683437675800405542e-02 7.597847250153527687e-03 4.895477816713315541e-03 4.605843337990936544e-03
1.331206067746939781e-01 8.426653802714886843e-02 2.580930420359320299e-02 7.848971880278946683e-03 5.060515176034067336e-03 5.365004799008540361e-03
1.327695592131179492e-01 8.465284946533492560e-02 2.435051215405461059e-02 8.112075002392740361e-03 5.242976864853346811e-03 7.211620390500241701e-03
1.313990817476070327e-01 8.595713959822547101e-02 2.300913625027711101e-02 8.363168527341978062e-03 5.482577076781200084e-03 1.030799781219042185e-02
1.307117843259514023e-01 8.653813924388231715e-02 2.197853916211457009e-02 8.623701036513751333e-03 5.806110484223707749e-03 1.330691644870117193e-02
1.292837705723801633e-01 8.760388157611420645e-02 2.103526485196008725e-02 8.844294003499147960e-03 6.350143351923339362e-03 1.602460697870708786e-02
1.278562622596907394e-01 8.802267937693956934e-02 2.012362055409428266e-02 8.995407581856663948e-03 7.198535478729746646e-03 1.727673361402879207e-02
1.263864571385635571e-01 8.912169652650116236e-02 1.930881009204589785e-02 9.087304537114305331e-03 8.416882934389717172e-03 1.796501495119265379e-02
1.244502204178416366e-01 8.975607146765474109e-02 1.853311363645738369e-02 9.298559877678223146e-03 9.783675096720675229e-03 1.858331436109667348e-02
1.233412159778378286e-01 9.094449326472572870e-02 1.783461253131473148e-02 9.585816694098374738e-03 1.105886440886912764e-02 1.848031443349221203e-02
1.212993772372153722e-01 9.171271425543923994e-02 1.716785498577773350e-02 9.881339744771943170e-03 1.178972515481991473e-02 1.766843507530866525e-02
1.201998045072233123e-01 9.292413746769363769e-02 1.652501753853555591e-02 1.010854711882175003e-02 1.198235517710471293e-02 1.658287685997503896e-02
1.181107781299165355e-01 9.365292163625968391e-02 1.590159647850911476e-02 1.033941846563179480e-02 1.191886131789692688e-02 1.580331476732430365e-02
1.170212662794954117e-01 9.462548872787758525e-02 1.532583981940238704e-02 1.060901433175683722e-02 1.198650432744120288e-02 1.532399603114730814e-02
1.150337129854876600e-01 9.486071631560677453e-02 1.480886686091086729e-02 1.094461815520023085e-02 1.208235498416577840e-02 1.500893512496854175e-02
1.141306294987605441e-01 9.565660117674273932e-02 1.438627614009267003e-02 1.134635236203103588e-02 1.208911008301624505e-02 1.472884889562119624e-02
1.120836274640133329e-01 9.627204032803080014e-02 1.398068106445267411e-02 1.187950549596471922e-02 1.237593749755403795e-02 1.510305942047830002e-02
1.111008213852912180e-01 9.765031426534284686e-02 1.372549274205512801e-02 1.328382751059608083e-02 1.265071513001174604e-02 1.517791558727923582e-02
1.090502002519690844e-01 9.845448856724894893e-02 1.330954617779553720e-02 1.494521451754993353e-02 1.407247964192007150e-02 1.515950651617940619e-02
1.078918747032218961e-01 9.977593871037582218e-02 1.307923287315635591e-02 1.735203529257988223e-02 1.263255842300631954e-02 1.523902960947542962e-02
1.056525030506642454e-01 1.009134427587307231e-01 1.303872817356848887e-02 1.807339411910939900e-02 1.084973587465933031e-02 8.993101072651306718e-03
1.045940484846813040e-01 1.024380576892326006e-01 1.277834607654359383e-02 1.080381499969812822e-02 9.996643193823866180e-03 6.030770786746078409e-03
1.029017316690932493e-01 1.027405126737697405e-01 1.286877391632505231e-02 1.052500976066752733e-02 1.004576001542128311e-02 5.909473677899559560e-03
1.058006231492066296e-01 1.014142612962826706e-01 1.283438765022179920e-02 1.183928365475147085e-02 1.040408967620164334e-02 6.273148334903687340e-03
1.062647551428107795e-01 9.975242776813757206e-02 1.362062555188072593e-02 1.884227569460386956e-02 1.614291028020750987e-02 1.185110456900641610e-02
1.093478766279643299e-01 9.863197305840049056e-02 1.315539253053409421e-02 1.781752600202015160e-02 1.387084252490742436e-02 1.498035342520508822e-02
1.098442995113896870e-01 9.691552208475841257e-02 1.332063778530102709e-02 1.617774590341683472e-02 1.002630308473091529e-02 1.435532166465787463e-02
1.129897815294882285e-01 9.614936248428124221e-02 1.340234320138391708e-02 1.442872587144493346e-02 9.140106570418733353e-03 1.506893475556588327e-02
1.137586122292371937e-01 9.379465715448040419e-02 1.369950727614735290e-02 1.502790312689328799e-02 8.525457267878254475e-03 1.463781839343896406e-02
1.170705869518445102e-01 9.374819175818900618e-02 1.387614634171247321e-02 1.403460633326945005e-02 8.061666370736899831e-03 1.504851236318713661e-02
1.186140473606835249e-01 9.173855586672377549e-02 1.422687112777004312e-02 1.449239657669526386e-02 7.317387127658802649e-03 1.446556614175243533e-02
1.216356089014960784e-01 9.154705143258692890e-02 1.443691485883695849e-02 1.467308665331336706e-02 7.021394449879540985e-03 1.444031448020779117e-02
1.234782438498967100e-01 9.102739375336640903e-02 1.480804646350422984e-02 1.416424320117179274e-02 6.596146676406202530e-03 1.435997899842405071e-02
1.265359745311188666e-01 9.045411380315328265e-02 1.505410150660560151e-02 1.354200428557606091e-02 6.382013021230870976e-03 1.404183012376545789e-02
1.293787073994608072e-01 8.954983015390738377e-02 1.544523231711527819e-02 1.292674130236522341e-02 5.855923944676500077e-03 1.363429297689367457e-02
1.325803203470715119e-01 8.819964446989232709e-02 1.572546024296655326e-02 1.240645697815041804e-02 5.619154680254290733e-03 1.328329378152265892e-02
1.369133158795520777e-01 8.697865278352068241e-02 1.612921075759553291e-02 1.169994793397229234e-02 5.198752457921556637e-03 1.315182563554868379e-02
1.385217288396074775e-01 8.528314940996388482e-02 1.645142319332934880e-02 1.102726955313962191e-02 5.011295569833484898e-03 1.323880905531711442e-02
1.408989052432476352e-01 8.408494668338413469e-02 1.688085606304210937e-02 1.048511830235153430e-02 4.640819869743350277e-03 1.345927850721589068e-02
1.438868682106374808e-01 8.271201643213277332e-02 1.728047535164890097e-02 1.012592903614155382e-02 4.574521596730698504e-03 1.373560801589988195e-02
1.458214115880748230e-01 8.229552656989362613e-02 1.776791223479687321e-02 9.872394595969313444e-03 4.385001281664351047e-03 1.394270002275113836e-02
1.506653610957514877e-01 8.164218071799479726e-02 1.821118512651291946e-02 9.718398704703944124e-03 4.225370681036185773e-03 1.451293456782657733e-02
1.527905995535359940e-01 8.129425151657368454e-02 1.878472996019632524e-02 9.587207112539929132e-03 3.945669351408743857e-03 1.451600089310816841e-02
1.578469671518968886e-01 8.113441357382288055e-02 1.936305119899713739e-02 9.514422234301619583e-03 3.724273751940835719e-03 1.394910719928933555e-02
1.603814485820992675e-01 7.688686425805116298e-02 2.005320375581987752e-02 9.485230719152007786e-03 3.491925020124886023e-03 1.242572001453822253e-02
1.654229658236100187e-01 7.381463039388676262e-02 2.068001832614229513e-02 9.503667338312041940e-03 3.312156209129412266e-03 1.106249901026012776e-02
1.680207052557160519e-01 7.116594234321353685e-02 2.135572091177121226e-02 9.425572542155509839e-03 3.343448142357038216e-03 9.074505046295739882e-03
1.734996793868114340e-01 6.954558221408137231e-02 2.204506566500845366e-02 9.487750629663827678e-03 3.113220959276937708e-03 8.246143720846791161e-03
1.766188739264596130e-01 6.776926791252842197e-02 2.270881297446391070e-02 9.674374228310298959e-03 4.352378140486131905e-03 3.802683973511851272e-03
1.826895605064215167e-01 6.655885455118411287e-02 2.343487719495108285e-02 9.897037485723975819e-03 5.636005065015884524e-03 3.154876894163865814e-03
1.864887139480938816e-01 6.514028627691281770e-02 2.406839221758379221e-02 1.003253707607789681e-02 5.398790202235115472e-03 2.921806286815929830e-03
1.933524048957886154e-01 6.406870716550648603e-02 2.481920675429543158e-02 1.024608137394491907e-02 4.833927520192651990e-03 2.888495779429321036e-03
1.980169724652011132e-01 6.285034520218357734e-02 2.540665510245569345e-02 1.040115409208961818e-02 3.758886161817592223e-03 2.868586770282066222e-03
2.057666866200192624e-01 6.218398769291631767e-02 2.614656353587009596e-02 1.061098639236004657e-02 4.445111880238733319e-03 2.858853779951815548e-03
2.116766367315654485e-01 6.139311683564094985e-02 2.664499627540402316e-02 1.077783506286486385e-02 4.097135554019931507e-03 2.820332216809520471e-03
2.204188827300612441e-01 6.108545763372276449e-02 2.752104740404155009e-02 1.100044753663678536e-02 4.284332617338058348e-03 2.749237720825675486e-03
2.277334717953277132e-01 6.049543354783656901e-02 2.808892204344667562e-02 1.113746024700750653e-02 4.107033493692249793e-03 2.647544997840500271e-03
2.366135800126361877e-01 6.011778129293463696e-02 2.912412291752947135e-02 1.141147140003356472e-02 3.902913122020503552e-03 2.587135705566479330e-03
2.446488755477484456e-01 5.931635275140055563e-02 2.983860593661646909e-02 1.157540973472900685e-02 3.489751207294155069e-03 2.555191430327112111e-03
2.532770951242224733e-01 5.864948729945702877e-02 3.098473141263112518e-02 1.190189448727036088e-02 3.439170634130017234e-03 2.534062027291347687e-03
2.605618358685839464e-01 5.769252059084145623e-02 3.188721862654502609e-02 1.209783623724239136e-02 3.599866309920565517e-03 2.503006458765843351e-03
2.697723900152818599e-01 5.660642747751625653e-02 3.320468763640959525e-02 1.247330768113844891e-02 4.068602723073296706e-03 2.470433339609014265e-03
2.801624335556536227e-01 5.560955342735584422e-02 3.422608307307939413e-02 1.269569735260044942e-02 4.631110254331204448e-03 2.432558358185117446e-03
2.975428202041794923e-01 5.443000746481606311e-02 3.560913781919406579e-02 1.313421356307199403e-02 5.502187692662391383e-03 2.393994630172792404e-03
3.047488653616384213e-01 5.418563991582442396e-02 3.673772359860668496e-02 1.335569548118646643e-02 5.590006044440538717e-03 2.329924333908252754e-03
3.115899727425759380e-01 5.315006380221935084e-02 3.863523563466620542e-02 1.396690550236901612e-02 4.883025457765584158e-03 2.271919989866483768e-03
3.120267274818437353e-01 5.314814181975353186e-02 4.056752281561296775e-02 1.427402028389508117e-02 3.669897459165983537e-03 2.226162979007089652e-03
3.177372637130956301e-01 5.180767115904547082e-02 4.308376834197547717e-02 1.506130407249528860e-02 3.213957923840765531e-03 2.185596891456480836e-03
3.217923855988329973e-01 4.982837203390212688e-02 4.628401713143778101e-02 1.550519713500220741e-02 3.319224540148154896e-03 2.116221720401202828e-03
3.336958678427245362e-01 4.818988039844924326e-02 5.192546261730258961e-02 1.639283994910342018e-02 3.887262425661689325e-03 2.035382546236786782e-03
3.420937533562665167e-01 6.928599015318481769e-02 4.427307809189165444e-02 1.678679095633459420e-02 4.676966788374918582e-03 1.969624065922326740e-03
3.573239217087928465e-01 6.059723436083769288e-02 4.426129820546220728e-02 1.754661852614270226e-02 4.864112013234708765e-03 1.929657961969275274e-03
3.663555011746069678e-01 5.797421362209605883e-02 4.429905678856964346e-02 1.774040346180957503e-02 3.922667295656651412e-03 1.911523400043202382e-03
3.838577410980091309e-01 5.958417202083993169e-02 4.384926747795367397e-02 1.840422685854001261e-02 3.013618167574403598e-03 1.929389972367888135e-03
3.937434434055933630e-01 6.007363961663091112e-02 4.366655010656109170e-02 1.825372862338861188e-02 2.834447366776348797e-03 1.906471320767279785e-03
4.123740041130103395e-01 6.230001755609045067e-02 4.281025456062978463e-02 1.908190610517090588e-02 3.122275224155628397e-03 1.858282670980020840e-03
4.212097747278494841e-01 6.245159198192862249e-02 4.234657965272074776e-02 1.895291224022402354e-02 3.618265263635087135e-03 1.801332581386420016e-03
4.398741812318660016e-01 6.463194957058641943e-02 4.153560774026356095e-02 1.997374057894532595e-02 3.294036206052308215e-03 1.752047130806441049e-03
4.483360994493733043e-01 6.373367530381432444e-02 4.113339157206757218e-02 2.033300218782553570e-02 2.494321469744239898e-03 1.700563935638936108e-03
4.697846856301732266e-01 6.469459932913425304e-02 4.042861511151593645e-02 2.168476955284934574e-02 2.350455854261570762e-03 1.654148691338921040e-03
4.797517164434930703e-01 6.288440806018097406e-02 4.004391903185280238e-02 2.213241500539685561e-02 2.623782974659758134e-03 1.609484509255540300e-03
5.043631871999895155e-01 6.274322023905311296e-02 3.930256432357338847e-02 2.311081199738597089e-02 2.913325086327600046e-03 1.572600568275790093e-03
5.157003722183031158e-01 6.161960219334428751e-02 3.892777666730986436e-02 2.367577513128171773e-02 2.433155691490142703e-03 1.531250536468518756e-03
5.417963409655432994e-01 6.707651613416684699e-02 3.825671181002050780e-02 2.515398152724611716e-02 2.237122579826282282e-03 1.497495729798519522e-03
5.547671917749479320e-01 7.080207256320464326e-02 3.785817269830089871e-02 2.577179773657205589e-02 2.340775326101868399e-03 1.462913429819645734e-03
5.819028462848407912e-01 7.463735241272891063e-02 3.718858775275656753e-02 2.725741250259493959e-02 2.361150042765824096e-03 1.430221811407141096e-03
5.970600153702728674e-01 7.815551382345699294e-02 3.678873656806563863e-02 2.772583277477023989e-02 2.218180227056549495e-03 1.404380321464505834e-03
6.256081882692293705e-01 8.216528237930871559e-02 3.619030200828082799e-02 2.934307968346962572e-02 2.206102568325449351e-03 1.373275677631823673e-03
6.423623853834843356e-01 8.480219866432799070e-02 3.582280284518870456e-02 2.973475661407580170e-02 2.219726792177152425e-03 1.352609302093501316e-03
6.729967732709414285e-01 8.868191552985892068e-02 3.524257140512001424e-02 3.163051791029416332e-02 2.151765310214756154e-03 1.325468355719231417e-03
6.934422577169730983e-01 9.196180303821047120e-02 3.488547426296056964e-02 3.193761922388686780e-02 2.088087053799707500e-03 1.308572495096537803e-03
7.279067477960001753e-01 9.479979003785332647e-02 3.436236136222604182e-02 3.356722173527652842e-02 2.434130664822777186e-03 1.287505795795833513e-03
7.540103443552970131e-01 9.663132785428686644e-02 5.684564409849224287e-02 3.017121957668192356e-02 2.003990865326445246e-03 1.274357561524286321e-03
7.938390645845242455e-01 9.851004868371820988e-02 3.729537042189035728e-02 3.187041502462410053e-02 2.090594106213143621e-03 1.256859616213435241e-03
8.291048535905332084e-01 1.000584566916505047e-01 3.626914245127097619e-02 3.345405283843654043e-02 2.229739046312703785e-03 1.246722783238550644e-03
8.771284722158545488e-01 1.022447981123447425e-01 3.928529068894627552e-02 3.314101466077420260e-02 1.916391368146629645e-03 1.238435831101767021e-03
9.293701349719711846e-01 1.047984606101678984e-01 4.044429356095550349e-02 3.314621235199442795e-02 2.295633066082092971e-03 1.231393696411648081e-03
9.728624213110151908e-01 1.084661935674535033e-01 4.399026349379280693e-02 3.303069721408669057e-02 1.899816889877913679e-03 1.221595566232417523e-03
1.003087483423124260e+00 1.122200278081034175e-01 4.261894905312029608e-02 3.331341410435025713e-02 2.213645148888793417e-03 1.215405795899234670e-03
1.039921879446066066e+00 1.164590439583266107e-01 4.290789576978189246e-02 3.345794303004342302e-02 1.872403112025311034e-03 1.209102716429808367e-03
1.082374270463132282e+00 1.204943774699584746e-01 4.426291026734272688e-02 3.401331821454016413e-02 2.076655519181068096e-03 1.214249152000219630e-03
1.132333952878139094e+00 1.251291886036325907e-01 4.780557816029962909e-02 3.423466388522782705e-02 1.821988922078743084e-03 1.202596322570782155e-03
1.180825912568946423e+00 1.298109898653516114e-01 4.880086937377865752e-02 3.479975698476484719e-02 2.045177585509086113e-03 1.212030449881703080e-03
1.237902210316885077e+00 1.352922752634571624e-01 5.197625292368111827e-02 3.483630027888880848e-02 1.798773482451736369e-03 1.214154332268176789e-03
1.293592813135068464e+00 1.405027082733395216e-01 5.338366687758656914e-02 3.508131956309856053e-02 1.850966164227790117e-03 1.222706562861374533e-03
1.358983770952335801e+00 1.465307900813472841e-01 5.665125401573783970e-02 3.477945949667286124e-02 1.972234026208308320e-03 1.237645218649520255e-03
1.421465681553867988e+00 1.523320715394326508e-01 5.849299768430342439e-02 3.468458022852610040e-02 1.749178569473270077e-03 1.237045417511266863e-03
1.498189400456295672e+00 1.588821615540820242e-01 6.213907393006217611e-02 3.422276522928813236e-02 1.852134773566309171e-03 1.267383517395775710e-03
1.570125409003928940e+00 1.653728329881508363e-01 6.472398871406265242e-02 3.395357523066247496e-02 1.934923921347319470e-03 1.274030193333247846e-03
1.658021114306290400e+00 1.728045742962109332e-01 6.890766273475823489e-02 3.368292632118660701e-02 1.748294997716531634e-03 1.286295753830085610e-03
1.740145099134212447e+00 1.801017692997911868e-01 7.210727384924228711e-02 3.332683540441104542e-02 1.711700265356930466e-03 1.324256413041521125e-03
1.837835730973998771e+00 1.885610204511214694e-01 7.686536982020260311e-02 3.322455593837361082e-02 1.850293306267945716e-03 1.336372225499510725e-03
1.930942747426796835e+00 1.972460375296417046e-01 8.068734194260671067e-02 3.236982784443302036e-02 1.909942676121773129e-03 1.351511196500808582e-03
2.042304589555161698e+00 2.071831128796859378e-01 8.618443172364531613e-02 3.231260367943375456e-02 1.826290714249626185e-03 1.391011356227241222e-03
2.154821197265303301e+00 2.173093865613781595e-01 9.092808376211894417e-02 3.015316825967881073e-02 1.757812998423975964e-03 1.467900210587458993e-03
2.282675224841591355e+00 2.285711129238400252e-01 9.734250668468809320e-02 3.004824124307650668e-02 1.725790211932180839e-03 1.431594811583565552e-03
2.418433784392512109e+00 2.402405954629626694e-01 1.029835118917648284e-01 2.952423088878399285e-02 1.740479581108171419e-03 1.528121824661383792e-03
2.570263927713234420e+00 2.529639197734588341e-01 1.103373684170454172e-01 2.921344485472436928e-02 1.781112114854238810e-03 1.611466350644720057e-03
2.731351404204521494e+00 2.661458734742253585e-01 1.170601114391368047e-01 2.966752811881414459e-02 1.829304061842346044e-03 1.627198826916144772e-03
2.906429761384294430e+00 2.804693851932504867e-01 1.261561923012917419e-01 2.964252479346515118e-02 1.868607991286246441e-03 1.691474609771494251e-03
3.091551339491345640e+00 2.957241893021915202e-01 1.327133045491042662e-01 2.992870011478065972e-02 1.895956197132854168e-03 1.800261775257749322e-03
3.296532446977343156e+00 3.125303592258235619e-01 1.418289223754955475e-01 2.919600084847098417e-02 1.902642879462396967e-03 1.968427450417252131e-03
3.518334375163719052e+00 3.304101518127819936e-01 1.498702344802939623e-01 2.908774881425860853e-02 1.918264745673222858e-03 1.992041642025030312e-03
3.753762875864661730e+00 3.497835182809667098e-01 1.619798283172379227e-01 2.822856033551995186e-02 1.934499047377660720e-03 2.142670963425008773e-03
4.014433266303713665e+00 3.704506752519494683e-01 1.705185704310955008e-01 2.812775874365311055e-02 1.930635849106998678e-03 2.331651857901885505e-03
4.283665177474811792e+00 3.924757469646423247e-01 1.837861057300748391e-01 2.719039958444435107e-02 1.921987500302178593e-03 2.667907227647580218e-03
4.596013654697730821e+00 4.168431532568432352e-01 1.948059965107052094e-01 2.695823966124523408e-02 1.929679780039411435e-03 2.886000090155016375e-03
4.929776070430730073e+00 4.439284543841330311e-01 2.116376253876376123e-01 2.600176156639533859e-02 1.958671973861729910e-03 2.909644366293810246e-03
5.325599099699187988e+00 4.722894097634434685e-01 2.254720497925819800e-01 2.585440464239901343e-02 2.028889088521221469e-03 3.444812430916575647e-03
5.744132745082242586e+00 5.041659446293935698e-01 2.449712887820321150e-01 2.484583680970623223e-02 2.115971043391588410e-03 4.179508111025445095e-03
6.245450402657352740e+00 5.391772535062426819e-01 2.618744532013667636e-01 2.482949491749373086e-02 2.225320422472179017e-03 4.224492393580950647e-03
6.777647746335627055e+00 5.776619823689187472e-01 2.848273069320008677e-01 2.380670095527411337e-02 2.147175595216519600e-03 4.781028680720292301e-03
7.436303330572020975e+00 6.197449739161183802e-01 3.040510322581629343e-01 2.406579047900641796e-02 2.225485764837227976e-03 5.832780949263636529e-03
8.116376399792741836e+00 6.685673332742441133e-01 3.283953350426671025e-01 2.308724217927112313e-02 2.423119784506586483e-03 6.404262448903987742e-03
8.977066347879004482e+00 7.235746624535475124e-01 3.538953529224438954e-01 2.341645974652658072e-02 2.334881768958723108e-03 6.488674801922469232e-03
9.874193205550445995e+00 7.840818722648844608e-01 3.865991373872988413e-01 2.253181863998758930e-02 2.521702803330942363e-03 6.677198244192078525e-03
1.104396856982938857e+01 8.532003375811783030e-01 4.213174540655705291e-01 2.287774869744777992e-02 2.533153939477982182e-03 6.799030037972503791e-03
1.223773837048580404e+01 9.372483441988808117e-01 4.630732191692020772e-01 2.212211432951435158e-02 2.900606109725712041e-03 6.687733542124641578e-03
1.387029573386474723e+01 1.030028656234981632e+00 5.083392913690136794e-01 2.260082684445631832e-02 2.958865371117868834e-03 6.453764029503285954e-03
1.551459022974766278e+01 1.130939349231480540e+00 5.608628058630956703e-01 2.186655722460796245e-02 3.256909291307569752e-03 7.069872865167528379e-03
1.790864997576842654e+01 1.209404412030127052e+00 6.187007273644283822e-01 2.289374364071636303e-02 3.776835408104106586e-03 7.882062398693023483e-03
2.053651940655456443e+01 1.325557041619274345e+00 6.866562108164033784e-01 2.183601668370177204e-02 4.440020495703619029e-03 7.792709317937750874e-03
2.356960029379999000e+01 1.495523671453887538e+00 7.646187358902895026e-01 2.361802693313203722e-02 5.360212695927651060e-03 7.379473887692487334e-03
1.017107516939618015e-03 1.684058214032718270e+00 8.577517691299973990e-01 2.169962748053597124e-02 6.085168543174528100e-03 7.013359571875883713e-03
0.000000000000000000e+00 1.856187111902651843e+00 9.697148810212865566e-01 2.221750022949639872e-02 6.881302535217826387e-03 6.811462808939652142e-03
0.000000000000000000e+00 2.045263580367759459e+00 1.104148509061069872e+00 2.104087069677217092e-02 7.329029479123031973e-03 6.805390023463375043e-03
0.000000000000000000e+00 2.275262882289349697e+00 1.259052689181703322e+00 2.085376772122187958e-02 7.668513404934735982e-03 7.278657361546200105e-03
0.000000000000000000e+00 2.575537816820744563e+00 1.456268148351988811e+00 2.069951118922489994e-02 7.686639807298536499e-03 7.481480968939364928e-03
0.000000000000000000e+00 2.982530620079170358e+00 1.724915727225622364e+00 2.060743664801345520e-02 7.164811901758630537e-03 7.142682447065143610e-03
0.000000000000000000e+00 3.525511942678483557e+00 2.070768662092904222e+00 2.055832252554882014e-02 7.173318585634989863e-03 7.136747557961018243e-03
0.000000000000000000e+00 4.338385034777903826e+00 2.570548637958517624e+00 2.048751272025469208e-02 7.209539130504795390e-03 7.178866830502110552e-03
0.000000000000000000e+00 5.537578757105459104e+00 3.300707857157281655e+00 2.045256146283060128e-02 7.099389860290216021e-03 7.123413519307398613e-03
0.000000000000000000e+00 7.364908868974335832e+00 4.614346260363605623e+00 2.039991467960526605e-02 7.263997894959011749e-03 7.246369243270091472e-03
0.000000000000000000e+00 1.036579567338298880e+01 7.058566714978783629e+00 2.039129726683742636e-02 1.450774210471626616e-03 1.447856822799331459e-03
0.000000000000000000e+00 2.157467851319349705e+01 1.118991029486599587e+01 2.034125067281897931e-02 1.397081041752734837e-03 1.397693340879325183e-03
