0.000000000000000000e+00 9.057971925656295269e-04 2.606624513992318853e-03 1.488620539811327803e-02 5.840260088596158083e-04 5.839489957821749656e-04
0.000000000000000000e+00 1.799746486932631701e-02 2.513454808076012981e+01 1.488567658321374339e-02 5.853244177505965073e-04 5.850756595708715571e-04
0.000000000000000000e+00 1.968798027994372646e+01 1.221083693034720241e+01 1.488834306795324205e-02 5.969999930752967676e-04 5.947560293325202408e-04
0.000000000000000000e+00 1.264502643099744006e+01 8.091922512080154561e+00 1.489040418148108308e-02 6.690215359618936850e-04 6.491406097203414717e-04
0.000000000000000000e+00 9.364504279809512610e+00 6.053911455075991377e+00 1.489459341698616546e-02 1.004783726054080985e-03 1.115044031991792826e-03
0.000000000000000000e+00 7.477341105367133700e+00 4.757121684463900380e+00 1.489959705237197882e-02 1.164215441546935653e-01 1.307337870970623206e-01
0.000000000000000000e+00 6.199554104583315350e+00 3.876032358105927500e+00 1.490601229985299980e-02 1.175822013196748256e-01 1.285111977971649944e-01
0.000000000000000000e+00 5.254099206669036626e+00 3.265633097268049401e+00 1.491386583876213624e-02 1.181781267057330775e-01 1.222176033596861500e-01
0.000000000000000000e+00 4.530605860330492618e+00 2.803304791200611046e+00 1.492307272599757532e-02 1.227338114904536898e-01 1.239387355614071651e-01
0.000000000000000000e+00 3.976191929593999586e+00 2.449232466706685596e+00 1.493408717987209852e-02 1.229928291947761931e-01 1.222410773204486156e-01
0.000000000000000000e+00 3.533515477497413126e+00 2.164495521666996769e+00 1.494507597428834829e-02 1.226504498762647222e-01 1.226179794026875935e-01
0.000000000000000000e+00 3.173819113522366120e+00 1.932085961535076502e+00 1.495799876481674132e-02 1.207162130615544310e-01 1.228094844337319913e-01
0.000000000000000000e+00 2.876048444724760511e+00 1.739554445173190578e+00 1.497236392097208053e-02 1.133501558332803555e-01 1.241472521094233311e-01
0.000000000000000000e+00 2.622147737966313397e+00 1.576405234134487188e+00 1.498890093927436433e-02 1.020116338522285698e-01 1.229742175047899705e-01
0.000000000000000000e+00 2.405965096165953998e+00 1.438824688876259250e+00 1.500450180636263807e-02 9.561170094802712294e-02 1.241836566570338057e-01
0.000000000000000000e+00 2.215371280348281680e+00 1.318107339060252903e+00 1.502832168552830673e-02 9.140290563439118499e-02 1.242377754547101670e-01
0.000000000000000000e+00 2.050456199140083147e+00 1.218081689079147933e+00 1.504580486821884694e-02 7.711280827645379532e-02 1.232330114293603285e-01
0.000000000000000000e+00 1.903825385071558740e+00 1.130612248085992588e+00 1.510121094542094672e-02 7.419596796560490315e-02 1.227594933879624095e-01
0.000000000000000000e+00 1.776334455419765090e+00 1.053594545515178504e+00 1.511455341585198758e-02 6.835110015512836645e-02 1.236724912571256219e-01
0.000000000000000000e+00 1.661880879382500398e+00 9.766497699114060627e-01 1.529433798291041265e-02 5.092816037936886281e-02 1.252942758079784169e-01
1.054121143681851694e-04 1.560664230033942834e+00 9.114546409437627172e-01 1.523843764993479920e-02 4.866373840226435182e-02 1.215411570515381873e-01
1.145748338739584595e-03 1.467738627598030643e+00 8.481510781598904369e-01 1.567607479270270374e-02 5.279315186916079539e-02 1.193400884656887484e-01
2.487090489614202937e+01 1.384744976838146124e+00 7.948467513198668177e-01 1.541819797997326900e-02 3.981224120722390986e-02 1.218411425717174090e-01
2.272389836282213693e+01 1.307659923848178751e+00 7.423213342770751400e-01 1.612937441073638775e-02 3.372804163749532069e-02 1.199920784371008992e-01
2.084652398220515579e+01 1.238980263660839354e+00 6.986279173659363240e-01 1.559446575648233690e-02 3.736381714536465837e-02 1.161465097291120296e-01
1.917077882260945287e+01 1.176593997285133586e+00 6.547383909617835451e-01 1.639522225020887541e-02 3.038500718557981747e-02 1.186802370755073721e-01
1.768056855950875317e+01 1.125186303363892693e+00 6.182395870947380301e-01 1.570182348684664997e-02 2.524638591375485269e-02 1.153442391818736840e-01
1.636660318214919130e+01 1.080072330963249394e+00 5.807557739117031881e-01 1.639696100943865628e-02 2.754394728661688913e-02 1.126303924720946370e-01
1.517800833783326198e+01 1.040269043465754883e+00 5.491636841865763508e-01 1.572874274272124603e-02 2.209499708344258781e-02 1.122485645775196800e-01
1.412259823170055562e+01 9.943703002618105025e-01 5.167130079644948193e-01 1.625946319573049956e-02 2.004485856252290546e-02 1.084140174826752762e-01
1.316317703863083644e+01 9.487581283653082620e-01 4.900612606447005137e-01 1.571635108994571400e-02 2.005214084227909324e-02 1.063746279080647894e-01
1.230253813753131631e+01 9.019037312768082293e-01 4.617062396327958340e-01 1.611582257169359364e-02 1.588305641065437118e-02 1.022344450253639958e-01
1.151463482092828805e+01 8.616458218107768685e-01 4.384055532573195024e-01 1.570926531756489108e-02 1.619267204774870600e-02 9.982026249233176551e-02
1.080340302426530563e+01 8.225642687910598161e-01 4.134128723487655588e-01 1.601659619634082307e-02 1.421663403770240079e-02 9.389665533465468839e-02
1.014761831877384601e+01 7.885420926852078072e-01 3.929445469649313627e-01 1.572791570146675130e-02 1.326303794211211064e-02 9.181133858929635405e-02
9.551833573693068402e+00 7.548952970144777730e-01 3.710554447871871053e-01 1.597771988563481335e-02 1.406302275423542206e-02 8.839367680794543713e-02
9.001812526741822751e+00 7.251180046900118636e-01 3.533518323293412533e-01 1.576807889848704305e-02 1.106827602270855047e-02 7.941864200025147702e-02
8.499223402525423410e+00 6.956468496384642375e-01 3.344988909852769643e-01 1.598936073748491102e-02 1.102501020110142893e-02 8.018619650052934145e-02
8.033120766256264034e+00 6.691945021938993099e-01 3.187724448564611124e-01 1.582495352382361220e-02 1.053965303474456959e-02 7.117968015437724227e-02
7.605086342052399750e+00 6.429867341646591239e-01 3.015217033769890809e-01 1.603520850696057640e-02 9.315568549946393745e-03 6.735912995659923408e-02
7.206167976267706443e+00 6.191871713643849473e-01 2.876387061654493982e-01 1.590317856452565931e-02 9.928374760299984655e-03 6.578771588253753966e-02
6.838500863868953950e+00 5.956727238121565238e-01 2.723465320410030088e-01 1.610932186926766416e-02 8.452484887932282948e-03 5.561081393511688176e-02
6.494477874023703912e+00 5.742645911516609525e-01 2.601522360425884695e-01 1.601168770024131299e-02 8.088144641145187524e-03 5.659402864720047832e-02
6.176395982162507181e+00 5.531174558594649238e-01 2.467397185638068313e-01 1.621738658281885945e-02 7.733287348915712442e-03 4.960374426508737389e-02
5.878234377088244145e+00 5.337916520502606899e-01 2.358850803851576250e-01 1.613716458732051412e-02 7.336522137990512948e-03 4.675753563085793818e-02
5.601413676683423049e+00 5.146804788184590196e-01 2.238880570761597466e-01 1.633485927228693277e-02 7.216765289907813886e-03 4.311254835351788217e-02
5.340830484035702597e+00 4.971792897519310972e-01 2.142735494137952834e-01 1.626072864837108806e-02 6.279320427399756772e-03 3.971413938654411863e-02
5.098053213382793381e+00 4.798429255001600002e-01 2.038120724795740579e-01 1.644961843940327684e-02 6.324533326649265166e-03 3.942154102840590701e-02
4.869347142703571940e+00 4.639489874930199376e-01 1.955383069715896927e-01 1.638230997097491273e-02 5.853510198270499981e-03 3.285503687006127022e-02
4.655372627527934348e+00 4.482193428165080484e-01 1.862164677427514681e-01 1.656688054270723243e-02 5.776778517264427246e-03 3.390362118262973262e-02
4.453837551445308129e+00 4.337630251638252554e-01 1.787650873417002684e-01 1.650831907658155059e-02 5.409592005698157617e-03 2.802572968408986731e-02
4.264885319212567083e+00 4.194459646418508547e-01 1.704557579462077088e-01 1.669118824914831573e-02 5.024677029505539468e-03 2.909598308389270069e-02
4.085622055867283997e+00 4.062781287061404956e-01 1.637972470158563509e-01 1.664775583843058557e-02 5.258127594921002679e-03 2.541374413154940531e-02
3.917486567462562963e+00 3.931975407191762306e-01 1.563652188677688848e-01 1.683217921366622280e-02 4.494876195801738618e-03 2.311167785912414049e-02
3.758041491643824727e+00 3.811524945992440516e-01 1.503792963957179540e-01 1.680489845783844638e-02 4.487633811915614154e-03 2.506978668080778183e-02
3.607850859286600542e+00 3.691774840980194816e-01 1.436960725666996119e-01 1.698986980236478345e-02 4.296469811254258024e-03 1.944596985178120852e-02
3.465222037224604978e+00 3.581595918078648855e-01 1.382686634402474912e-01 1.697879300269521108e-02 4.217225309253783833e-03 2.125759531204264238e-02
3.330465139889108528e+00 3.471641170341707161e-01 1.322573925022842156e-01 1.716051194091679916e-02 4.138883709205511477e-03 1.724490260332834160e-02
3.202132905254121642e+00 3.370602692911932041e-01 1.272900774526746770e-01 1.716404594989751065e-02 3.734854995570633003e-03 1.752914568527895109e-02
3.080763307134040119e+00 3.269774579854385910e-01 1.218689624546380468e-01 1.733966412415263725e-02 3.878085900459755670e-03 1.586401798844127090e-02
2.965004257075384508e+00 3.176888525906348404e-01 1.174637298074692332e-01 1.736106015183670401e-02 3.554088844455439988e-03 1.455037620480637353e-02
2.855377569282287364e+00 3.084436464182397364e-01 1.123770408957720374e-01 1.753279691844930946e-02 3.484455759083840507e-03 1.505806455263812745e-02
2.750528706844207694e+00 2.999005182222034827e-01 1.086365437375666210e-01 1.756387523362726646e-02 3.399142739174484170e-03 1.257520926681877232e-02
2.651133706968586523e+00 2.913736416125582429e-01 1.038904810777970672e-01 1.773343187242965024e-02 3.340615838705659948e-03 1.335823013341249331e-02
2.556273764091276046e+00 2.835013309431269057e-01 1.004479532080671117e-01 1.777005681496132694e-02 3.196697415881731043e-03 1.150097131412287053e-02
2.465955558982447560e+00 2.756174586132719151e-01 9.619755640704047428e-02 1.794266389129797745e-02 3.065344726725526339e-03 1.163061890208696124e-02
2.379555353816676266e+00 2.683438735102474659e-01 9.313958600228813833e-02 1.798804539377727579e-02 3.128236457813130672e-03 9.730499734691887281e-03
2.297246827877838626e+00 2.610341628450528195e-01 8.928964140510953218e-02 1.816255342382817883e-02 2.890560290563162858e-03 1.021477252614051180e-02
2.218573779418446801e+00 2.543098186848749553e-01 8.650318565087154743e-02 1.821903433932430677e-02 2.875598639712989221e-03 9.346882318823451080e-03
2.143462589827590747e+00 2.475368980343831404e-01 8.290405628562295959e-02 1.839674795969548082e-02 2.744228761994703045e-03 8.624508530069362883e-03
2.071383246265990685e+00 2.413016136063479700e-01 8.017156593999791303e-02 1.846616847543949488e-02 2.755817240911130703e-03 8.504740689825844233e-03
2.002580699700539757e+00 2.350071058046531436e-01 7.672558112221118665e-02 1.865820312410865905e-02 2.587378369209304609e-03 7.535468459002316217e-03
1.936662776103671879e+00 2.292349677092328508e-01 7.433048866513664032e-02 1.874500089790437016e-02 2.473287903335711149e-03 7.960018846509727894e-03
1.873476106225672844e+00 2.233978982382049672e-01 7.108298170257472404e-02 1.895464993075624688e-02 2.486486752215367243e-03 6.160540528495959609e-03
1.812876393919307993e+00 2.180304664634873102e-01 6.909189037077538564e-02 1.905246839540283149e-02 2.280437789904636234e-03 7.015058334125749001e-03
1.754713239490658605e+00 2.125969373186142597e-01 6.622975776596237707e-02 1.926599965972434700e-02 2.297149472326612783e-03 5.750864181291746868e-03
1.698947810907887268e+00 2.076165498354857752e-01 6.444527026963202399e-02 1.934503369509638776e-02 2.181923421158650164e-03 5.838985226389675764e-03
1.645325283042379461e+00 2.025596218823612071e-01 6.213561393854418607e-02 1.951379245743217750e-02 2.201301568254359926e-03 5.603648746045910081e-03
1.593880098778672316e+00 1.979290313275127444e-01 6.069442884658717008e-02 1.951857942496533840e-02 2.100246738656114196e-03 5.055747718403226856e-03
1.544309332290727088e+00 1.932200408733777408e-01 5.862558036445358889e-02 1.960040854325673099e-02 2.065006800232647814e-03 5.454431325018898984e-03
1.496837975565704415e+00 1.889024921253137090e-01 5.737813314894395916e-02 1.954126382130322304e-02 2.132398933018068814e-03 4.255233545926225859e-03
1.451108689873155111e+00 1.845030242927482023e-01 5.555075651551085597e-02 1.958948063714466975e-02 2.013460436562084996e-03 5.014802270114641219e-03
1.407290719037231241e+00 1.804868720590611653e-01 5.471695591211401394e-02 1.956138885987629764e-02 2.004874085810922843e-03 3.900598643552655523e-03
1.365444393643484133e+00 1.763850665052733024e-01 5.317341662390985546e-02 1.964663707151110758e-02 1.923188232116734191e-03 4.109112026256594823e-03
1.325510013612835492e+00 1.726356124233107414e-01 5.239726429321679702e-02 1.971934131790271591e-02 1.912040423410936571e-03 3.941870748724166096e-03
1.286318386621492449e+00 1.688026800534677963e-01 5.113168866170139659e-02 1.983504397728694940e-02 1.817622477394173095e-03 3.631325988697616750e-03
1.248180525201653124e+00 1.653103843125511008e-01 5.034171663771599275e-02 2.001890363183381552e-02 1.753038379332073947e-03 3.819743154925868585e-03
1.211316206094717574e+00 1.617327308682862952e-01 4.899578642564771103e-02 2.013473638654779754e-02 1.787053321185427682e-03 3.114856462665063427e-03
1.175919131896143943e+00 1.584593220862401119e-01 4.814899308431568048e-02 2.043208386932346757e-02 1.725258380466376416e-03 3.754677638241103298e-03
1.141711939339597803e+00 1.551134178701732147e-01 4.631117458188413472e-02 2.057531197058278666e-02 1.737903741033130535e-03 2.938808561231129064e-03
1.108924543838522681e+00 1.520522245529683236e-01 4.581099690774247807e-02 2.094077564570197975e-02 1.684236179482820079e-03 2.946100932743588204e-03
1.077097758456522447e+00 1.489140554451806042e-01 4.539503557951715673e-02 2.110525090910185878e-02 1.689562060106103176e-03 2.732197554121368159e-03
1.046508704556689651e+00 1.460585826546870747e-01 4.495000997521050173e-02 2.142937699957987024e-02 1.630190852468910894e-03 2.553025443722758189e-03
1.016837390006313679e+00 1.431279461904744754e-01 4.439682007304570494e-02 2.157998449847568778e-02 1.545679890284278046e-03 2.605893247371329768e-03
9.883275250759524511e-01 1.404457961755201933e-01 4.360889037484532577e-02 2.182365399357869690e-02 1.539553129612709383e-03 2.219592257400548625e-03
9.606836984217514974e-01 1.376962152642329795e-01 4.210576676606573449e-02 2.193589296813519204e-02 1.511794210714090172e-03 2.519874875740792022e-03
9.340630880120641688e-01 1.351815672432237492e-01 4.091962845303782903e-02 2.207572956729945621e-02 1.511935815429703853e-03 2.158236169070151984e-03
9.081885229521875491e-01 1.325978679146207484e-01 3.823656291680314900e-02 2.213247666065668029e-02 1.469945280144710443e-03 2.114994592085013645e-03
8.833327054735876649e-01 1.302421981377251403e-01 3.575619667925478834e-02 2.220820687858719722e-02 1.475261881695320116e-03 1.971810296200882020e-03
8.591584356064704275e-01 1.278165003012420031e-01 3.402032476993138710e-02 2.226695699106680248e-02 1.453090823752638781e-03 1.886397231902688619e-03
8.359929107738883758e-01 1.256138992959162093e-01 3.342382789719627878e-02 2.235589332538756926e-02 1.403133039143711911e-03 1.931956764548070334e-03
8.133827623282713359e-01 1.233435214928945839e-01 3.248116831571188495e-02 2.245902506281551719e-02 1.383194994686466573e-03 1.694934273834393032e-03
7.916646165223657494e-01 1.212832905342780265e-01 3.279488892962814650e-02 2.254962523805001048e-02 1.370608812518093545e-03 1.809401906492641779e-03
7.703739400586557817e-01 1.191596254590300691e-01 3.171844801868456409e-02 2.266948246232040887e-02 1.389766760951605942e-03 1.670645617260936274e-03
7.500125227920312332e-01 1.172340970159365808e-01 3.168130155301059070e-02 2.272065853442734387e-02 1.375346376462945400e-03 1.636955771494384053e-03
7.298740411866442290e-01 1.152472506314967809e-01 3.082765272334338572e-02 2.280706090472214148e-02 1.366199111287891461e-03 1.546099174809281848e-03
7.108362351382737643e-01 1.134604215529603916e-01 2.310923335575061979e-02 2.868488930167553339e-02 1.346582030104445660e-03 1.442755692424080305e-03
6.920356096348956321e-01 1.116089251168122243e-01 2.325783811698416831e-02 2.726158232344012833e-02 1.320041722617695378e-03 1.512940275014888628e-03
6.741919519315522358e-01 1.099537023218801757e-01 2.337045754877915132e-02 2.691453174348092114e-02 1.318962076765312552e-03 1.414805408791565801e-03
6.566038514176112395e-01 1.082344023796360105e-01 2.351339187492365590e-02 2.557246119036562029e-02 1.311414702860599912e-03 1.455881875776289828e-03
6.397255236985897042e-01 1.067014748076138136e-01 2.361627007311894316e-02 2.503432786964662413e-02 1.325225694662176493e-03 1.348554565219617926e-03
6.231450633661130833e-01 1.051036324875993383e-01 2.375895667038595976e-02 2.373757470958509294e-02 1.325903059844181064e-03 1.294463232380767444e-03
6.072732431606346903e-01 1.036858878304646736e-01 2.386152494930126114e-02 2.317147845013844618e-02 1.303484514497852461e-03 1.298996333260352435e-03
5.916820011431146442e-01 1.022049111217581407e-01 2.401077474839106302e-02 2.198530192520430429e-02 1.280591366169977997e-03 1.231780599122325563e-03
5.767512376042762678e-01 1.009050863914701945e-01 2.411980857980528664e-02 2.126308390602969778e-02 1.267924591410010508e-03 1.269917647384924929e-03
5.620843090986009649e-01 9.953008295701071262e-02 2.427331388554807359e-02 2.021668618299590076e-02 1.276931280555346562e-03 1.204109537414627205e-03
5.480305111842037613e-01 9.834403020173135279e-02 2.437646610083216148e-02 1.951807997808629666e-02 1.292622293852465579e-03 1.201448330375309067e-03
5.342258408953720616e-01 9.707373464163697452e-02 2.451741544285726548e-02 1.856506338725260816e-02 1.298244646136062237e-03 1.173976442271509315e-03
5.209411590482054821e-01 9.595769709090781752e-02 2.461079099472263457e-02 1.796942737519211311e-02 1.268133131292019421e-03 1.102731757267444304e-03
5.079249455665877377e-01 9.474369566804187459e-02 2.475381977440975143e-02 1.722809250044375629e-02 1.243840541346773795e-03 1.139774273888568158e-03
4.953736183328524278e-01 9.369081963690101267e-02 2.486455527012715674e-02 1.676283825779800382e-02 1.253582977229364967e-03 1.089582198675754414e-03
4.830476836777463090e-01 9.257170372305503769e-02 2.503409423422071553e-02 1.616243613804630927e-02 1.267431915783219943e-03 1.132031933812684653e-03
4.712377742483857546e-01 9.168151251671942392e-02 2.518345093460738759e-02 1.593123884894832865e-02 1.284491473114751604e-03 1.077710924916927505e-03
4.596638231992711265e-01 9.076455140920917930e-02 2.536000306428829940e-02 1.549990240347078052e-02 1.264707328805600916e-03 1.027067958555040461e-03
4.485750466747566723e-01 9.004005069646446591e-02 2.551064776150688274e-02 1.544143620318515209e-02 1.233881303814747922e-03 1.075721537818871004e-03
4.377222484850848416e-01 8.917685286117310595e-02 2.563853453554900200e-02 1.517136474600657217e-02 1.238424829470794039e-03 1.002103478462607273e-03
4.272386955163851030e-01 8.840134409072597510e-02 2.581124009317179585e-02 1.531378752015657117e-02 1.248242157143765333e-03 1.060878664116936265e-03
4.168350155492579479e-01 8.748857025279618838e-02 2.598705079124945597e-02 1.520886430448383647e-02 1.274083030240366491e-03 1.013389961560907677e-03
4.067938064393721298e-01 8.662984994001235450e-02 2.632406747939372918e-02 1.537376994868280486e-02 1.261118614781256810e-03 9.930136990421425860e-04
3.969433131000749682e-01 8.570365118737610644e-02 2.662837288256693358e-02 1.517406071471049875e-02 1.224557695929090646e-03 1.022788644493776008e-03
3.874419102721458619e-01 8.474186742235560732e-02 2.707807898291635443e-02 1.529425177936867379e-02 1.231273540261905051e-03 9.433073352105467114e-04
3.781237092930371246e-01 8.365531013957211437e-02 2.737630052964701993e-02 1.517014934562593842e-02 1.247103775034811343e-03 1.019418035236824326e-03
3.691255346535034509e-01 8.264572994370558701e-02 2.779766372454868170e-02 1.475983367513608417e-02 1.277761940987290562e-03 9.563063206001504602e-04
3.603273934599380834e-01 8.175900211446157639e-02 2.804858514321767471e-02 1.368949094602106738e-02 1.256457864378211255e-03 9.402864990521532561e-04
3.518647317482831993e-01 8.083900786425472773e-02 2.844941735544554567e-02 1.303108722021331482e-02 1.222211661314216236e-03 9.337780281252932354e-04
3.435503209064647567e-01 8.006207386000220583e-02 2.867862615386984268e-02 1.232175256320012201e-02 1.228811613297604768e-03 8.585102393736154846e-04
3.355682381019658433e-01 7.929489087754849896e-02 2.904105062498058346e-02 1.102114752312987125e-02 1.244613248614189665e-03 8.766330444685742568e-04
3.277206954488427471e-01 7.864898190208353956e-02 2.921652256093876243e-02 9.899910079966428925e-03 1.270670854636506532e-03 8.280081062263991822e-04
3.201870250519986416e-01 7.770706545819240640e-02 2.948641138681898713e-02 9.084976903416100424e-03 1.239331344614209331e-03 8.448403195859434519e-04
3.127859778596129292e-01 7.692984728632625002e-02 2.957707830860310111e-02 8.443884558602331517e-03 1.219117508022350129e-03 8.635475792567650494e-04
3.056774026948982925e-01 7.591501286745157284e-02 2.975549108635500498e-02 8.024566583024642791e-03 1.233920875365226814e-03 8.458116945036080756e-04
2.986968345189030538e-01 7.515722907942150310e-02 2.980945362195109444e-02 7.576720034133766456e-03 1.257458080058230154e-03 8.738657275918497620e-04
2.919677874287410768e-01 7.417372586059751971e-02 2.995889611852186468e-02 7.286652911129841946e-03 1.260967777444017791e-03 8.430153770298601506e-04
2.853662084237970631e-01 7.347152594249728441e-02 3.004482967409221467e-02 6.957827776679913721e-03 1.221773381135307776e-03 8.618446941604574786e-04
2.790337918882652701e-01 7.255679202403053640e-02 3.023256935416440000e-02 6.709436222288034379e-03 1.218954978024827966e-03 8.692712216325778696e-04
2.728022496062908475e-01 7.191460142075824236e-02 3.039165451656175229e-02 6.471399738532910249e-03 1.244928548228317958e-03 8.693306286160970824e-04
2.668270384233077386e-01 7.107690025550252033e-02 3.063969407277800441e-02 6.218124769589742848e-03 1.267955253700743653e-03 8.892420338560214424e-04
2.609396122275866037e-01 7.048964809159002920e-02 3.087265521728344009e-02 6.002588488648322868e-03 1.236728050690949141e-03 8.717286740805200258e-04
2.553040739440522455e-01 6.971956880038227000e-02 3.117401786039273107e-02 5.814925452556664320e-03 1.220357091174080911e-03 8.781405587614471778e-04
2.497611846566817617e-01 6.918015939872382281e-02 3.146473766554816476e-02 5.626347282401114071e-03 1.231775330485757741e-03 8.784851496351288617e-04
2.444595086791134797e-01 6.847309331372818109e-02 3.180460195456296518e-02 5.457009933559795953e-03 1.263810608534110883e-03 8.804497809905449668e-04
2.392510792582465962e-01 6.797896612571238673e-02 3.213071638808085578e-02 5.248759435810280635e-03 1.248629740740841510e-03 8.789451858522701055e-04
2.342422870076941166e-01 6.733247041183526571e-02 3.249542651460465142e-02 5.110076394167994106e-03 1.220960886537671717e-03 8.903135457490092422e-04
2.293519553348455364e-01 6.688138812839679315e-02 3.284190898606920844e-02 4.925934665076328080e-03 1.230144509431926837e-03 9.128662814203608892e-04
2.246688770432501148e-01 6.629017450013929835e-02 3.322645290281805303e-02 4.800002569698631413e-03 1.252598091452237659e-03 9.334640994986937411e-04
2.200836172890479059e-01 6.587713141636435121e-02 3.359074788579969467e-02 4.637245092911199476e-03 1.250713681615727053e-03 9.403741756611323473e-04
2.157019963806302010e-01 6.534050949363982841e-02 3.399826658217609127e-02 4.502527387652241128e-03 1.223280759028496506e-03 9.372259341377955173e-04
2.113993188239362275e-01 6.496781348456845406e-02 3.438082064610208100e-02 4.395638047113104539e-03 1.228702295999806399e-03 9.642285593642776868e-04
2.072669136063901574e-01 6.447916521016007485e-02 3.480444218131216461e-02 4.230454750046199440e-03 1.258858781194486772e-03 9.697047472397943985e-04
2.031720685481105404e-01 6.414350070094673728e-02 3.520320665945711469e-02 4.137481409506464473e-03 1.255830344678833532e-03 9.788322150382990257e-04
1.992111280166433129e-01 6.369838905652257244e-02 3.564313952466522523e-02 4.022138493926150603e-03 1.217546537498618003e-03 9.919073518660445361e-04
1.951585787189206445e-01 6.339322535847748130e-02 3.606078945054882329e-02 3.919966799166307338e-03 1.225546634100964545e-03 9.997464814711647281e-04
1.912242765326402638e-01 6.298796186492500171e-02 3.651553523210000762e-02 3.819409334406566412e-03 1.249662597767921875e-03 1.039658109108283768e-03
1.872014594591007719e-01 6.271278335111495073e-02 3.695233064962864106e-02 3.709115829120655621e-03 1.252874176359387989e-03 1.028979510094300094e-03
1.834976915538146514e-01 6.234624278109589940e-02 3.742487460932348436e-02 3.627084916335806316e-03 1.216261973996260980e-03 1.042668947292867045e-03
1.797879095937975624e-01 6.210104580897891219e-02 3.787316148666326765e-02 3.519482853435076507e-03 1.220149062184181649e-03 1.060683191988902622e-03
1.764262175487500139e-01 6.176887444943594818e-02 3.836325588410697401e-02 3.439113641735606648e-03 1.254073016605569864e-03 1.072526732620016163e-03
1.730662645314777204e-01 6.155107478650235359e-02 3.882661921511909586e-02 3.360123131608385230e-03 1.254981306220940380e-03 1.098166742776390771e-03
1.703026836991562154e-01 6.125153076956354331e-02 3.932892056858081770e-02 3.275077591500239350e-03 1.217094899527123089e-03 1.080157926001255268e-03
1.681174971070824309e-01 6.105900725039454385e-02 3.980753950395997387e-02 3.204590013289511635e-03 1.224100743066452220e-03 1.107026658883090986e-03
1.673783797729370415e-01 6.079121601758327720e-02 4.031754567195919292e-02 3.111503930665839805e-03 1.249756673858023071e-03 1.132006679598927118e-03
1.671157231085781403e-01 6.062231716723627539e-02 4.080570694306342311e-02 3.037470758993547279e-03 1.244646061738867351e-03 1.142988218107885649e-03
1.659738281610659560e-01 6.038583307957361840e-02 4.131671771250208097e-02 2.987654855355729999e-03 1.211328815277381210e-03 1.153530991130530779e-03
1.632598590998770305e-01 6.023883598747442614e-02 4.181444594982802049e-02 2.896753307637476432e-03 1.214913513028646449e-03 1.171713744104570503e-03
1.589552195788062616e-01 6.002963609292446406e-02 4.232500923561263728e-02 2.842428697858728846e-03 1.244698579801962546e-03 1.207594624911724783e-03
1.548471418138782085e-01 5.990188653162254601e-02 4.283156508636927484e-02 2.778760795777976845e-03 1.237137098826672239e-03 1.221497534663698505e-03
1.508690420203541716e-01 5.971746469598670365e-02 4.334350002806505731e-02 2.713237560542690677e-03 1.207795884698609082e-03 1.229487340734669023e-03
1.476534275542355501e-01 5.960750956763018887e-02 4.385176535021026445e-02 2.655151724425661077e-03 1.217814541476454392e-03 1.261303613702403426e-03
1.446350279695822472e-01 5.944700579377144856e-02 4.437555103453603988e-02 2.589445613268889779e-03 1.243685300774367885e-03 1.306401867674917595e-03
1.420243914136167795e-01 5.935307355127329709e-02 4.488411182569997798e-02 2.540317186828326950e-03 1.230071631532503491e-03 1.352542342979849363e-03
1.395189347108374833e-01 5.921348902623761040e-02 4.540112601277047910e-02 2.481002982330065762e-03 1.238890703858639862e-03 1.329020897097434517e-03
1.372523772529793129e-01 5.913263993846278044e-02 4.588973329849921345e-02 2.427031830187890288e-03 1.282045741148015675e-03 1.329756320241334616e-03
1.350863552243501964e-01 5.901052504504731427e-02 4.638184334418046784e-02 2.386888314382693693e-03 1.363072963729121357e-03 1.236327413926739845e-03
1.330745655105537162e-01 5.894360628502911398e-02 4.682365241696340163e-02 2.320755273459468911e-03 1.391135139837089548e-03 1.220303548590160117e-03
1.311840510501192103e-01 5.883846347176838881e-02 4.726989956345283017e-02 2.278902677817384870e-03 1.373783432110613082e-03 1.206035447775207804e-03
1.293955146046838756e-01 5.878221947239540418e-02 4.764711406638849622e-02 2.224284283360797917e-03 1.398592509759933201e-03 1.216531922848497135e-03
1.277466915474905484e-01 5.869123924995166969e-02 4.804693314803522991e-02 2.168053753660199433e-03 1.446075831941921611e-03 1.228539209592101550e-03
1.261755270443429833e-01 5.864418968121137832e-02 4.836333988402671813e-02 2.137247100547201746e-03 1.434733684756801493e-03 1.211384476315646675e-03
1.247567188683634809e-01 5.856465076495011302e-02 4.871935588027007796e-02 2.076664314927022161e-03 1.467633417353209372e-03 1.204490966591027171e-03
1.234029052572891832e-01 5.852357967616853007e-02 4.899609658016044339e-02 2.038370816432852166e-03 1.500094738223568640e-03 1.211476132795088036e-03
1.222103513575228950e-01 5.846135441792627008e-02 4.931938667636007190e-02 2.004878878163050826e-03 1.500535794838673284e-03 1.216795556364206124e-03
1.210637151785398102e-01 5.842952401937009932e-02 4.953805459155342927e-02 1.960246482953544034e-03 1.527027979475235105e-03 1.206241965348531404e-03
1.201061705516908718e-01 5.838178405992747177e-02 4.986580881261710313e-02 1.917727147114525136e-03 1.551157104601926786e-03 1.203843783550850519e-03
1.191703749158378595e-01 5.835742663649376438e-02 5.003798484384185813e-02 1.882120324073625938e-03 1.546154228649838534e-03 1.208787511744075296e-03
1.184599361459424127e-01 5.832194346495626208e-02 5.034383485559863064e-02 1.838843659530154610e-03 1.590568922552281850e-03 1.212757818666549119e-03
1.177566243597173851e-01 5.830319003280694246e-02 5.046663199247280324e-02 1.805295036329869832e-03 1.597269758616544919e-03 1.205834269113729160e-03
1.172742375876694304e-01 5.827877235542892886e-02 5.070404372556961553e-02 1.766987863174713591e-03 1.594665830842290468e-03 1.204998297262875866e-03
1.167932718912287893e-01 5.826480070168883058e-02 5.075965439611718200e-02 1.736237517800263887e-03 1.649666968502004442e-03 1.211633568770036865e-03
1.165650032194823632e-01 5.825065684178381414e-02 5.093245380670221450e-02 1.713920566171447252e-03 1.634617537812531373e-03 1.217106129268265063e-03
1.163318475593010104e-01 5.824112811407725770e-02 5.092774488804739652e-02 1.694961363153433360e-03 1.639865841465486382e-03 1.212252240374152258e-03
1.163198388264020250e-01 5.823893789029720852e-02 5.101092000073945837e-02 1.687520687301362387e-03 1.557292269451248474e-03 1.157662323821039051e-03
1.163198388264020250e-01 5.823893789029720852e-02 5.101092000073945837e-02 1.687520687301362387e-03 1.557292269451248474e-03 1.157662323821039051e-03
1.162537225186713874e-01 5.819270640940543693e-02 5.094458022439680989e-02 1.690846337972281210e-03 1.672244487876703694e-03 1.210650502089664297e-03
1.163461146883204428e-01 5.805441584178756831e-02 5.102401834604814584e-02 1.692236912433151995e-03 1.645046815651593193e-03 1.213173886740258377e-03
1.163117156618568848e-01 5.774293416384063127e-02 5.099663464422150155e-02 1.695864655499745030e-03 1.607249779333011800e-03 1.218597990984539086e-03
1.164336155857542687e-01 5.731402078686941015e-02 5.110978004744293896e-02 1.698859571961981729e-03 1.592109753391380720e-03 1.222942750318812156e-03
1.164330559207904237e-01 5.680776751334698504e-02 5.113500442364962706e-02 1.704330578885680271e-03 1.587458530798727379e-03 1.230265969687620265e-03
1.165828543939025352e-01 5.623486606013829853e-02 5.125533602876424649e-02 1.711683453576847390e-03 1.594565649613292890e-03 1.236458620941191218e-03
1.166181351827596940e-01 5.555781350736967161e-02 5.124324523763778422e-02 1.718927144475189059e-03 1.623152180039414685e-03 1.245848786240155151e-03
1.168149641818554546e-01 5.477624305428718116e-02 5.133921132176967606e-02 1.727575178108705809e-03 1.644540413039797351e-03 1.257612457824446505e-03
1.169163704361647349e-01 5.387195389519419675e-02 5.133887002063559218e-02 1.738434118980436253e-03 1.663153875109288317e-03 1.277458895145017767e-03
1.172040731615534570e-01 5.289637727280976226e-02 5.144419041830355921e-02 1.749144475039508817e-03 1.694534110324779838e-03 1.304749331214689369e-03
1.174486665602854502e-01 5.149523283526321465e-02 5.171260933312671337e-02 1.761254969049216162e-03 1.706550220429939096e-03 1.341516722816658803e-03
1.179296797588029189e-01 5.163866519671792693e-02 5.055473444907103431e-02 1.776310234421632408e-03 1.713341659165718272e-03 1.378580294621722544e-03
1.182980383667373847e-01 5.169135196493048617e-02 4.941373512400111523e-02 1.791537651494726170e-03 1.737015107051995914e-03 1.429340205828590147e-03
1.187112157337019275e-01 5.185683422900161377e-02 4.828499778157792355e-02 1.808984859143337879e-03 1.754091776700122778e-03 1.530692451471946797e-03
1.189409298267782300e-01 5.193426901101474980e-02 4.707790645807898716e-02 1.829402613367490634e-03 1.779144112616897226e-03 1.702302061152456952e-03
1.192861440410782764e-01 5.210480516717477112e-02 4.582209939164782336e-02 1.852374313325200151e-03 1.805121255954987699e-03 1.768481905790786693e-03
1.195032810528867812e-01 5.220072645639114300e-02 4.451590578708471135e-02 1.875094387685098977e-03 1.834284704248038403e-03 1.876370026227683905e-03
1.196715790019602238e-01 5.238661835939963790e-02 4.319661104408645258e-02 1.902956400989012095e-03 1.874352081294305191e-03 2.046543630805687259e-03
1.193866944396036051e-01 5.250833046719188824e-02 4.186219400709364352e-02 1.932634953514652566e-03 1.922944337069698974e-03 2.242160464375326373e-03
1.189119484564983426e-01 5.271963012947298438e-02 4.056244724724224204e-02 1.966652166168580788e-03 1.959370560630068186e-03 2.439095612924472526e-03
1.181989060521845963e-01 5.287468392415630575e-02 3.927946918040851193e-02 2.003978907517509067e-03 2.001956687731608689e-03 2.621655127377442874e-03
1.177363277747022902e-01 5.311606596002559078e-02 3.807305963395983539e-02 2.051401942784929558e-03 2.082483180714331510e-03 2.837822159186938198e-03
1.173366974291051995e-01 5.331182989515722420e-02 3.693756188232579646e-02 2.096508893954421304e-03 2.163422083575983722e-03 3.109533993114684067e-03
1.172454326069321401e-01 5.355858281503073082e-02 3.590997012971072766e-02 2.148284114239719118e-03 2.229566960106109733e-03 3.514267809340337976e-03
1.170977004659498333e-01 5.377655291543731453e-02 3.500798251323210958e-02 2.206672992826592440e-03 2.314844167233898534e-03 3.946778832670274489e-03
1.171039075590654399e-01 5.403284759861490261e-02 3.423746093671911628e-02 2.279541231656967860e-03 2.416451297513568918e-03 4.487856822196050095e-03
1.169631328318333219e-01 5.427481594097438578e-02 3.371617519183821993e-02 2.357945491622756139e-03 2.535599834585618422e-03 5.070901860761353741e-03
1.169512104899917138e-01 5.454949011666991587e-02 3.339418994090836978e-02 2.451611596146964934e-03 2.667902456233669107e-03 5.940626409872983710e-03
1.167771011567107359e-01 5.482237815852387258e-02 3.345817571411967284e-02 2.546272033965628085e-03 2.788923246843378213e-03 7.183263161840688915e-03
1.167007036615107241e-01 5.511698695010700672e-02 3.386816640258570599e-02 2.662256697919447926e-03 2.905809345503875592e-03 8.406146983454836422e-03
1.164684706852451845e-01 5.542096335485789671e-02 3.432107810292811534e-02 2.786286203929551428e-03 3.149913676038086901e-03 9.959180602214109945e-03
1.163277655571584718e-01 5.574928274159036967e-02 3.378258388269528983e-02 2.943763148552461847e-03 3.365166616689411073e-03 1.214702644598420270e-02
1.160345942201131408e-01 5.609273325214021721e-02 3.318607879617958140e-02 3.102307563881631387e-03 3.482443824232712894e-03 1.347660483424136316e-02
1.158152909309151518e-01 5.645453743946455410e-02 3.360325571310242287e-02 3.305364866704909969e-03 3.694358768645608984e-03 1.503497476313767414e-02
1.154654771651378170e-01 5.682713242477636234e-02 3.275855616272107390e-02 3.535246590428431541e-03 3.966225167662028664e-03 1.774586036148809165e-02
1.151475941882057902e-01 5.722520837959138573e-02 3.089893810394915563e-02 3.807395554506047292e-03 4.285278847591891642e-03 2.166768514755967878e-02
1.147550632552081229e-01 5.763310122074868924e-02 2.886707583898574098e-02 4.105839876222647407e-03 4.546258343850199252e-03 2.339892725188656708e-02
1.143158343558286910e-01 5.808811408817522032e-02 2.699500402408119490e-02 4.466649801551986730e-03 4.883655262760423429e-03 2.724188767714767409e-02
1.139203178116265508e-01 5.853705045727867345e-02 2.526787665794396481e-02 4.866897964092586383e-03 5.266045415541491422e-03 3.113352040783742142e-02
1.133313319558605509e-01 5.905587638116840954e-02 2.373969015309298006e-02 5.302255855412318745e-03 5.837793769077264522e-03 3.540834044118855439e-02
1.129805966719335669e-01 5.956636297822618525e-02 2.235971112989805498e-02 5.752010861482744625e-03 6.405407678367913173e-03 4.015555305963622312e-02
1.121991405940271080e-01 6.014803652051130961e-02 2.112461397305884919e-02 6.254892686595498082e-03 6.934993924094873946e-03 4.540706907259012270e-02
1.119041204131789174e-01 6.067670261301500584e-02 2.002395998973515584e-02 6.789703232787581109e-03 7.701273688534718623e-03 5.112493484657951864e-02
1.108790965193673927e-01 6.121795265804228642e-02 1.908830605040650122e-02 7.308682566245203009e-03 9.047006375708370463e-03 5.823014727423728165e-02
1.106386567234973056e-01 6.171748517491883884e-02 1.823381282124887995e-02 7.843565088827967810e-03 1.023645350553352255e-02 6.685921578717581026e-02
1.093412536962781179e-01 6.235062470306549504e-02 1.747551792968227158e-02 8.381776131732417146e-03 1.142208142567982705e-02 7.861445431099065018e-02
1.089954505890117359e-01 6.302223226283068525e-02 1.639115388136172871e-02 8.960217076416639864e-03 1.313672175191217019e-02 9.574166625063208758e-02
1.075232538025714391e-01 6.382450841379590234e-02 1.542787023142563191e-02 9.531859097697320884e-03 1.555996479181676051e-02 1.151403589531376087e-01
1.069470070158251435e-01 6.457237369068265231e-02 1.468205332265147198e-02 1.003761402399922474e-02 1.880670369944287962e-02 1.321301026965354397e-01
1.054311543584224575e-01 6.532270063079763378e-02 1.402541593669866422e-02 1.037023580437020434e-02 2.250588473351335106e-02 1.471181746674458946e-01
1.045796993800026803e-01 6.604806530421948596e-02 1.341886190319078846e-02 1.071941802276312958e-02 2.592722080418356778e-02 1.582568124386991293e-01
1.031106444228362534e-01 6.685688566059984350e-02 1.286224561975264809e-02 1.108031613985691229e-02 2.952374385305600590e-02 1.693736800824917899e-01
1.020558377334981476e-01 6.766772254430628020e-02 1.234423175078021122e-02 1.180271551202012777e-02 3.344341760070636965e-02 1.772496596510802214e-01
1.006631977793932126e-01 6.855319509763968533e-02 1.187230864768745384e-02 1.270647840224232300e-02 3.722247853529272316e-02 1.815518682220318980e-01
9.947585540196166032e-02 6.944631585990744538e-02 1.143272658674556429e-02 1.408830299512499329e-02 4.084739062001351700e-02 1.838904020458782262e-01
9.810064297664483624e-02 7.040423518717035811e-02 1.102860529510405092e-02 1.538959337275590429e-02 4.438174161690205954e-02 1.838233424766083368e-01
9.681708771445916850e-02 7.136250404381791479e-02 1.064999157952770982e-02 1.677199553607264942e-02 4.692974472955075554e-02 1.840701908953575050e-01
9.543137827639998350e-02 7.237723216580611851e-02 1.031592785447270517e-02 1.870450947801589880e-02 4.966325217606682579e-02 1.838220909163103267e-01
9.407545517519996792e-02 7.337051527672150408e-02 1.004269328714832432e-02 2.225043404604432409e-02 5.244811182696103302e-02 1.826479022568748556e-01
9.268216648793915768e-02 7.443247996183213755e-02 9.852345470409638525e-03 2.580226726774308491e-02 4.995771142186820890e-02 1.784331150039184244e-01
9.126289548377991556e-02 7.553119104238532888e-02 9.571428909647298339e-03 2.674706916151989647e-02 5.125692016976306914e-02 1.654346602008162359e-01
8.985074500529344199e-02 7.674507582067223443e-02 9.470959340876135626e-03 4.352242438395684948e-02 5.246840904355258572e-02 1.429691969702735210e-01
8.838557740933283835e-02 7.796765864731408646e-02 9.211498030630900849e-03 5.620251807236339298e-02 6.187376083488990708e-02 1.471697771831712021e-01
8.694436087729512375e-02 7.926769085443156893e-02 9.109029181851583529e-03 8.288145993502261943e-02 4.148371370869637781e-02 8.458067446225545072e-02
8.542929070935269265e-02 8.060863007364156563e-02 9.078661910490337661e-03 9.522508509131588639e-02 2.751657804893032494e-02 1.213729172258033555e-02
8.398580277135153649e-02 8.202477602569457904e-02 8.895779060995614301e-03 3.510363232288353508e-02 2.407062947084435273e-02 5.167893150348326463e-03
8.339852450024988484e-02 8.250144435082584771e-02 8.941702970372875092e-03 3.455122678375065898e-02 2.803957151329713668e-02 4.726040264963781747e-03
8.503472509183997163e-02 8.102687140037814761e-02 8.938149582332861887e-03 5.492552088156355677e-02 3.465870261532599805e-02 6.304817647227816367e-03
8.655515098610577773e-02 7.952437977281497095e-02 9.353566727920219551e-03 1.162326866032859646e-01 9.943406351064014437e-02 2.378521288081858129e-02
8.830602320992318732e-02 7.807096392866717804e-02 9.196064027749065520e-03 9.899514106943096969e-02 7.053470297775743525e-02 1.551155265804324557e-01
8.997248090710145696e-02 7.657373246064039241e-02 9.270445014093195782e-03 7.129963298247364578e-02 2.718649622652325598e-02 1.615250644293362847e-01
9.183345015339260120e-02 7.514756149083330616e-02 9.311215969945592016e-03 5.762918583991535199e-02 2.005075033780241017e-02 1.675946343330698418e-01
9.369994347132563906e-02 7.360822570529360065e-02 9.453151184083264172e-03 5.687422778540145163e-02 1.619762509391614244e-02 1.727038793691531016e-01
9.568840012186256849e-02 7.223883379682277672e-02 9.561361318890381975e-03 5.828913375672360730e-02 1.334101813021439965e-02 1.746377909091700320e-01
9.785742441044646689e-02 7.075557877556969133e-02 9.758926691739880019e-03 5.358986145406957613e-02 1.131637175538694785e-02 1.777123793921807915e-01
9.991813397407742214e-02 6.943824293512765311e-02 9.904316610698292098e-03 4.835962878665475695e-02 9.833936642342900811e-03 1.777619553603930758e-01
1.024541533275053484e-01 6.809825027230440031e-02 1.010562525250747676e-02 4.465267552099379256e-02 9.044103356973776445e-03 1.750198225759063975e-01
1.045045385289497114e-01 6.675116714743971336e-02 1.028534819790017686e-02 4.157290321583285292e-02 8.623780031637096749e-03 1.738387588478027823e-01
1.075361810565705206e-01 6.539707348623410854e-02 1.052423959897605225e-02 3.787705887710580283e-02 7.584169902696551169e-03 1.702200738401347946e-01
1.096802346809488543e-01 6.401789866270755913e-02 1.074563686285864329e-02 3.429764967148922483e-02 6.995437470691464286e-03 1.687039379295475761e-01
1.133750163622472551e-01 6.269016554709493094e-02 1.101628947480225856e-02 3.083767929123614610e-02 6.138611016041573866e-03 1.666491954879018023e-01
1.149284650474117764e-01 6.135156792464892955e-02 1.125851792284931173e-02 2.774164556988215416e-02 5.531978013917780018e-03 1.658249686792389599e-01
1.178988463141722315e-01 6.010416072085678768e-02 1.156864316391140873e-02 2.513126306673747756e-02 4.796902588257505665e-03 1.645364329289434047e-01
1.201115920119548292e-01 5.887741485029670402e-02 1.186785642082999713e-02 2.294742927934157600e-02 4.358922637185439278e-03 1.604023990120646559e-01
1.229768041983220622e-01 5.785174681840794114e-02 1.220207664956580486e-02 2.113454104565341135e-02 3.817936046775638557e-03 1.544040438031706874e-01
1.261738884360170398e-01 5.679957253753358665e-02 1.252996754467619947e-02 1.977995180698824407e-02 3.451454534192499764e-03 1.480951591254431876e-01
1.293495164737586689e-01 5.577188679372301755e-02 1.292019767395684825e-02 1.856201103771790845e-02 2.969912105494704017e-03 1.327066527202444279e-01
1.328639505727453873e-01 5.487622836490709671e-02 1.330209943953273612e-02 1.768167411358773089e-02 2.689153232128807611e-03 1.151635132910812931e-01
1.363527842432531723e-01 5.297836181603869654e-02 1.373260340408717813e-02 1.693460152815260550e-02 2.403433230763652069e-03 9.516789158849148222e-02
1.401523624982455585e-01 5.136529196484176940e-02 1.419473677827122818e-02 1.643128714559997580e-02 2.157114791485681589e-03 7.764166640421001075e-02
1.439350953684090384e-01 4.992057981626678992e-02 1.466751776857704373e-02 1.576452773616708949e-02 2.325730541162016919e-03 6.511363788211659009e-02
1.480630168516236522e-01 4.876744996847633129e-02 1.517509869892160607e-02 1.539970397314090016e-02 1.954756378993341252e-03 5.766345596358488784e-02
1.521996209353524143e-01 4.764560123780135770e-02 1.567121648713875465e-02 1.507265303409029318e-02 4.820026600600738065e-02 2.051239958670663527e-03
1.566983234214207599e-01 4.667292705922782003e-02 1.621752890614671511e-02 1.498089028610304768e-02 4.813051428660616859e-02 1.828829371277021628e-03
1.612377184919257800e-01 4.570924974926571238e-02 1.670055644763351541e-02 1.454536934048451108e-02 4.703351893242135873e-02 1.710279282040065661e-03
1.661413497984601806e-01 4.488163974775244425e-02 1.726732441005158006e-02 1.447533658583473500e-02 4.683260945703639905e-02 1.699498486622415781e-03
1.711408453266613228e-01 4.405420108422870851e-02 1.775837704845381615e-02 1.416223495755594003e-02 4.411030422328728745e-02 1.700643657963790602e-03
1.765000707739688979e-01 4.337572647490039318e-02 1.836386171573089685e-02 1.405592102029654990e-02 4.855467278608689013e-02 1.687943320425319650e-03
1.820214249313427401e-01 4.266763468766705120e-02 1.886143736372643959e-02 1.382183858855112225e-02 4.415903476491926660e-02 1.668800371138447897e-03
1.878693448615798844e-01 4.209380213748979693e-02 1.955100071201692699e-02 1.382775855179017854e-02 3.802682586045528362e-02 1.634573298949198138e-03
1.939919402339379817e-01 4.144544055268713223e-02 2.010707336074097837e-02 1.356271090217249162e-02 2.604458750006804699e-02 1.593483464995425983e-03
2.003468467693134691e-01 4.085918523090706356e-02 2.087931281812756973e-02 1.375864208902136294e-02 1.545375835629577040e-02 1.534486745134929723e-03
2.071548671864114066e-01 4.015071331422499085e-02 2.149853996574407899e-02 1.355827029610890203e-02 7.989841192090450447e-03 1.488563511738357674e-03
2.139457528260476360e-01 3.943260261871808781e-02 2.233487054027380805e-02 1.389643634830098166e-02 6.346372153062582004e-03 1.462827452893670577e-03
2.209644497304386057e-01 3.862103038029467139e-02 2.307180299527704023e-02 1.381507012149437753e-02 8.150196238949943342e-03 1.433127327803265403e-03
2.280315420464095744e-01 3.769385029698155143e-02 2.403585804857038058e-02 1.427731807029546801e-02 1.217583688990010911e-02 1.396920987268624121e-03
2.361063088246974084e-01 3.686771371514881851e-02 2.494072327090583394e-02 1.425917283779814561e-02 1.755572382255303487e-02 1.360092496816216450e-03
2.453838977184877035e-01 3.587936950872787356e-02 2.594839192119105173e-02 1.482237170814176483e-02 2.350239373706579718e-02 1.323418932258275168e-03
2.533795805585805083e-01 3.539779816357244840e-02 2.690964941042403580e-02 1.484444259163372054e-02 2.396282165759559130e-02 1.277804290539724229e-03
2.615438748991562590e-01 3.442667514246133820e-02 2.831836830457856377e-02 1.565817273636093201e-02 1.730690112474574452e-02 1.228845192985120400e-03
2.692969898331330492e-01 3.410844988075011769e-02 2.986612081721182199e-02 1.580347500172446171e-02 8.457591219378746486e-03 1.176263566992551525e-03
2.777608728472689137e-01 3.307010795429508876e-02 3.155818692738288772e-02 1.677331292033701696e-02 5.184014052360202789e-03 1.140291841719721358e-03
2.864898097369041885e-01 3.220543181797452803e-02 3.368909994858348272e-02 1.702279752771960683e-02 6.260871666239008725e-03 1.119520226704462645e-03
2.963239212272926748e-01 3.131238686699581303e-02 3.707611755970073586e-02 1.816039964796350645e-02 1.064933619223873591e-02 1.102119602452804803e-03
3.063763468321704653e-01 4.053286815228545475e-02 3.029703362442685843e-02 1.840521320390329368e-02 1.700960876842558603e-02 1.078067531649445432e-03
3.174501742429420847e-01 4.175224940116938066e-02 2.976069333021971394e-02 1.961103155123317121e-02 1.881978896572343574e-02 1.059787129597433231e-03
3.285436016056306752e-01 4.198963494861595452e-02 2.938201709159701802e-02 1.979360999741494251e-02 1.238374974786456660e-02 1.073568620445716076e-03
3.407963157355325956e-01 4.298843195419074781e-02 2.896103089542105199e-02 2.103705633405258263e-02 5.765664024927292207e-03 1.092267598290590962e-03
3.529662642801704164e-01 4.355050745231650589e-02 2.862369463903690486e-02 2.027313129206706824e-02 4.671444742010075202e-03 1.085009365201685359e-03
3.663587006812545344e-01 4.479026134160495054e-02 2.809735479475203648e-02 2.168473399282542721e-02 7.486534513312710463e-03 1.061467179706092638e-03
3.796353423671548488e-01 4.537907569107533373e-02 2.769286169936245948e-02 2.039347568278057632e-02 1.262780623359347626e-02 1.031080349951210779e-03
3.942436666731146122e-01 4.711506788707268273e-02 2.720793210840258616e-02 2.168027687513007784e-02 1.051018906225964500e-02 1.012517254756854172e-03
4.087349455938398268e-01 4.774335822408509039e-02 2.686714310742550210e-02 2.079851748197933045e-02 3.201739062274989306e-03 1.003617569582601621e-03
4.247928504168365649e-01 4.947328715203943433e-02 2.645095327870012822e-02 2.239821335155866081e-02 1.965820472229378064e-03 9.711800829729172555e-04
4.407644216978839347e-01 4.975203761182134254e-02 2.612075816705976966e-02 2.233362878983484456e-02 5.756586122954083715e-03 9.548054526846376901e-04
4.584835725828941833e-01 5.110046472950291463e-02 2.568552640505466361e-02 2.272803910604045616e-02 1.074575589260554076e-02 9.550465947571369629e-04
4.760480666966928620e-01 5.311222976700677445e-02 2.538181755000309611e-02 2.345238232781474835e-02 4.633885471178961213e-03 9.200433915062269062e-04
4.954560239078319994e-01 5.680560140093929289e-02 2.500513776555026574e-02 2.554905863136293018e-02 1.655003314718055812e-03 9.193116177425726112e-04
5.147609097462890748e-01 5.931234571667306360e-02 2.465659781347899482e-02 2.639427631977700472e-02 4.800876410063073703e-03 9.018849176494283821e-04
5.359645754307584831e-01 6.170973759348683668e-02 2.424967087344394312e-02 2.776261139032940722e-02 7.599244229185410891e-03 8.785074579225765363e-04
5.572931506232158272e-01 6.466318964364260735e-02 2.391127318922704401e-02 2.801684424195010140e-02 2.510383531587592667e-03 9.085968748495544664e-04
5.806126442698092971e-01 6.729653209096357613e-02 2.355307901427839898e-02 2.902422457641214842e-02 2.572359438108618584e-03 8.691236789239664912e-04
6.042364848485199946e-01 6.963062067932945798e-02 2.323952802644014409e-02 2.848942795801343020e-02 6.538859990371853267e-03 9.298001746138496873e-04
6.299451134255564799e-01 7.185522904860928983e-02 2.287746907386572701e-02 2.941032403326321321e-02 2.930230658218624818e-03 9.029950237566406130e-04
6.562375095766802557e-01 7.381568986346830064e-02 2.255311232193380616e-02 2.934231358926511768e-02 2.035891991300133302e-03 9.616507361463382062e-04
6.846927915986648072e-01 7.571080853155355561e-02 2.219037964050508613e-02 3.072386432531608660e-02 6.637779391438225485e-03 9.415248449604077469e-04
7.139996037353493197e-01 7.760671978170906316e-02 3.364692389554384960e-02 2.181992611919748512e-02 1.676967620764346738e-03 9.783990328774401588e-04
7.456247453637212530e-01 7.985691089009371024e-02 3.438091772247993394e-02 2.156080948040230150e-02 2.841846662238591090e-03 9.407901958480779318e-04
7.784726601898678267e-01 8.226323563139979755e-02 3.411186625289452934e-02 2.133123201473468081e-02 4.600048421519089409e-03 9.841974810524821600e-04
8.138653681134027096e-01 8.507157660036676616e-02 3.672395473820768558e-02 2.105686364856633810e-02 1.350888837460151098e-03 1.054211722638596959e-03
8.511936835960265402e-01 8.803402158439599390e-02 3.827940448894603248e-02 2.087807138073495550e-02 5.920759606963921229e-03 1.124580724709160545e-03
8.900379591343812180e-01 9.152803579952240032e-02 4.108604294540826180e-02 2.065632276427368380e-02 1.536537928239232369e-03 1.132084669029056979e-03
9.302954762754970242e-01 9.516781069173323171e-02 4.081262481390745406e-02 2.053352549368571769e-02 5.733142121366972994e-03 1.182283855838920901e-03
9.732752000975748441e-01 9.923201609414246394e-02 4.108634478600117074e-02 2.035598181764970357e-02 1.562862535647481163e-03 1.231034508383629456e-03
1.018504403735947417e+00 1.034380934214928355e-01 4.068352190930698414e-02 2.027503841914690685e-02 5.230395908093355382e-03 1.431374098191818406e-03
1.066889320266561025e+00 1.080246122544321896e-01 4.282467636728932298e-02 2.011671956630806807e-02 1.175538025609223353e-03 1.332604772981834610e-03
1.117975924351829464e+00 1.128573446323807294e-01 4.287585718208879876e-02 2.004855530194586677e-02 4.931245417053633714e-03 1.555573803762075108e-03
1.172534782461259306e+00 1.182330602686706839e-01 4.524461241257388133e-02 1.989061484374857539e-02 1.583960684277980775e-03 1.626377733103488753e-03
1.230267677392451020e+00 1.235993274872576042e-01 4.589578148662316198e-02 1.980262735207588901e-02 2.567494471445919222e-03 1.792062894419535913e-03
1.291876838187884458e+00 1.295133212506057729e-01 4.859032903388380703e-02 1.963406646988088283e-02 4.461661456330154665e-03 2.032252876553384581e-03
1.357215330432260059e+00 1.357990423082384712e-01 4.981892910045911116e-02 1.952878062718915383e-02 1.485105157112331627e-03 1.958692609981192451e-03
1.427245218571533858e+00 1.422949401726130991e-01 5.306945745515136842e-02 1.936026934839771285e-02 3.069869860657461341e-03 2.450405581414145245e-03
1.501650191337988050e+00 1.493516518463069986e-01 5.499879962340745859e-02 1.923665268095028566e-02 4.369710149559797446e-03 2.515337446960730448e-03
1.581463513584902447e+00 1.567813049514722168e-01 5.876585571215494491e-02 1.910475410492769310e-02 1.895336598647990407e-03 2.668951707658866104e-03
1.666513686539079053e+00 1.644638374877067377e-01 6.127399023751817914e-02 1.895488425514862268e-02 1.503730778817266535e-03 3.272070067935487717e-03
1.757863411353950633e+00 1.729671221990109753e-01 6.553604363072047800e-02 1.885934059461941148e-02 3.537070167525257353e-03 3.374572015676839329e-03
1.855515851059557075e+00 1.816880815536149330e-01 6.855193865121118890e-02 1.862785139978379370e-02 4.437205480495691468e-03 3.548592553171178287e-03
1.960870392318483812e+00 1.915464606149286653e-01 7.375757468554396123e-02 1.854615397167661342e-02 3.339514501581381922e-03 4.136686862141891394e-03
2.073829307639772690e+00 2.015374094967110896e-01 7.770588515675337649e-02 1.798296217506159880e-02 2.418415231129334569e-03 5.349488945025493956e-03
2.194872136089383918e+00 2.126129013956774561e-01 8.316962572444615287e-02 1.784787325433091765e-02 1.994897266755272201e-03 4.543172022046677687e-03
2.326357127873217134e+00 2.240801376393084521e-01 8.805344278966341365e-02 1.771085121056898207e-02 2.199280255223325185e-03 6.117835191596739629e-03
2.468232686662941155e+00 2.365302361647920182e-01 9.473201597645705685e-02 1.754788113665372781e-02 2.751249005446306482e-03 7.387754631996846198e-03
2.622517843471598553e+00 2.498348406913662445e-01 1.001857295016951588e-01 1.766675276130705990e-02 3.379500870454595681e-03 7.447485107733319877e-03
2.789126824724506903e+00 2.641067845438844208e-01 1.082442152813695158e-01 1.760659863380911738e-02 3.903286587372376167e-03 8.369937947121075181e-03
2.971187469196773012e+00 2.788803758510641773e-01 1.148781327946345604e-01 1.767564360482613492e-02 4.226131023693005181e-03 1.001324288355827895e-02
3.168685344008294269e+00 2.956880297072975727e-01 1.242057517990813459e-01 1.743506984827089892e-02 4.231041364088537586e-03 1.252817835232268237e-02
3.385681946072452320e+00 3.128563273492921404e-01 1.322283849726797744e-01 1.739996037354121089e-02 4.306203852795786879e-03 1.245331061187030137e-02
3.621802355235178794e+00 3.323444796999305284e-01 1.431193489915549011e-01 1.712573799020134305e-02 4.390670203437574241e-03 1.441921748588123088e-02
3.883121940520516624e+00 3.529051178865942884e-01 1.519996232000538072e-01 1.711878465285895587e-02 4.122227665856880927e-03 1.697088872933092546e-02
4.168738289331951563e+00 3.739566255572944198e-01 1.647178053704456691e-01 1.684685317124973158e-02 3.783585068620507180e-03 2.181599117862147164e-02
4.487389228838958743e+00 3.984908605888901056e-01 1.754537875995257901e-01 1.686294888344788342e-02 3.580380588944136275e-03 2.411113319046281900e-02
4.837993508096807282e+00 4.261699935975925002e-01 1.915180301013712783e-01 1.656478712592109395e-02 3.684032199947225288e-03 2.392345694319104529e-02
5.232078069587061897e+00 4.527442329543612809e-01 2.053288175337970312e-01 1.661874402336736833e-02 4.299968981322755193e-03 3.095234279238158123e-02
5.668929232696618747e+00 4.838612321336933086e-01 2.237649404250011131e-01 1.625777077693282141e-02 5.177211419051648555e-03 4.056302979474068343e-02
6.163660216295443917e+00 5.194268436736965144e-01 2.406148738785355845e-01 1.636711712148382000e-02 6.273392871634379288e-03 3.941513350927231679e-02
6.716788825036643651e+00 5.576241642086132710e-01 2.621462006274167256e-01 1.599338227211430027e-02 4.815613143488696457e-03 4.550975592623487942e-02
7.350970783021099741e+00 5.975264109985456429e-01 2.820528497027081638e-01 1.618507435466510352e-02 5.447968500771342010e-03 5.883090460977181274e-02
8.064649649928718134e+00 6.452544133324367159e-01 3.069826857935666897e-01 1.580534800503501786e-02 7.845285292619090869e-03 6.893228981164765956e-02
8.892845616908351403e+00 6.991960427741854556e-01 3.329954488166582682e-01 1.601130454958526669e-02 6.131557866636757302e-03 7.154960403013468917e-02
9.837122395813631570e+00 7.583926434598039501e-01 3.652762109474232410e-01 1.565302550357696582e-02 8.291476168873655392e-03 8.010235388539616030e-02
1.094918651095219175e+01 8.232180015431170839e-01 3.984206909525990770e-01 1.586023829833704823e-02 7.605886128369342136e-03 8.998300724366017911e-02
1.223331052916213224e+01 8.984649804119908545e-01 4.394021982596874043e-01 1.554073426360358043e-02 1.158221914857527138e-02 1.033370960979072967e-01
1.377594273234793754e+01 9.791969273765153137e-01 4.820570324041038024e-01 1.580633505443413550e-02 1.019291409681657642e-02 1.098382419023816864e-01
1.558473117508733097e+01 1.070267639971418383e+00 5.347451099027780153e-01 1.547705636683494902e-02 1.138087622737377243e-02 1.142709467005300905e-01
1.781174008636154582e+01 1.155381010720476720e+00 5.907850297830078423e-01 1.596377009578702974e-02 1.401053487650796500e-02 1.195412550792389061e-01
2.049745453790353267e+01 1.258395898843118976e+00 6.600954006874316660e-01 1.549391996277208264e-02 1.662736740621454171e-02 1.227726839925663699e-01
2.380952145179623614e+01 1.391191107210707933e+00 7.355711754868763386e-01 1.626109464948044536e-02 2.335642355057064926e-02 1.239198931869759934e-01
7.723790032609657288e-05 1.547117139698755528e+00 8.296616394270095451e-01 1.544544248409133146e-02 2.627584194570889778e-02 1.235326328853069561e-01
0.000000000000000000e+00 1.716728424174253087e+00 9.403998355037640478e-01 1.566154943437259028e-02 3.679239141033563421e-02 1.228392793144588019e-01
0.000000000000000000e+00 1.921173832099230649e+00 1.078726020401550079e+00 1.515479781932667531e-02 4.611446920879613831e-02 1.217496792755293072e-01
0.000000000000000000e+00 2.166716297100909738e+00 1.219732349617925982e+00 1.507925594070372473e-02 5.933808167313243953e-02 1.233746038780627469e-01
0.000000000000000000e+00 2.478611867977086103e+00 1.419942985013267656e+00 1.500431093303519064e-02 6.798764308516226651e-02 1.299127552992802304e-01
0.000000000000000000e+00 2.879840796437389994e+00 1.681121129332276976e+00 1.497232664754268028e-02 9.700942966916704935e-02 1.230713073063687546e-01
0.000000000000000000e+00 3.420931229113162164e+00 2.033891644647060293e+00 1.494991188156501345e-02 1.218830971655929241e-01 1.215095764320313632e-01
0.000000000000000000e+00 4.186852789158514554e+00 2.528161963945624091e+00 1.492772522955924074e-02 1.315366939398757706e-01 1.201005706924451327e-01
0.000000000000000000e+00 5.344493152615064524e+00 3.267724894523832191e+00 1.491338791949101301e-02 1.054207485324353960e-01 1.201385064643804013e-01
0.000000000000000000e+00 7.229769254128807887e+00 4.532623181630333953e+00 1.489821094277738421e-02 1.257574578357426864e-01 1.366905591401487985e-01
0.000000000000000000e+00 1.091863301846033352e+01 7.008525118140885191e+00 1.489252020525203002e-02 6.772361157006944734e-04 6.706600301275629939e-04
0.000000000000000000e+00 2.235002394583383278e+01 1.392969553003680971e+01 1.488324587605649278e-02 5.907396638233409786e-04 5.898549315062043188e-04
