0.000000000000000000e+00 0.000000000000000000e+00 0.000000000000000000e+00 1.408335843262547085e-02 5.184642889895002462e-04 5.184642889894978610e-04
0.000000000000000000e+00 0.000000000000000000e+00 2.534544995500961662e+01 1.408366311208569290e-02 5.184961564670087465e-04 5.184352618963515352e-04
0.000000000000000000e+00 1.934236238436920274e+01 1.242748858737998319e+01 1.408457731661299020e-02 5.185917590466489896e-04 5.183482301428250089e-04
0.000000000000000000e+00 1.273247958654768119e+01 8.123617795314840961e+00 1.408610154469521619e-02 5.187510971591106392e-04 5.182033421833200483e-04
0.000000000000000000e+00 9.428808796132239323e+00 5.973268714277622848e+00 1.408823662730605830e-02 5.189741714866614140e-04 5.180008450312583064e-04
0.000000000000000000e+00 7.447622176905053237e+00 4.684327273011569481e+00 1.409098372814562850e-02 5.192609829098495527e-04 5.177410836453116534e-04
0.000000000000000000e+00 6.127676966981980833e+00 3.826088532663321384e+00 1.409434434397808383e-02 5.196115324328609390e-04 5.174245000741778660e-04
0.000000000000000000e+00 5.185583283397231291e+00 3.213964449531458545e+00 1.409832030506580867e-02 5.200258210875596202e-04 5.170516323640375785e-04
0.000000000000000000e+00 4.479646073214542668e+00 2.755660815819501064e+00 1.410291377570092701e-02 5.205038498161953468e-04 5.166231132338317249e-04
0.000000000000000000e+00 3.931145764024757572e+00 2.399902906577668471e+00 1.410812725483455432e-02 5.210456193327913602e-04 5.161396685246142334e-04
0.000000000000000000e+00 3.492850524185682204e+00 2.115925738518761978e+00 1.411396357680404744e-02 5.216511299631966005e-04 5.156021154303029987e-04
0.000000000000000000e+00 3.134703653923359035e+00 1.884151460434007719e+00 1.412042591215907292e-02 5.223203814638308464e-04 5.150113605180371961e-04
0.000000000000000000e+00 2.836667280918356848e+00 1.691528048434656650e+00 1.412751776858722254e-02 5.230533728190724834e-04 5.143683975473760600e-04
0.000000000000000000e+00 2.584868965680337194e+00 1.529019372658947828e+00 1.413524299193959048e-02 5.238501020173864757e-04 5.136743050983438212e-04
0.000000000000000000e+00 2.369399761808085980e+00 1.390170949714930604e+00 1.414360576735761675e-02 5.247105658061279251e-04 5.129302440192184433e-04
0.000000000000000000e+00 2.182993052181571692e+00 1.270249394184067127e+00 1.415261062050159578e-02 5.256347594250508149e-04 5.121374547055135501e-04
0.000000000000000000e+00 2.020198821626053576e+00 1.165704575850146307e+00 1.416226241888245141e-02 5.266226763185894843e-04 5.112972542224493737e-04
0.000000000000000000e+00 1.876849362785713460e+00 1.073821603827753268e+00 1.417256637329739055e-02 5.276743078268998242e-04 5.104110332835998373e-04
0.000000000000000000e+00 1.749703080072715133e+00 9.924888160210424415e-01 1.418352803937084419e-02 5.287896428557026934e-04 5.094802530989317674e-04
0.000000000000000000e+00 1.636200776610537533e+00 9.200390351092621044e-01 1.419515331920191865e-02 5.299686675250133653e-04 5.085064421058972878e-04
0.000000000000000000e+00 1.534295055120947993e+00 8.551384477772930870e-01 1.420744846311989239e-02 5.312113647967643768e-04 5.074911925974255264e-04
0.000000000000000000e+00 1.442328461441807486e+00 7.967072327785715835e-01 1.422042007154898993e-02 5.325177140814425607e-04 5.064361572610152733e-04
2.490140982147099180e+01 1.358944861653781588e+00 7.438618359308910577e-01 1.423407509698402205e-02 5.338876908238074804e-04 5.053430456431609119e-04
2.274252838208866834e+01 1.283023938240173134e+00 6.958723038508806136e-01 1.424842084607885230e-02 5.353212660677778966e-04 5.042136205534017337e-04
2.084791818563726196e+01 1.213632062227030239e+00 6.521302842959798562e-01 1.426346498184912284e-02 5.368184060006340411e-04 5.030496944223299561e-04
1.917615679220545033e+01 1.149984956028718530e+00 6.121247064667483251e-01 1.427921552599113568e-02 5.383790714766730672e-04 5.018531256276803718e-04
1.769363115041329948e+01 1.091418972576976065e+00 5.754230735881905590e-01 1.429568086131909228e-02 5.400032175204549359e-04 5.006258148024739577e-04
1.637283520950107629e+01 1.037368756882238507e+00 5.416569127371289039e-01 1.431286973432252876e-02 5.416907928098616508e-04 4.993697011389686569e-04
1.519108526921621660e+01 9.873496944177464485e-01 5.105103426050745519e-01 1.433079125784611149e-02 5.434417391391413617e-04 4.980867587017204961e-04
1.412953989574937630e+01 9.409439908862589075e-01 4.817110065923513318e-01 1.434945491389435709e-02 5.452559908622107727e-04 4.967789927627919155e-04
1.317244459253548605e+01 8.977895360459416940e-01 4.550228193242244479e-01 1.436887055656312605e-02 5.471334743164699924e-04 4.954484361716015531e-04
1.230654419461225224e+01 8.575709229360783947e-01 4.302401171070028840e-01 1.438904841510103491e-02 5.490741072274265720e-04 4.940971457714049119e-04
1.152062173437693993e+01 8.200121510083376863e-01 4.071829052131262228e-01 1.440999909710261907e-02 5.510777980944903121e-04 4.927271988738886983e-04
1.080513359982188781e+01 7.848706559708864550e-01 3.856929693348529198e-01 1.443173359183681954e-02 5.531444455582763516e-04 4.913406898026491864e-04
1.015191867220046795e+01 7.519323931982436759e-01 3.656306732898674805e-01 1.445426327371268464e-02 5.552739377498804680e-04 4.899397265158252556e-04
9.553964783196866151e+00 7.210077639923357928e-01 3.468723057284840428e-01 1.447759990588594510e-02 5.574661516225273101e-04 4.885264273173372000e-04
9.005219936239807765e+00 6.919282208071970697e-01 3.293078690922107143e-01 1.450175564400885825e-02 5.597209522661489517e-04 4.871029176655851758e-04
8.500438748087013607e+00 6.645434229838205198e-01 3.128392271542559389e-01 1.452674304012703706e-02 5.620381922054196048e-04 4.856713270876766245e-04
8.035056796237039833e+00 6.387188415847012690e-01 2.973785450872681313e-01 1.455257504672582795e-02 5.644177106818340202e-04 4.842337862065510174e-04
7.605087223446949984e+00 6.143337327201319198e-01 2.828469695528256223e-01 1.457926502093012840e-02 5.668593329205381037e-04 4.827924238876277522e-04
7.207035205127099609e+00 5.912794148795016413e-01 2.691735068084933902e-01 1.460682672886062100e-02 5.693628693825580379e-04 4.813493645107827794e-04
6.837826837774735544e+00 5.694577983637294505e-01 2.562940650237771067e-01 1.463527435015013999e-02 5.719281150032463771e-04 4.799067253728184473e-04
6.494749735231624577e+00 5.487801248015858890e-01 2.441506334361421837e-01 1.466462248262371572e-02 5.745548484177818993e-04 4.784666142247813708e-04
6.175403180443849394e+00 5.291658825495986207e-01 2.326905760699047865e-01 1.469488614714589518e-02 5.772428311745744257e-04 4.770311269477254374e-04
5.877656115702666995e+00 5.105418699936682403e-01 2.218660217910894406e-01 1.472608079263911483e-02 5.799918069376134872e-04 4.756023453698890913e-04
5.599611593622316974e+00 4.928413837448618051e-01 2.116333357116503000e-01 1.475822230127713311e-02 5.828015006787309838e-04 4.741823352274685270e-04
5.339576577821494752e+00 4.760035127233935293e-01 2.019526595626067456e-01 1.479132699385711860e-02 5.856716178609274164e-04 4.727731442705252222e-04
5.096036192605930104e+00 4.599725223597591617e-01 1.927875107629812013e-01 1.482541163535438904e-02 5.886018436139466145e-04 4.713768005149394057e-04
4.867631688048597915e+00 4.446973157704868229e-01 1.841044316234170808e-01 1.486049344066422799e-02 5.915918419033338671e-04 4.699953106406344334e-04
4.653141520215270610e+00 4.301309609117306976e-01 1.758726815210615857e-01 1.489659008053431308e-02 5.946412546943724998e-04 4.686306585357849215e-04
4.451465053184596066e+00 4.162302744733576976e-01 1.680639660283918535e-01 1.493371968769205416e-02 5.977497011122622807e-04 4.672848039860587116e-04
4.261608475739983248e+00 4.029554547254158847e-01 1.606521979224214414e-01 1.497190086317128771e-02 6.009167766001099076e-04 4.659596815075181184e-04
4.082672595342882182e+00 3.902697567266207312e-01 1.536132857812834707e-01 1.501115268284185060e-02 6.041420520763018248e-04 4.646571993212543191e-04
3.913842228756945207e+00 3.781392042997103742e-01 1.469249465231150797e-01 1.505149470414684013e-02 6.074250730929332690e-04 4.633792384673550034e-04
3.754376955023016826e+00 3.665323340072293989e-01 1.405665387821026513e-01 1.509294697305137850e-02 6.107653589971114277e-04 4.621276520554592170e-04
3.603603034451218878e+00 3.554199670545362122e-01 1.345189144682316373e-01 1.513553003120713877e-02 6.141624020969476631e-04 4.609042646487094045e-04
3.460906328576394575e+00 3.447750056289616838e-01 1.287642862362793350e-01 1.517926492333651796e-02 6.176156668342413234e-04 4.597108717775650688e-04
3.325726081850906901e+00 3.345722506738016411e-01 1.232861089087966822e-01 1.522417320484117410e-02 6.211245889658759860e-04 4.585492395796987347e-04
3.197549447250844334e+00 3.247882385099070124e-01 1.180689731675255150e-01 1.527027694963830132e-02 6.246885747560881885e-04 4.574211045618584767e-04
3.075906655800833889e+00 3.154010940685096354e-01 1.130985100562189455e-01 1.531759875822868468e-02 6.283070001818258409e-04 4.563281734793389523e-04
2.960366744888898616e+00 3.063903987969777698e-01 1.083613050321078630e-01 1.536616176600091865e-02 6.319792101535543502e-04 4.552721233286282894e-04
2.850533772699425317e+00 2.977370715534954915e-01 1.038448204688862814e-01 1.541598965177488900e-02 6.357045177538687064e-04 4.542546014484172929e-04
2.746043456552261564e+00 2.894232610240440318e-01 9.953732565564975265e-02 1.546710664658840217e-02 6.394822034964917122e-04 4.532772257242678130e-04
2.646560181754795238e+00 2.814322483810215436e-01 9.542783345757435698e-02 1.551953754273050629e-02 6.433115146081806474e-04 4.523415848919209591e-04
2.551774335020694284e+00 2.737483590633278396e-01 9.150604290846785227e-02 1.557330770302460358e-02 6.471916643362666394e-04 4.514492389343222317e-04
2.461399922819363706e+00 2.663568826952263935e-01 8.776228709510580650e-02 1.562844307036424102e-02 6.511218312845557877e-04 4.506017195672859283e-04
2.375172440387611772e+00 2.592440002807665511e-01 8.418748577096892005e-02 1.568497017750496159e-02 6.551011587804297237e-04 4.498005308087614030e-04
2.292846961699173569e+00 2.523967179133025374e-01 8.077310220411991482e-02 1.574291615711395642e-02 6.591287542760586402e-04 4.490471496266622959e-04
2.214196424590997747e+00 2.458028063293974386e-01 7.751110382229615958e-02 1.580230875208049959e-02 6.632036887867084549e-04 4.483430266602547059e-04
2.139010088587601111e+00 2.394507457139943840e-01 7.439392626898594374e-02 1.586317632608830186e-02 6.673249963691416618e-04 4.476895870101188198e-04
2.067092145828087091e+00 2.333296752316221523e-01 7.141444052844325707e-02 1.592554787445204720e-02 6.714916736432378431e-04 4.470882310918585932e-04
1.998260467969228182e+00 2.274293468175357658e-01 6.856592281618587026e-02 1.598945303521834976e-02 6.757026793599539560e-04 4.465403355487172201e-04
1.932345474063868140e+00 2.217400828145086877e-01 6.584202696528407284e-02 1.605492210053270988e-02 6.799569340187922202e-04 4.460472542184480303e-04
1.869189106246171850e+00 2.162527370864300857e-01 6.323675906835578286e-02 1.612198602827145943e-02 6.842533195380075001e-04 4.456103191498782213e-04
1.808643901652644104e+00 2.109586592797168814e-01 6.074445416120089619e-02 1.619067645393901245e-02 6.885906789807326326e-04 4.452308416647482773e-04
1.750572150380986791e+00 2.058496619386244730e-01 5.835975475687004560e-02 1.626102570282910928e-02 6.929678163403280803e-04 4.449101134605529858e-04
1.694845130491697605e+00 2.009179902115426908e-01 5.607759105917754783e-02 1.633306680244787229e-02 6.973834963881017255e-04 4.446494077502425647e-04
1.641342412100865289e+00 1.961562939126471061e-01 5.389316270245434609e-02 1.640683349519667794e-02 7.018364445866972709e-04 4.444499804348916116e-04
1.589951223523695667e+00 1.915576017274657206e-01 5.180192188012848475e-02 1.648236025131083818e-02 7.063253470722932661e-04 4.443130713054972594e-04
1.540565873226393379e+00 1.871152973723116675e-01 4.979955773867264512e-02 1.655968228205051407e-02 7.108488507087709326e-04 4.442399052703375605e-04
1.493087222040271111e+00 1.828230975366063882e-01 4.788198192586903129e-02 1.663883555313763751e-02 7.154055632169707950e-04 4.442316936044815308e-04
1.447422200705998918e+00 1.786750314539476137e-01 4.604531519335146317e-02 1.671985679843338013e-02 7.199940533820120862e-04 4.442896352181949942e-04
1.403483368352700822e+00 1.746654219628267779e-01 4.428587496320426919e-02 1.680278353384794324e-02 7.246128513416485659e-04 4.444149179412157868e-04
1.361188507990836349e+00 1.707888679313874503e-01 4.260016377713495006e-02 1.688765407147443595e-02 7.292604489584658027e-04 4.446087198200583592e-04
1.320460255514856796e+00 1.670402279324722516e-01 4.098485855455216709e-02 1.697450753393572528e-02 7.339353002786226177e-04 4.448722104256509898e-04
1.281225759081812354e+00 1.634146050659959770e-01 3.943680059285338546e-02 1.706338386893376663e-02 7.386358220797023446e-04 4.452065521688692413e-04
1.243416366055837274e+00 1.599073328352876577e-01 3.795298624948550276e-02 1.715432386398668338e-02 7.433603945100733567e-04 4.456129016216702431e-04
1.206967334999971220e+00 1.565139619925070558e-01 3.653055825092800524e-02 1.724736916133938827e-02 7.481073618219548013e-04 4.460924108417144195e-04
1.171817570450715662e+00 1.532302482761425666e-01 3.516679757878887758e-02 1.734256227303010087e-02 7.528750332002579360e-04 4.466462286986069602e-04
1.137909378440150610e+00 1.500521409703755860e-01 3.385911588770878361e-02 1.743994659609361675e-02 7.576616836889179477e-04 4.472755021999752522e-04
1.105188240931376686e+00 1.469757722224072360e-01 3.260504841383717045e-02 1.753956642787959236e-02 7.624655552163586052e-04 4.479813778158670988e-04
1.073602607514783314e+00 1.439974470594943545e-01 3.140224733630478382e-02 1.764146698146211098e-02 7.672848577213112068e-04 4.487650028001043904e-04
1.043103702872182570e+00 1.411136340524384858e-01 3.024847555741001434e-02 1.774569440111310736e-02 7.721177703800367886e-04 4.496275265073412211e-04
1.013645348660556778e+00 1.383209565769196459e-01 2.914160087022380635e-02 1.785229577781043131e-02 7.769624429356758412e-04 4.505701017048490417e-04
9.851837985949316590e-01 1.356161846281913053e-01 2.807959048500064531e-02 1.796131916474696250e-02 7.818169971300434210e-04 4.515938858781078200e-04
9.576775856251835695e-01 1.329962271483793312e-01 2.706050588822177597e-02 1.807281359280467695e-02 7.866795282380077865e-04 4.527000425295106740e-04
9.310873802046948366e-01 1.304581248290885565e-01 2.608249801030400328e-02 1.818682908595306916e-02 7.915481067040787237e-04 4.538897424696215549e-04
9.053758587409801439e-01 1.279990433550243778e-01 2.514380267999550764e-02 1.830341667652717746e-02 7.964207798805208885e-04 4.551641651005620005e-04
8.805075814019803770e-01 1.256162670572246176e-01 2.424273634530591665e-02 1.842262842033691450e-02 8.012955738659476457e-04 4.565244996912803054e-04
8.564488785260545578e-01 1.233071929469527067e-01 2.337769204244928914e-02 1.854451741155273975e-02 8.061704954428500908e-04 4.579719466445443250e-04
8.331677449513785749e-01 1.210693251037168322e-01 2.254713559578718982e-02 1.866913779730932851e-02 8.110435341121923066e-04 4.595077187557041008e-04
8.106337416408430085e-01 1.189002693929029492e-01 2.174960203311209622e-02 1.879654479196141842e-02 8.159126642226896715e-04 4.611330424633355461e-04
7.888179040336185111e-01 1.167977284904967855e-01 2.098369220185137760e-02 1.892679469092096653e-02 8.207758471919988875e-04 4.628491590920378695e-04
7.676926566037725053e-01 1.147594971941061082e-01 2.024806957290448128e-02 1.905994488399682246e-02 8.256310338165476085e-04 4.646573260877839926e-04
7.472317331513046446e-01 1.127834580010668025e-01 1.954145721985244347e-02 1.919605386815147544e-02 8.304761666663136935e-04 4.665588182463092514e-04
7.274101023913150943e-01 1.108675769359623448e-01 1.933518125958065895e-02 1.886263496221927613e-02 8.353091825603646201e-04 4.685549289351796870e-04
7.082038984437875051e-01 1.090098996111348723e-01 1.947738780501305153e-02 1.821043666232425792e-02 8.401280151185033362e-04 4.706469713102341408e-04
6.895903558597762384e-01 1.072085475050786885e-01 1.962273539211747617e-02 1.758374766605021872e-02 8.449305973839643744e-04 4.728362795272849695e-04
6.715477488499690395e-01 1.054617144446698407e-01 1.977128705889414501e-02 1.698150237856744030e-02 8.497148645115318094e-04 4.751242099499506538e-04
6.540553344091940557e-01 1.037676632782680852e-01 1.992310700191578243e-02 1.640268196671475914e-02 8.544787565150703014e-04 4.775121423546790206e-04
6.370932990551716468e-01 1.021247227276536607e-01 2.007826058327082802e-02 1.584631218034110098e-02 8.592202210680618089e-04 4.800014811341089815e-04
6.206427089228621075e-01 1.005312844076247797e-01 2.023681433604763991e-02 1.531146128545981568e-02 8.639372163501480347e-04 4.825936564999217188e-04
6.046854629762616895e-01 9.898580000292549197e-02 2.039883596818417230e-02 1.479723810258301228e-02 8.686277139324744077e-04 4.852901256865342432e-04
5.892042491184935615e-01 9.748677859285814762e-02 2.056439436448978531e-02 1.430279014406145820e-02 8.732897016940476681e-04 4.880923741569687829e-04
5.741825029983227413e-01 9.603278411465722419e-02 2.073355958662959769e-02 1.382730184468933428e-02 8.779211867610564211e-04 4.910019168123704036e-04
5.596043693268877295e-01 9.462243295731968817e-02 2.090640287084077550e-02 1.336999288022519376e-02 8.825201984607519831e-04 4.940202992066965995e-04
5.454546655329904903e-01 9.325439167813968921e-02 2.108299662312940886e-02 1.293011656884292433e-02 8.870847912811033638e-04 4.971490987681440607e-04
5.317188475983357643e-01 9.192737483477855798e-02 2.126341441167322460e-02 1.250695835086290675e-02 8.916130478272234943e-04 5.003899260289857613e-04
5.183829779263277038e-01 9.064014292614033796e-02 2.144773095612916361e-02 1.209983434241953572e-02 8.961030817653099995e-04 5.037444258655121056e-04
5.054336951090176999e-01 8.939150043583125871e-02 2.163602211351737734e-02 1.170808995900733847e-02 9.005530407445574764e-04 5.072142787498108577e-04
4.928581854669691342e-01 8.818029397234834754e-02 2.182836486032145237e-02 1.133109860511019931e-02 9.049611092874391494e-04 5.108012020152252579e-04
4.806441562462160366e-01 8.700541050059638903e-02 2.202483727041195868e-02 1.096826042636073369e-02 9.093255116385496684e-04 5.145069511372597423e-04
4.687798103649122305e-01 8.586577565962771885e-02 2.222551848836219757e-02 1.061900112090214537e-02 9.136445145621400988e-04 5.183333210318374516e-04
4.572538226103498582e-01 8.476035216189382882e-02 2.243048869768513379e-02 1.028277080683210817e-02 9.179164300784527350e-04 5.222821473727496354e-04
4.460553171941326056e-01 8.368813826956228441e-02 2.263982908347542816e-02 9.959042942801773698e-03 9.221396181289866776e-04 5.263553079301874771e-04
4.351738465800251698e-01 8.264816634377310234e-02 2.285362178889088422e-02 9.647313299020968819e-03 9.263124891608516803e-04 5.305547239322160697e-04
4.245993715052217010e-01 8.163950146295301247e-02 2.307194986485504307e-02 9.347098976086057331e-03 9.304335066205399402e-04 5.348823614510501675e-04
4.143222421214135531e-01 8.066124010657102494e-02 2.329489721230161223e-02 9.057937469202879954e-03 9.345011893475789738e-04 5.393402328159284517e-04
4.043331801873224496e-01 7.971250890094248864e-02 2.352254851621711843e-02 8.779385775517432183e-03 9.385141138587474018e-04 5.439303980543568149e-04
3.946232622492140130e-01 7.879246342389507884e-02 2.375498917066624915e-02 8.511019542402849941e-03 9.424709165138581276e-04 5.486549663633917421e-04
3.851839037504832253e-01 7.790028706532951819e-02 2.399230519390471369e-02 8.252432254673619516e-03 9.463702955543638407e-04 5.535160976125345824e-04
3.760068440154796243e-01 7.703518994087373006e-02 2.423458313259800254e-02 8.003234458814503446e-03 9.502110130065196487e-04 5.585160038797329102e-04
3.670841320567168053e-01 7.619640785600823030e-02 2.448190995406771334e-02 7.763053022418467917e-03 9.539918964411313491e-04 5.636569510217091360e-04
3.584081131581701718e-01 7.538320131820930303e-02 2.473437292538162996e-02 7.531530427130079391e-03 9.577118405825269572e-04 5.689412602797916428e-04
3.499714161907195309e-01 7.459485459478300273e-02 2.499205947798715383e-02 7.308324093483586047e-03 9.613698087598016463e-04 5.743713099220302664e-04
3.417669416189553777e-01 7.383067481424084033e-02 2.525505705645833196e-02 7.093105736114122505e-03 9.649648341940272357e-04 5.799495369222548800e-04
3.337878501614813254e-01 7.308999110914671249e-02 2.552345294978546411e-02 6.885560747902053427e-03 9.684960211156474303e-04 5.856784386762006831e-04
3.260275520695664619e-01 7.237215379853491337e-02 2.579733410347876538e-02 6.685387611688625199e-03 9.719625457069419171e-04 5.915605747545955688e-04
3.184796969915690279e-01 7.167653360807055285e-02 2.607678691058483780e-02 6.492297338273149247e-03 9.753636568651653750e-04 5.975985686925008259e-04
3.111381643930445362e-01 7.100252092626110900e-02 2.636189697952441569e-02 6.306012929470336363e-03 9.786986767825465224e-04 6.037951098136458764e-04
3.039970545045763695e-01 7.034952509509750929e-02 2.665274887644690852e-02 6.126268865071286991e-03 9.819670013401511199e-04 6.101529550878455983e-04
2.970506797716860881e-01 6.971697373361700201e-02 2.694942583956751875e-02 5.952810612610479925e-03 9.851681003133045626e-04 6.166749310187449526e-04
2.902935567831023134e-01 6.910431209294276567e-02 2.725200946269289853e-02 5.785394158900353072e-03 9.883015173870427373e-04 6.233639355582042997e-04
2.837203986556833812e-01 6.851100244145490181e-02 2.756057934486017685e-02 5.623785562347187982e-03 9.913668699807823281e-04 6.302229400425142600e-04
2.773261078561137793e-01 6.793652347880453635e-02 2.787521270269995022e-02 5.467760525114350768e-03 9.943638488822204372e-04 6.372549911443663086e-04
2.711057694412980501e-01 6.738036977755593182e-02 2.819598394179058734e-02 5.317103984246414512e-03 9.972922176911831055e-04 6.444632128328174094e-04
2.650546447010850293e-01 6.684205125131019443e-02 2.852296418289021127e-02 5.171609720914782486e-03 1.000151812074976613e-03 6.518508083318623166e-04
2.591681651886565407e-01 6.632109264821492434e-02 2.885622073851655534e-02 5.031079986988475257e-03 1.002942538837459183e-03 6.594210620658920181e-04
2.534419271255047845e-01 6.581703306882075166e-02 2.919581653488513215e-02 4.895325148176474413e-03 1.005664374804833951e-03 6.671773415778731089e-04
2.478716861695451634e-01 6.532942550729922693e-02 2.954180947371101013e-02 4.764163343027670583e-03 1.008317365531900866e-03 6.751230994030525418e-04
2.424533525364793163e-01 6.485783641508983954e-02 2.989425172783086171e-02 4.637420157114145215e-03 1.010901623833148581e-03 6.832618748774271257e-04
2.371829864660855158e-01 6.440184528606353320e-02 3.025318896399508892e-02 4.514928311760433091e-03 1.013417328143747381e-03 6.915972958559672874e-04
2.320567940266313745e-01 6.396104426236763618e-02 3.061865948552460956e-02 4.396527366718673557e-03 1.015864720716189856e-03 7.001330803106029215e-04
2.270711232522065748e-01 6.353503776011935889e-02 3.099069328681239993e-02 4.282063436225198340e-03 1.018244105658810007e-03 7.088730377719029566e-04
2.222224606092835231e-01 6.312344211417408868e-02 3.136931101087716417e-02 4.171388917910268460e-03 1.020555846823112314e-03 7.178210705713096440e-04
2.175074277903866760e-01 6.272588524121831821e-02 3.175452280034592872e-02 4.064362234067602289e-03 1.022800365547275750e-03 7.269811748320763583e-04
2.129227788343450722e-01 6.234200632046163482e-02 3.214632703135356789e-02 3.960847584827341915e-03 1.024978138263617743e-03 7.363574411468295534e-04
2.084653975741578014e-01 6.197145549124614961e-02 3.254470891890601236e-02 3.860714712811874963e-03 1.027089693978421080e-03 7.459540548671432254e-04
2.041322954151205682e-01 6.161389356689698366e-02 3.294963898126401780e-02 3.763838678893444319e-03 1.029135611632726269e-03 7.557752959154742873e-04
1.999206094474367812e-01 6.126899176418275361e-02 3.336107134988201828e-02 3.670099648711636943e-03 1.031116517353096017e-03 7.658255380115155811e-04
1.958276008991114980e-01 6.093643144775783005e-02 3.377894191039341326e-02 3.579382689653428425e-03 1.033033081601681400e-03 7.761092471826635305e-04
1.918506539364717434e-01 6.061590388899246867e-02 3.420316625910039404e-02 3.491577578044847280e-03 1.034886016235106194e-03 7.866309794011240803e-04
1.879872748210998645e-01 6.030711003860982772e-02 3.463363745843388297e-02 3.406578616356420713e-03 1.036676071481882743e-03 7.973953771565457996e-04
1.842350914333297784e-01 6.000976031257228283e-02 3.507022357395005868e-02 3.324284460284155675e-03 1.038404032848273513e-03 8.084071647318864708e-04
1.805918531735968557e-01 5.972357439066233731e-02 3.551276497468496690e-02 3.244597955636134134e-03 1.040070717962463063e-03 8.196711418988298237e-04
1.770554312538367425e-01 5.944828102724310226e-02 3.596107137818997657e-02 3.167425985035640049e-03 1.041676973367199619e-03 8.311921756855341747e-04
1.736238193916343764e-01 5.918361787367066446e-02 3.641491862142934993e-02 3.092679324546901594e-03 1.043223671270746477e-03 8.429751897894782265e-04
1.702951349198059128e-01 5.892933131186418871e-02 3.687404513908554282e-02 3.020272510445413429e-03 1.044711706266287458e-03 8.550251511080266247e-04
1.670676203233681101e-01 5.868517629854969747e-02 3.733814813187717047e-02 2.950123716496282685e-03 1.046141992029519944e-03 8.673470527323633725e-04
1.639396452141617389e-01 5.845091621968798862e-02 3.780687940949627179e-02 2.882154642278766683e-03 1.047515458004343383e-03 8.799458925890454603e-04
1.609097087504429424e-01 5.822632275464297708e-02 3.827984089600589002e-02 2.816290413316047993e-03 1.048833046086201145e-03 8.928266467069938305e-04
1.579764425041885190e-01 5.801117574962197376e-02 3.875657979039686535e-02 2.752459494046605344e-03 1.050095707312523894e-03 9.059942358217808580e-04
1.551386137721833813e-01 5.780526309995220186e-02 3.923658338193166534e-02 2.690593615031819114e-03 1.051304398569492381e-03 9.194534836844428472e-04
1.523951293176557809e-01 5.760838064076962556e-02 3.971927352946359041e-02 2.630627716254910382e-03 1.052460079324129367e-03 9.332090649922563166e-04
1.497450395166025072e-01 5.742033204568571664e-02 4.020400082676620079e-02 2.572499908969788987e-03 1.053563708390370651e-03 9.472654402674100717e-04
1.471875428662900442e-01 5.724092873303843892e-02 4.069003849279495544e-02 2.516151459352092713e-03 1.054616240737596715e-03 9.616267742263678430e-04
1.447219907918470549e-01 5.706998977931762584e-02 4.117657604758502565e-02 2.461526798261480693e-03 1.055618624349715295e-03 9.762968331363087266e-04
1.423478926594736738e-01 5.690734183937806723e-02 4.166271286207155755e-02 2.408573562842462965e-03 1.056571797142570124e-03 9.912788552471146156e-04
1.400649208706774840e-01 5.675281907306679863e-02 4.214745170443398581e-02 2.357242677613518526e-03 1.057476683947179610e-03 1.006575386474409988e-03
1.378729158702405311e-01 5.660626307788901163e-02 4.262969244744708314e-02 2.307488485324088977e-03 1.058334193565865994e-03 1.022188070888563729e-03
1.357718908507257738e-01 5.646752282736147016e-02 4.310822615139037195e-02 2.259268941493119617e-03 1.059145215908088985e-03 1.038117381939775239e-03
1.337620358780522711e-01 5.633645461470565552e-02 4.358172979551160064e-02 2.212545891612624233e-03 1.059910619212370460e-03 1.054362275287968297e-03
1.318437210965512918e-01 5.621292200154463098e-02 4.404876199731647124e-02 2.167285457144035431e-03 1.070919736970507444e-03 1.060631247360357922e-03
1.300174985995818655e-01 5.609679577128109940e-02 4.450776013143518950e-02 2.123458566602352653e-03 1.087784190481533167e-03 1.061307917288743059e-03
1.282841024764398985e-01 5.598795388684766478e-02 4.495703933530660612e-02 2.081041682631817880e-03 1.104946711736071435e-03 1.061941416504372498e-03
1.266444464732039143e-01 5.588628145252638041e-02 4.539479396214777390e-02 2.040017797156679080e-03 1.122393979719562380e-03 1.062532500707526152e-03
1.250996186421713674e-01 5.579167067955573267e-02 4.581910210480266005e-02 2.000377797637986274e-03 1.140106859683885599e-03 1.063081891528047575e-03
1.236508723124354059e-01 5.570402085525012065e-02 4.622793385628239105e-02 1.962122352941015994e-03 1.158058470284181176e-03 1.063590274378612170e-03
1.222996127067984273e-01 5.562323831537132474e-02 4.661916398029893743e-02 1.925264534260739046e-03 1.176211519115202353e-03 1.064058296429110529e-03
1.210473785739086677e-01 5.554923641951153845e-02 4.699058962150774038e-02 1.889833484626053531e-03 1.194514593039406681e-03 1.064486564705827577e-03
1.198958183168269132e-01 5.548193552925243660e-02 4.733995357297493545e-02 1.855879591759255695e-03 1.212896948449919930e-03 1.064875644318766593e-03
1.188466602964320384e-01 5.542126298888649938e-02 4.766497342129388803e-02 1.823481814327564208e-03 1.231261151357633879e-03 1.065226056820128310e-03
1.179016772815300318e-01 5.536715310850313931e-02 4.796337659641138756e-02 1.792758056768661585e-03 1.249472672053214030e-03 1.065538278696771812e-03
1.170626454090574892e-01 5.531954714924957467e-02 4.823294096182519780e-02 1.763879722436007382e-03 1.267345304536893983e-03 1.065812739999057656e-03
1.163312984944314676e-01 5.527839331060779848e-02 4.847154010422643350e-02 1.737091572052354774e-03 1.284621283672674223e-03 1.066049823108336818e-03
1.157092790622758632e-01 5.524364671952149836e-02 4.867719195159419393e-02 1.712737127210694653e-03 1.300945860278865038e-03 1.066249861644995170e-03
1.151980879992726553e-01 5.521526942125444537e-02 4.884810881733132187e-02 1.691286564694100469e-03 1.315839388340266699e-03 1.066413139518748764e-03
1.147990351939432718e-01 5.519323037185441816e-02 4.898274650505068939e-02 1.673355656752770941e-03 1.328678369166941828e-03 1.066539890122671563e-03
1.145131938437289748e-01 5.517750543212122938e-02 4.907984979316124680e-02 1.659688950871050176e-03 1.338712258935095302e-03 1.066630295672102305e-03
1.143413612032755655e-01 5.516807736300318593e-02 4.913849152495601558e-02 1.651066262280793300e-03 1.345156966328657847e-03 1.066684486689493646e-03
1.142840283664590256e-01 5.516493582235330179e-02 4.915810271135350601e-02 1.648111124446300117e-03 1.347386395036071242e-03 1.066702541635865600e-03
1.142840283664590256e-01 5.516493582235330179e-02 4.915810271135350601e-02 1.648111124446300117e-03 1.347386395036071242e-03 1.066702541635865600e-03
1.142888436419050024e-01 5.510758255312673409e-02 4.916192369653807348e-02 1.648585836419824398e-03 1.347759861323613801e-03 1.066939661371504693e-03
1.143032344147403984e-01 5.493608461460302433e-02 4.917339524020491320e-02 1.650010283120783260e-03 1.348880293100369280e-03 1.067650805050397722e-03
1.143270355715471087e-01 5.465211507051870310e-02 4.919254310577112627e-02 1.652385394861650893e-03 1.350747787544147750e-03 1.068835324308435109e-03
1.143599720830739963e-01 5.425842105355186545e-02 4.921941022928346537e-02 1.655712715376088167e-03 1.353362501412152565e-03 1.070492132616967032e-03
1.144016592537092092e-01 5.375876354218578346e-02 4.925405671526891793e-02 1.659994391550593954e-03 1.356724643264865544e-03 1.072619696441099585e-03
1.144516030902562875e-01 5.315783640951446398e-02 4.929655983156575744e-02 1.665233158872055823e-03 1.360834462645395303e-03 1.075216022943725411e-03
1.145092008093334529e-01 5.246116785166286128e-02 4.934701400377409369e-02 1.671432322411339419e-03 1.365692236280535666e-03 1.078278644318753521e-03
1.145737415079157856e-01 5.167500785524697243e-02 4.940553081013077108e-02 1.678595733106956174e-03 1.371298251390571082e-03 1.081804598862319122e-03
1.146444070265314752e-01 5.080620570477770853e-02 4.947223897778688789e-02 1.686727759053159581e-03 1.377652786215204529e-03 1.085790408917028816e-03
1.147202730392855863e-01 4.986208165562744377e-02 4.954728438162103732e-02 1.695833251432743221e-03 1.384756087885237507e-03 1.090232055851922703e-03
1.148003104091772225e-01 4.963083004687251359e-02 4.885029681591032680e-02 1.705917504664647465e-03 1.392608347792427927e-03 1.095124952269611093e-03
1.148833868510045209e-01 4.972305615702101583e-02 4.777872501505901759e-02 1.716986210260110094e-03 1.401209674633715043e-03 1.100463911662390853e-03
1.149682689474320618e-01 4.982416006846939610e-02 4.665533002219394293e-02 1.729045403795817764e-03 1.410560065331309528e-03 1.106243115770861240e-03
1.150536245664066787e-01 4.993435633370360560e-02 4.548805095396638715e-02 1.742101404318320383e-03 1.420659374056134922e-03 1.112456079931740645e-03
1.151380257299949306e-01 5.005387673471638210e-02 4.428469812198510686e-02 1.756160745387541503e-03 1.431507279609042565e-03 1.119095616736014544e-03
1.152199519856968585e-01 5.018297032857346046e-02 4.305286095523196827e-02 1.771230096848180674e-03 1.443103251442500335e-03 1.126153798354321200e-03
1.152977943313196335e-01 5.032190350708835164e-02 4.179982902940333062e-02 1.787316176282330044e-03 1.455446514633630412e-03 1.133621917922911096e-03
1.153698597434125589e-01 5.047096007264447598e-02 4.053252667284885924e-02 1.804425648943589096e-03 1.468536014148819806e-03 1.141490450420794625e-03
1.154343763569643383e-01 5.063044133226286825e-02 3.925746111985881082e-02 1.822565014798270197e-03 1.482370378769212391e-03 1.149749013505932307e-03
1.154894993404678855e-01 5.080066621206737881e-02 3.798068376096586790e-02 1.841740481100075273e-03 1.496947885075016957e-03 1.158386328815345142e-03
1.155333175054192169e-01 5.098197139433410102e-02 3.670776370373290964e-02 1.861957818697147641e-03 1.512266421915349403e-03 1.167390184269916087e-03
1.155638606828211651e-01 5.117471147934714304e-02 3.544377260700500715e-02 1.883222200009988107e-03 1.528323455817044750e-03 1.176747397959116738e-03
1.155791078912008357e-01 5.137925917429738559e-02 3.419327958260095363e-02 1.905538016320500313e-03 1.545115997811645492e-03 1.186443784212547247e-03
1.155769963110355597e-01 5.159600551147698611e-02 3.296035486303516143e-02 1.928908671671443302e-03 1.562640572183450049e-03 1.196464122493834685e-03
1.155554310693183706e-01 5.182536009802644894e-02 3.174858090194862537e-02 1.953336350284595995e-03 1.580893187661744749e-03 1.206792129776429554e-03
1.155122958253239907e-01 5.206775139948729980e-02 3.056106959419818692e-02 1.978821753960228417e-03 1.599869311598456313e-03 1.217410437079782023e-03
1.154454641345966925e-01 5.232362705940986347e-02 2.940048436354439701e-02 2.005363805410941957e-03 1.619563847685622513e-03 1.228300570856732206e-03
1.153528115529001696e-01 5.259345425725374390e-02 2.826906595669475067e-02 2.032959312904310516e-03 1.639971117776478290e-03 1.239442939927774823e-03
1.152322284255788282e-01 5.287772010680431151e-02 2.716866089325915487e-02 2.061602590933010043e-03 1.661084848378072826e-03 1.250816828654358320e-03
1.150816332907604322e-01 5.317693209731539500e-02 2.610075164344063947e-02 2.091285030892482601e-03 1.682898162382028776e-03 1.262400397029862006e-03
1.148989868074097448e-01 5.349161857957211719e-02 2.506648773201534952e-02 2.121994614920410908e-03 1.705403576592567829e-03 1.274170688343033214e-03
1.146823061017981510e-01 5.382232929905302055e-02 2.406671709277306143e-02 2.153715365138094296e-03 1.728593005597378086e-03 1.286103645033212853e-03
1.144296794089640079e-01 5.416963597835985911e-02 2.310201711792951584e-02 2.186426719535590393e-03 1.752457772506019239e-03 1.298174133308804346e-03
1.141392808696268663e-01 5.453413295107163022e-02 2.217272495912198799e-02 2.220102824672974279e-03 1.776988627053513025e-03 1.310355977040076258e-03
1.138093853283449058e-01 5.491643784917638743e-02 2.127896673855187576e-02 2.254711734254833105e-03 1.802175771531852556e-03 1.322622001363509209e-03
1.134383829659496995e-01 5.531719234623427850e-02 2.042068541957672845e-02 2.290214501519619722e-03 1.828008894970566947e-03 1.334944086348023150e-03
1.130247935889858446e-01 5.573706295842982550e-02 1.959766716517303067e-02 2.326564152343176418e-03 1.854477215939015142e-03 1.347293230973553276e-03
1.125672803915126335e-01 5.617674190568775622e-02 1.880956608025105212e-02 2.363704525101015946e-03 1.881569534287477145e-03 1.359639627559901124e-03
1.120646630006205541e-01 5.663694803504502190e-02 1.805592729019803513e-02 2.401568962840304206e-03 1.909274292082786643e-03 1.371952746660127674e-03
1.115159296167575892e-01 5.711842780850555357e-02 1.733620835379347594e-02 2.440078843432820586e-03 1.937579643926751367e-03 1.384201432298414131e-03
1.109202480637241778e-01 5.762195635764057883e-02 1.664979904437630109e-02 2.479141934480656295e-03 1.966473536773408973e-03 1.396354007289817662e-03
1.102769755711543731e-01 5.814833860725008435e-02 1.599603955935017738e-02 2.518650562342313222e-03 1.995943799284710489e-03 1.408378388229968199e-03
1.095856671245099140e-01 5.869841047046222421e-02 1.537423723511981144e-02 2.558479589449805160e-03 2.025978240684549441e-03 1.420242209589503250e-03
1.088460822339656076e-01 5.927304011771630105e-02 1.478368185238651024e-02 2.598484202061970318e-03 2.056564758989536459e-03 1.431912956193093917e-03
1.080581899938724971e-01 5.987312932216713041e-02 1.422365961508725678e-02 2.638497523012203055e-03 2.087691458412485514e-03 1.443358103209573971e-03
1.072221723283251771e-01 6.049961488413809624e-02 1.369346587437312961e-02 2.678328082476190593e-03 2.119346775652618774e-03 1.454545262630977309e-03
1.063384253452861333e-01 6.115347013736752158e-02 1.319241664571329901e-02 2.717757206272097825e-03 2.151519614706753989e-03 1.465442335077485250e-03
1.054075587510761580e-01 6.183570653991313226e-02 1.271985893092507369e-02 2.756536417945697551e-03 2.184199489759181944e-03 1.476017665635662732e-03
1.044303933081214969e-01 6.254737535272418547e-02 1.227517980600493705e-02 2.794385000152518547e-03 2.217376675636489967e-03 1.486240202322483203e-03
1.034079563508462085e-01 6.328956940903700257e-02 1.185781416877390235e-02 2.830987924424829740e-03 2.251042365248450382e-03 1.496079655670028022e-03
1.023414754066983706e-01 6.406342497792928692e-02 1.146725095757628564e-02 2.865994436723167359e-03 2.285188833379152643e-03 1.505506657849078585e-03
1.012323700006071553e-01 6.487012372554580575e-02 1.110303755633402535e-02 2.899017676810981218e-03 2.319809606144642659e-03 1.514492919695734812e-03
1.000822417508946821e-01 6.571089477771957510e-02 1.076478199980672457e-02 2.929635805122464669e-03 2.354899635396508987e-03 1.523011383976690834e-03
9.889286289198141733e-02 6.658701688792631468e-02 1.045215250101151454e-02 2.957395196561764510e-03 2.390455477325591910e-03 1.531036373226394394e-03
9.766616338348002579e-02 6.749982071475650602e-02 1.016487376554207032e-02 2.981816311662273226e-03 2.426475474508057832e-03 1.538543730515139988e-03
9.640421678582425380e-02 6.845069121334658446e-02 9.902719571227394310e-03 3.002402835638933853e-03 2.462959940637914590e-03 1.545510951560464911e-03
9.510922509900655852e-02 6.944107014549025236e-02 9.665501221099048745e-03 3.018654540299424514e-03 2.499911347206110277e-03 1.551917306675388740e-03
9.378350277295395554e-02 7.047245871345701740e-02 9.453051767452050336e-03 3.030084028156382770e-03 2.537334511418399413e-03 1.557743951154779826e-03
9.242946010540412094e-02 7.154642032287106268e-02 9.265206381121247198e-03 3.036237036227800064e-03 2.575236784689989046e-03 1.562974022833698868e-03
9.104958624581570292e-02 7.266458348035390036e-02 9.101779885645925466e-03 3.036715326277945794e-03 2.613628241117637793e-03 1.567592725706870712e-03
8.964643202200914263e-02 7.382864483201652395e-02 8.962543205003186200e-03 3.031200454405675801e-03 2.652521865405917199e-03 1.571587398673365311e-03
8.822259280012098581e-02 7.504037234929063216e-02 8.847201123184062627e-03 3.019476058826210067e-03 2.691933739815875748e-03 1.574947568661754773e-03
8.678069157846404758e-02 7.630160866903495931e-02 8.755374109911201463e-03 3.001445944558845790e-03 2.731883229808657835e-03 1.577664987594974656e-03
8.532336250246294607e-02 7.761427459531612671e-02 8.686586832088989338e-03 2.977145374694923578e-03 2.772393168173955397e-03 1.579733652866196483e-03
8.385323497154946459e-02 7.898037277078524820e-02 8.640265257540431093e-03 2.946743687554855429e-03 2.813490037561454469e-03 1.581149811213670682e-03
8.237291849030098367e-02 8.040199152610832956e-02 8.615743059406816631e-03 2.910537554150534421e-03 2.855204151471819971e-03 1.581911946098604272e-03
8.188130891651153320e-02 8.088498839584720712e-02 8.612276619311156484e-03 2.897569833910629365e-03 2.868935597888176009e-03 1.582020748902236403e-03
8.342059695513641404e-02 7.939197257220997894e-02 8.629066667837328314e-03 2.940625598062074787e-03 2.822436355531776110e-03 1.581479074461645184e-03
8.502222605358902840e-02 7.789633924040269275e-02 8.665283804379982080e-03 2.984414324498383796e-03 2.771602352753035729e-03 1.580291881655001771e-03
8.668866968081707924e-02 7.640048589132748813e-02 8.720094950864770017e-03 3.028983439602770267e-03 2.717033253210300158e-03 1.578466159922458246e-03
8.842250925225077218e-02 7.490672940726253448e-02 8.792688162017626638e-03 3.074385095048786341e-03 2.659340670214835507e-03 1.576010842765755704e-03
9.022643926202021658e-02 7.341729739746143124e-02 8.882293941816899949e-03 3.120676349343258493e-03 2.599126501591951348e-03 1.572936709405375628e-03
9.210327267199903967e-02 7.193432075444011753e-02 8.988202059797431587e-03 3.167919352604693650e-03 2.536965803010094583e-03 1.569256275887027626e-03
9.405594657245723578e-02 7.045982742019754608e-02 9.109773622648132535e-03 3.216181535910982939e-03 2.473394452152748689e-03 1.564983677017928090e-03
9.608752813020780825e-02 6.899573733609744297e-02 9.246448722126347428e-03 3.265535806709745411e-03 2.408901289561592336e-03 1.560134540577351025e-03
9.820122084134003115e-02 6.754385853657801642e-02 9.397750320056718829e-03 3.316060751940646048e-03 2.343924081412684154e-03 1.554725855285033409e-03
1.004003711069400284e-01 6.610588433532332830e-02 9.563285173254922056e-03 3.367840850670952499e-03 2.278848506723482169e-03 1.548775834025663484e-03
1.026884751516163180e-01 6.468339154302209237e-02 9.742742600200884201e-03 3.420966698193330952e-03 2.214009371928600620e-03 1.542303773819258747e-03
1.050691863062013925e-01 6.327783964833552655e-02 9.935891804274133918e-03 3.475535243679117332e-03 2.149693342305386123e-03 1.535329913996643118e-03
1.075463226776719600e-01 6.189057088809110652e-02 1.014257834193710989e-02 3.531650043620236656e-03 2.086142605780502181e-03 1.527875293988813481e-03
1.101238752311653746e-01 6.052281112890421644e-02 1.036272019041399768e-02 3.589421533431051258e-03 2.023559018198847672e-03 1.519961612070670201e-03
1.128060163109640690e-01 5.917567148025929674e-02 1.059630374677750231e-02 3.648967319716645875e-03 1.962108401558072552e-03 1.511611086315663979e-03
1.155971086294899502e-01 5.785015055838262782e-02 1.084337998750911462e-02 3.710412495849396870e-03 1.901924769415149798e-03 1.502846318921425032e-03
1.185017147557148459e-01 5.654713732084522965e-02 1.110406093664444323e-02 3.773889983631603141e-03 1.843114334546546796e-03 1.493690164959128380e-03
1.215246071369917163e-01 5.526741439356159385e-02 1.137851653004634186e-02 3.839540903960238487e-03 1.785759214490959109e-03 1.484165606484975268e-03
1.246707786911113863e-01 5.401166181451731024e-02 1.166697192003527186e-02 3.907514979552768712e-03 1.729920793946675573e-03 1.474295632832185341e-03
1.279454540084888070e-01 5.278046112199614309e-02 1.196970523501403316e-02 3.977970972942442701e-03 1.675642732671322023e-03 1.464103127779723670e-03
1.313541012077368009e-01 5.157429971912084327e-02 1.228704578952961694e-02 4.051077163108982200e-03 1.622953626849511213e-03 1.453610764171047983e-03
1.349024444915703780e-01 5.039357545101502689e-02 1.261937272862383511e-02 4.127011864279862829e-03 1.571869343658552180e-03 1.442840906435362454e-03
1.385964774540069111e-01 4.923860133570129305e-02 1.296711408408977168e-02 4.205963990619530045e-03 1.522395055206497748e-03 1.431815521346421673e-03
1.424424771942338630e-01 4.810961039484795004e-02 1.333074621768107378e-02 4.288133670722152693e-03 1.474527000840032036e-03 1.420556097241667528e-03
1.464470192973368889e-01 4.700676053555294387e-02 1.371079362615876610e-02 4.373732916040661695e-03 1.428254007273232042e-03 1.409083571818908190e-03
1.506169937473657294e-01 4.593013943941932908e-02 1.410782908441419667e-02 4.462986347622855364e-03 1.397418268529606418e-03 1.383558794965063623e-03
1.549596218440090767e-01 4.487976942014761106e-02 1.452247410515569367e-02 4.556131985788055942e-03 1.385579841498195191e-03 1.340419097295126845e-03
1.594824742004991858e-01 4.385561221568781698e-02 1.495539969636871906e-02 4.653422107667539755e-03 1.373587228816037630e-03 1.298808616774853450e-03
1.641934899073415055e-01 4.285757368560270952e-02 1.540732740068299043e-02 4.755124177851123048e-03 1.361458613987241327e-03 1.258697840060503392e-03
1.691009969541292512e-01 4.188550838865674752e-02 1.587903060372983580e-02 4.861521857736114498e-03 1.349211395241411765e-03 1.220054731080209972e-03
1.742137340101062026e-01 4.093922401973033171e-02 1.637133610144707319e-02 4.972916099563480692e-03 1.336862162375683288e-03 1.182845319253595208e-03
1.795408736734152855e-01 4.001848568895335218e-02 1.688512591903701399e-02 5.089626331556263220e-03 1.324426680744546312e-03 1.147034197626851850e-03
1.850920473091468843e-01 3.912302002943719714e-02 1.742133937687467132e-02 5.211991741047681571e-03 1.311919881981139313e-03 1.112584943794326124e-03
1.908773716075232996e-01 3.825251912316021685e-02 1.798097540110778908e-02 5.340372663007009885e-03 1.299355861006627191e-03 1.079460474735500011e-03
1.969074770059459079e-01 3.740664423743458866e-02 1.856509507898549891e-02 5.475152081943327614e-03 1.286747878865172456e-03 1.047623345158571560e-03
2.031935381322542145e-01 3.658502936694594393e-02 1.917482446113094943e-02 5.616737255794946107e-03 1.274108370909853754e-03 1.017035997594736103e-03
2.097473064416527644e-01 3.578728457863875057e-02 1.981135761504351778e-02 5.765561471100958367e-03 1.261448959858770674e-03 9.876609713150678871e-04
2.165811452363935463e-01 3.501299915871698698e-02 2.047595993611665138e-02 5.922085939506042084e-03 1.248780473240462341e-03 9.594610761264393481e-04
2.237080672757688626e-01 3.426174456277111813e-02 2.116997172440659644e-02 6.086801846476407388e-03 1.236112964752318112e-03 9.323995362267215427e-04
2.311417752043562479e-01 3.353307717153346940e-02 2.189481203731072703e-02 6.260232564008910011e-03 1.223455739064488890e-03 9.064401085453345063e-04
2.388967050491207222e-01 3.282654085603117777e-02 2.265198283024658782e-02 6.442936040105750120e-03 1.210817379614351989e-03 8.815471793481013604e-04
2.469880730610782282e-01 3.214166935696480959e-02 2.344307339938261209e-02 6.635507378869902155e-03 1.198205778951953000e-03 8.576858423305342739e-04
2.554319262051462647e-01 3.147798848400611138e-02 2.426976514248749620e-02 6.838581626261515563e-03 1.185628171214633819e-03 8.348219609490793378e-04
2.642451966328595581e-01 3.083501814140665251e-02 2.513383665607004866e-02 7.052836777851762863e-03 1.173091166328862379e-03 8.129222173340990617e-04
2.734457605071616282e-01 3.021227418684685820e-02 2.603716918919323983e-02 7.278997026330199030e-03 1.160600785558090712e-03 7.919541497818997607e-04
2.830525015870778427e-01 2.960927013086117610e-02 2.698175247670638044e-02 7.517836268076324123e-03 1.148162498037886637e-03 7.718861805274713920e-04
2.930853800230629469e-01 2.902551868445404221e-02 2.796969097716505911e-02 7.770181889808981841e-03 1.135781257961800995e-03 7.526876352472820081e-04
3.035655068619030339e-01 2.900321054344765642e-02 2.846053316269744199e-02 8.036918858197331442e-03 1.123461542104723819e-03 7.343287555266718447e-04
3.145152248139001516e-01 3.008466555705091236e-02 2.791382875218246726e-02 8.318994137367493810e-03 1.111207387393182760e-03 7.167807053428563654e-04
3.259581958953485792e-01 3.121654656030688896e-02 2.738492365019869895e-02 8.617421461495196333e-03 1.099022428254966275e-03 7.000155724585603850e-04
3.379194966269843947e-01 3.240148842434791010e-02 2.687334008344957961e-02 8.933286492157584135e-03 1.086909933502830643e-03 6.840063654881996247e-04
3.504257215452012408e-01 3.364227909459546056e-02 2.637860521398924935e-02 9.267752392850627657e-03 1.074872842528909857e-03 6.687270072849899223e-04
3.635050958683152533e-01 3.494186895993497272e-02 2.590025193989397082e-02 9.622065856100776166e-03 1.062913800607916516e-03 6.541523252009046920e-04
3.771875982566921803e-01 3.630338089660367640e-02 2.543781959797249484e-02 9.997563621933861291e-03 1.051035193127795083e-03 6.402580386888384774e-04
3.915050947143969839e-01 3.773012104324322685e-02 2.499085457557937220e-02 1.039567953016203375e-02 1.039239178586537013e-03 6.270207446461804890e-04
4.064914848030316552e-01 3.922559036962174062e-02 2.455891083832903443e-02 1.081795215304735651e-02 1.027527720213207299e-03 6.144179008389888223e-04
4.221828614778438959e-01 4.079349710830992848e-02 2.414155038022704550e-02 1.126603305945614482e-02 1.015902616089652986e-03 6.024278076948063254e-04
4.386176860140648670e-01 4.243777012619322220e-02 2.373834360243842756e-02 1.174169576669019215e-02 1.004365527667342882e-03 5.910295887083973207e-04
4.558369796709862420e-01 4.416257332123622870e-02 2.334886962660997350e-02 1.224684544184004124e-02 9.929180065908727818e-04 5.802031696673361173e-04
4.738845339453718886e-01 4.597232113952384736e-02 2.297271654835511198e-02 1.278352942082922224e-02 9.815615197561117829e-04 5.699292568723336770e-04
4.928071414985378262e-01 4.787169531842308534e-02 2.260948163620234153e-02 1.335394862040728547e-02 9.702974725467990646e-04 5.601893144998350282e-04
5.126548501070740116e-01 4.986566297393783126e-02 2.225877148100077751e-02 1.396046992630243545e-02 9.591272302085404296e-04 5.509655412309254685e-04
5.334812422910242269e-01 5.195949616413912675e-02 2.192020210047571083e-02 1.460563964969712088e-02 9.480521373336272270e-04 5.422408462504385790e-04
5.553437436215854506e-01 5.415879307621462163e-02 2.159339900333111587e-02 1.529219815428219283e-02 9.370735354440248030e-04 5.339988247030055856e-04
5.783039631100271860e-01 5.646950100241548282e-02 2.127799721700865745e-02 1.602309576755039239e-02 9.261927786731619181e-04 5.262237326779523050e-04
6.024280695394361729e-01 5.889794129036882153e-02 2.097364128293535690e-02 1.680151010291116437e-02 9.154112475597397242e-04 5.189004617824345385e-04
6.277872081308886187e-01 6.145083647615474237e-02 2.067998522282389270e-02 1.763086493387182319e-02 9.047303609788537619e-04 5.120145133515054906e-04
6.544579625477532359e-01 6.413533983473096445e-02 2.039669247933310892e-02 1.851485077822248929e-02 8.941515862470191759e-04 5.055519723348320333e-04
6.825228679503406726e-01 6.695906761214626135e-02 2.012343583415110784e-02 1.945744736918947684e-02 8.836764474485115251e-04 4.994994808922406703e-04
7.120709816350960786e-01 6.993013423817928675e-02 2.046294821228144753e-02 1.985989730632949438e-02 8.733065320402097573e-04 4.938442117242248597e-04
7.431985187478264976e-01 7.305719085719926398e-02 2.153598745147785112e-02 1.960576803347664765e-02 8.630434958016124092e-04 4.885738411586396622e-04
7.760095616738938995e-01 7.634946756003542501e-02 2.268156929703727884e-02 1.936074813820734195e-02 8.528890662050806013e-04 4.836765220111418815e-04
8.106168530088504465e-01 7.981681975138751883e-02 2.390510030016045409e-02 1.912454658204927951e-02 8.428450442890586926e-04 4.791408562344454569e-04
8.471426835354982643e-01 8.346977914699076073e-02 2.521242479776988205e-02 1.889688100882051108e-02 8.329133051238922026e-04 4.749558673699262037e-04
8.857198884210646384e-01 8.731960996370274897e-02 2.660986389466057575e-02 1.867747757931706443e-02 8.230957969659010755e-04 4.711109728148006734e-04
9.264929669516887012e-01 9.137837094552038464e-02 2.810425840127972474e-02 1.846607079898673551e-02 8.133945392003612794e-04 4.675959559187027668e-04
9.696193436045708047e-01 9.565898396123780068e-02 2.970301620468988185e-02 1.826240334011187613e-02 8.038116191783045272e-04 4.644009379252302789e-04
1.015270791195806765e+00 1.001753100173262828e-01 3.141416461937073662e-02 1.806622585988101187e-02 7.943491880551611451e-04 4.615163497767807042e-04
1.063635040329984349e+00 1.049422336554119151e-01 3.324640834524830030e-02 1.787729681559694500e-02 7.850094557416766343e-04 4.589329038047921324e-04
1.114917603527938228e+00 1.099757568509695943e-01 3.520919375492956999e-02 1.769538227814446141e-02 7.757946850786541851e-04 4.566415653324070617e-04
1.169343847367428468e+00 1.152931037024045036e-01 3.731278034322724896e-02 1.752025574472698341e-02 7.667071853475645972e-04 4.546335242224478087e-04
1.227161351909392017e+00 1.209128374028202862e-01 3.956832030295164698e-02 1.735169795177477978e-02 7.577493052284237519e-04 4.529001664106461719e-04
1.288642603820301824e+00 1.268549912262769974e-01 4.198794734558145003e-02 1.718949668882902709e-02 7.489234253147832553e-04 4.514330454719807264e-04
1.354088078210775370e+00 1.331412155438585210e-01 4.458487606867258396e-02 1.703344661411541547e-02 7.402319502933692175e-04 4.502238542770924546e-04
1.423829774631739209e+00 1.397949432214681542e-01 4.737351338968820436e-02 1.688334907243722871e-02 7.316773008926692008e-04 4.492643968056945851e-04
1.498235285329636790e+00 1.468415761521559004e-01 5.036958382568933884e-02 1.673901191594030433e-02 7.232619057006619287e-04 4.485465601947487410e-04
1.577712489306919430e+00 1.543086961551672909e-01 5.359027070916997509e-02 1.660024932823191135e-02 7.149881929473698387e-04 4.480622871109833649e-04
1.662714984644118932e+00 1.622263040488241270e-01 5.705437580355341570e-02 1.646688165226952577e-02 7.068585823423078262e-04 4.478035485496857453e-04
1.753748394798985144e+00 1.706270913969771263e-01 6.078250023172171446e-02 1.633873522237675596e-02 6.988754770511626307e-04 4.477623171747579611e-04
1.851377713324246166e+00 1.795467502660691439e-01 6.479725017521253960e-02 1.621564220068770143e-02 6.910412558894725747e-04 4.479305413284545307e-04
1.956235887093558112e+00 1.890243273464244644e-01 6.912347146283953636e-02 1.609744041827170305e-02 6.833582658042918921e-04 4.483001198528688953e-04
2.069033882567482774e+00 1.991026300310579089e-01 7.378851797402417867e-02 1.598397322114438954e-02 6.758288147076746497e-04 4.488628778789435433e-04
2.190572535323684011e+00 2.098286935636003159e-01 7.882255977031664418e-02 1.587508932132893069e-02 6.684551647183552573e-04 4.496105437521098259e-04
2.321756553216623775e+00 2.212543202354247396e-01 8.425893808505442728e-02 1.577064265309361876e-02 6.612395258605830405e-04 4.505347272765816160e-04
2.463611132382791169e+00 2.334367039230572649e-01 9.013457580587636020e-02 1.567049223445754827e-02 6.541840502613129439e-04 4.516268994722302072e-04
2.617301758462796890e+00 2.464391561296265243e-01 9.649045395575280015e-02 1.557450203402386060e-02 6.472908268795613679e-04 4.528783740487234556e-04
2.784157910448009865e+00 2.603319532849120987e-01 1.033721670169899381e-01 1.548254084317296671e-02 6.405618767941325190e-04 4.542802908106959394e-04
2.965701571583309271e+00 2.751933295724925399e-01 1.108305728829654252e-01 1.539448215362117407e-02 6.339991490686785157e-04 4.558236012147748534e-04
3.163681694584966397e+00 2.911106452609001916e-01 1.189225569409495670e-01 1.531020404032817916e-02 6.276045172060580688e-04 4.574990563039319945e-04
3.380116085913552837e+00 3.081817677809792766e-01 1.277119345221673641e-01 1.522958904971557018e-02 6.213797761971449982e-04 4.592971972463356966e-04
3.617342592031083548e+00 3.265167120998410111e-01 1.372705220189892328e-01 1.515252409313986096e-02 6.153266401628646907e-04 4.612083487043442146e-04
3.878082025754990170e+00 3.462395989523344708e-01 1.476794147932171120e-01 1.507890034554778755e-02 6.094467405823443974e-04 4.632226152539887652e-04
4.165516014032277781e+00 3.674910051043643877e-01 1.590305201705098093e-01 1.500861314922631237e-02 6.037416250943822673e-04 4.653298810659217211e-04
4.483383952195813649e+00 3.904308002812125755e-01 1.714284071432581602e-01 1.494156192254744199e-02 5.982127568545151340e-04 4.675198130450262772e-04
4.836104618108337583e+00 4.152415924286206872e-01 1.849925520149717506e-01 1.487765007359650830e-02 5.928615144252608266e-04 4.697818676072663111e-04
5.228929883766270770e+00 4.421329390206401033e-01 1.998600826997457836e-01 1.481678491856365000e-02 5.876891921731355493e-04 4.721053012489951576e-04
5.668140584053634079e+00 4.713465306514208475e-01 2.161891559982401789e-01 1.475887760476870571e-02 5.826970011424430955e-04 4.744791850352663332e-04
6.161298293410490956e+00 5.031626191405725868e-01 2.341631451577623757e-01 1.470384303818479850e-02 5.778860703727220841e-04 4.768924231001316180e-04
6.717572020700964153e+00 5.379080531196749337e-01 2.539958741293061872e-01 1.465159981531856219e-02 5.732574486243816525e-04 4.793337752132151536e-04
7.348166426210739566e+00 5.759664103137390745e-01 2.759382171671741490e-01 1.460207015930178008e-02 5.688121064746994200e-04 4.817918834234643957e-04
8.066889284515205816e+00 6.177908936215404934e-01 3.002864982893792556e-01 1.455517986004561948e-02 5.645509387450914612e-04 4.842553027430411441e-04
8.890912451476689071e+00 6.639209122304946531e-01 3.273932906487792560e-01 1.451085821830632762e-02 5.604747672192136572e-04 4.867125357826757514e-04
9.841805591068437664e+00 7.150036374889648938e-01 3.576814558844411129e-01 1.446903799351021910e-02 5.565843436108364487e-04 4.891520711946196120e-04
1.094696039829467082e+01 7.718223662981069655e-01 3.916626172359119473e-01 1.442965535518584384e-02 5.528803527401560461e-04 4.915624257220205370e-04
1.224158347251720613e+01 8.353343393394876415e-01 4.299617907709141207e-01 1.439264983785113264e-02 5.493634158772201176e-04 4.939321895944075429e-04
1.377153293459821093e+01 9.067219072472237906e-01 4.733507105335198473e-01 1.435796429920574435e-02 5.460340942116009063e-04 4.962500749496590556e-04
1.559743317905783755e+01 9.874628843834469816e-01 5.227936513196794754e-01 1.432554488148046583e-02 5.428928924081818626e-04 4.985049669041116639e-04
1.780077094956211425e+01 1.079429044356767342e+00 5.795115814257940645e-01 1.429534097579876657e-02 5.399402622098028450e-04 5.006859768358604178e-04
2.049314309038817683e+01 1.185026828071192417e+00 6.450738104789875971e-01 1.426730518940963130e-02 5.371766060489813937e-04 5.027824973930096041e-04
2.383066562788866349e+01 1.307402994036721111e+00 7.215319375180230255e-01 1.424139331565470873e-02 5.346022806321051347e-04 5.047842586901333172e-04
0.000000000000000000e+00 1.450753093825133178e+00 8.116207745977297439e-01 1.421756430653850316e-02 5.322176004613928240e-04 5.066813851136931423e-04
0.000000000000000000e+00 1.620798206741571601e+00 9.190688668333790723e-01 1.419578024777550830e-02 5.300228412614924360e-04 5.084644521220578126e-04
0.000000000000000000e+00 1.825547715039314900e+00 1.049095326524950078e+00 1.417600633619458921e-02 5.280182432797229713e-04 5.101245423992603091e-04
0.000000000000000000e+00 2.076570595522756246e+00 1.209237892444952944e+00 1.415821085938787603e-02 5.262040144308794028e-04 5.116533007046842859e-04
0.000000000000000000e+00 2.391220179224898601e+00 1.410802036444488872e+00 1.414236517749828045e-02 5.245803332596724305e-04 5.130429867544214571e-04
0.000000000000000000e+00 2.796765847081382095e+00 1.671552164837089904e+00 1.412844370704773728e-02 5.231473516961700817e-04 5.142865254748762603e-04
0.000000000000000000e+00 3.338656420075378328e+00 2.021094025278844963e+00 1.411642390671605761e-02 5.219051975817147948e-04 5.153775539854326369e-04
0.000000000000000000e+00 4.098699615909673355e+00 2.512716006992504525e+00 1.410628626498924322e-02 5.208539769452657283e-04 5.163104646951439860e-04
0.000000000000000000e+00 5.240510688425210617e+00 3.252992397860114071e+00 1.409801428960433083e-02 5.199937760122925719e-04 5.170804439379840869e-04
0.000000000000000000e+00 7.145858342524856077e+00 4.490593164588607245e+00 1.409159449872711585e-02 5.193246629307984082e-04 5.176835056220062967e-04
0.000000000000000000e+00 1.096004838853546381e+01 6.971523086947686743e+00 1.408701641380890462e-02 5.188466892013871489e-04 5.181165194288596225e-04
0.000000000000000000e+00 2.240960931151643010e+01 1.442579572497022156e+01 1.408427255407719743e-02 5.185598908006427022e-04 5.183772331706359981e-04
