0.000000000000000000e+00 9.060557165354026377e-05 2.607182217580314323e-04 1.414448336230124739e-02 5.191497635989618387e-04 5.191537084645878389e-04
0.000000000000000000e+00 1.801671266674868951e-03 2.533086951708153833e+01 1.414470830549400225e-02 5.193261065937476847e-04 5.192672325059550413e-04
0.000000000000000000e+00 1.937634114428467313e+01 1.240956290360874803e+01 1.414568365175979808e-02 5.209399145383805663e-04 5.204185205664828544e-04
0.000000000000000000e+00 1.272284407543220119e+01 8.125653374994042721e+00 1.414716668012295717e-02 5.311395426027985464e-04 5.270053061196697470e-04
0.000000000000000000e+00 9.420834063704464967e+00 5.988105075073513639e+00 1.414931561668080276e-02 7.363469380867307184e-04 9.737007720316391167e-04
0.000000000000000000e+00 7.449876458841010241e+00 4.698592807496840607e+00 1.415210153918838865e-02 6.020305870064265319e-01 1.924820480884449625e-01
0.000000000000000000e+00 6.134224522945292080e+00 3.837548782346279719e+00 1.415549111961886611e-02 3.900900653317743161e-01 2.557747940403929388e-01
0.000000000000000000e+00 5.191949473688839412e+00 3.225410821187961297e+00 1.415960381977222036e-02 2.968258129788750588e-01 3.005559208716084285e-01
0.000000000000000000e+00 4.483800312342697936e+00 2.766911659479361241e+00 1.416424557613025874e-02 2.212919359331117497e-01 2.842039542745706249e-01
0.000000000000000000e+00 3.934736451350550279e+00 2.411398433428259658e+00 1.416968449857372928e-02 1.824010017516146387e-01 2.717185106962400343e-01
0.000000000000000000e+00 3.495609212195330162e+00 2.127073328749276904e+00 1.417559152476404773e-02 1.459116051625720667e-01 2.678303686681755558e-01
0.000000000000000000e+00 3.137291424849942167e+00 1.894743903617778447e+00 1.418231960245259354e-02 1.301863513345821177e-01 2.717496345658281243e-01
0.000000000000000000e+00 2.838904914544144287e+00 1.702778909907702642e+00 1.418954508085475998e-02 1.075958254413502124e-01 2.486882042218893363e-01
0.000000000000000000e+00 2.586970172877697038e+00 1.539513877306148748e+00 1.419766122689799896e-02 9.243211033486010975e-02 2.297860683029805395e-01
0.000000000000000000e+00 2.371260593372057635e+00 1.401429431402205106e+00 1.420609757218544746e-02 7.890148383072656535e-02 2.268437719600588653e-01
0.000000000000000000e+00 2.184700433026551369e+00 1.280549953758859161e+00 1.421582387346872513e-02 7.332759224630862327e-02 2.277199424662945393e-01
0.000000000000000000e+00 2.021729763477785990e+00 1.176665863422675207e+00 1.422557169442164107e-02 6.108430016559716902e-02 2.087602118296643106e-01
0.000000000000000000e+00 1.878293613818115215e+00 1.084049720015915153e+00 1.423831921902681333e-02 5.875419004099883408e-02 2.052824297371366735e-01
0.000000000000000000e+00 1.751080012642408201e+00 1.003802573139424004e+00 1.424909906921437500e-02 5.078310462427990807e-02 1.992774782236762798e-01
0.000000000000000000e+00 1.637570911756912384e+00 9.301761532847455660e-01 1.427012702248198726e-02 4.127082625544798572e-02 1.729470460361234585e-01
1.049663217779926765e-05 1.535655798150097118e+00 8.663008923771445824e-01 1.427834069395919440e-02 4.014745133582791475e-02 1.745312439408928940e-01
1.135420641517686732e-04 1.443674974447012316e+00 8.068281167313062774e-01 1.431526955757767700e-02 3.997987998222558848e-02 1.853052394463219066e-01
2.489843319899082985e+01 1.360294229989293502e+00 7.549042791425232268e-01 1.431340995629247319e-02 3.288238801984041254e-02 1.536061932570997879e-01
2.274065065024780452e+01 1.284350872444215641e+00 7.055897882420407718e-01 1.436738099950570120e-02 2.969844233721998308e-02 1.489511055516412330e-01
2.084775926901453857e+01 1.214983201438904814e+00 6.630124585401435677e-01 1.435108397217513612e-02 3.009526037767608006e-02 1.639707852874670579e-01
1.917557766722835666e+01 1.151385425593568490e+00 6.218902998921465031e-01 1.441219400032912011e-02 2.647287732143844066e-02 1.397210211343523356e-01
1.769224265198820589e+01 1.093073814573352509e+00 5.864271384182572211e-01 1.438748646475110533e-02 2.314158243975740839e-02 1.307058760921168405e-01
1.637209566590188103e+01 1.039360694253663064e+00 5.513970573206504744e-01 1.444482192145028418e-02 2.371783518835444277e-02 1.411168035324812942e-01
1.518962126558032466e+01 9.897372193966875731e-01 5.215176238408690823e-01 1.442158496280707136e-02 2.090962119799626845e-02 1.202917692704252861e-01
1.412865332464254386e+01 9.433674521410035929e-01 4.912630264862449803e-01 1.447153791204383588e-02 1.895122004567091623e-02 1.153192862096659305e-01
1.317130824048607174e+01 9.001398948583089199e-01 4.660204517651959644e-01 1.445555723591460985e-02 1.831028964694598332e-02 1.124001723283711701e-01
1.230591556403223841e+01 8.596713224199251657e-01 4.398996290069777104e-01 1.449943626158621546e-02 1.584690206314046806e-02 1.028688491990098763e-01
1.151979075338008762e+01 8.220080161252822926e-01 4.180136588023591893e-01 1.449221750784146674e-02 1.566572049951207857e-02 1.055076307324548934e-01
1.080472332472492702e+01 7.866821340915950422e-01 3.949147360850641664e-01 1.453192538649704206e-02 1.412120356793318023e-02 9.175348986423383091e-02
1.015125121648221018e+01 7.536884411449851218e-01 3.759614716604014473e-01 1.453303483941636130e-02 1.362197330674745979e-02 9.200550493307967093e-02
9.553511357974125318e+00 7.226293796792168100e-01 3.559331312013547244e-01 1.457047065418867575e-02 1.414540129518520976e-02 9.046638165673631660e-02
9.004639201972931772e+00 6.935229869731334151e-01 3.391673498365724293e-01 1.457798569402995667e-02 1.167265986595896962e-02 7.507263833298653821e-02
8.500077852203251183e+00 6.660448670840608543e-01 3.215247671389286355e-01 1.461498761978752454e-02 1.146356285264920130e-02 8.210278658279493436e-02
8.034616648783842408e+00 6.401992240309744009e-01 3.066902526373449511e-01 1.462702915483843867e-02 1.108071806646603562e-02 6.932237107572263024e-02
7.604841728883863006e+00 6.157352271670195609e-01 2.910469041827295489e-01 1.466476242300217801e-02 9.990206968535336740e-03 6.634994018893694556e-02
7.206691323760170853e+00 5.926517891585111331e-01 2.779539185437226445e-01 1.468106861631215260e-02 1.056893819531913928e-02 6.726410851405789648e-02
6.837631787706304642e+00 5.707573603334100687e-01 2.640825979820097813e-01 1.472024938678413199e-02 9.179235281016473111e-03 5.441241667657893688e-02
6.494451845268495838e+00 5.500497950184466411e-01 2.523380772850137843e-01 1.474104576724191533e-02 8.741169347233459022e-03 5.869666663672557655e-02
6.175227812956782358e+00 5.303680741500004236e-01 2.400334869071230337e-01 1.478170595783292150e-02 8.404326063942556269e-03 5.064264591367460128e-02
5.877425614227501427e+00 5.117158328486581809e-01 2.294820897629421264e-01 1.480537478300280284e-02 8.053355727346582157e-03 4.906017704277233077e-02
5.599496905404025782e+00 4.939504799997084805e-01 2.183781800897783565e-01 1.484655900668739939e-02 7.884906289348032199e-03 4.535094601208820159e-02
5.339393402235442565e+00 4.770850380947171954e-01 2.089171792961375396e-01 1.487196638159035689e-02 6.895282587112098495e-03 4.269321564067202895e-02
5.095918468911460941e+00 4.609912082067838535e-01 1.989651226520620653e-01 1.491370423351873718e-02 6.918896879343380997e-03 4.301882138894818491e-02
4.867474106214197072e+00 4.456879764690042101e-01 1.905588108758199672e-01 1.494115537814079235e-02 6.453588548773768301e-03 3.586571989825760448e-02
4.653025386914012351e+00 4.310669337313124960e-01 1.815695840320130650e-01 1.498414367153408366e-02 6.388573991522826338e-03 3.797534689074320846e-02
4.451348857388567559e+00 4.171400696305975209e-01 1.739613220726207998e-01 1.501411400050661760e-02 5.952572377133858589e-03 3.144020873462292226e-02
4.261572825450373969e+00 4.038195045866999622e-01 1.659817411224595585e-01 1.505879343284651992e-02 5.539127264511337773e-03 3.339587793515129410e-02
4.082578163057381637e+00 3.911106657347363513e-01 1.591159744282769628e-01 1.509184391483003353e-02 5.818418955184353168e-03 2.911987014885960429e-02
3.913796367910504781e+00 3.789384533200192418e-01 1.519313510735058603e-01 1.513860030968069981e-02 4.932769972001473276e-03 2.667095919790229280e-02
3.754307418047919676e+00 3.673104203362927422e-01 1.457024470172758601e-01 1.517497506445400143e-02 4.926487934201502841e-03 2.964132868735046278e-02
3.603568093566674957e+00 3.561605766582842669e-01 1.392749129098213579e-01 1.522389530169351857e-02 4.725851433920332488e-03 2.285137334713335452e-02
3.460860278275683211e+00 3.454981023712317967e-01 1.335995825174919605e-01 1.526349309886779020e-02 4.649324948613254606e-03 2.541277839850243636e-02
3.325709089707143740e+00 3.352595228851510401e-01 1.278196555572144455e-01 1.531428654736219537e-02 4.563513097360200575e-03 2.064465989130394308e-02
3.197518750477452709e+00 3.254612820670905737e-01 1.225360367283243879e-01 1.535691080427909611e-02 4.084829618529282370e-03 2.119264759844752613e-02
3.075903022145217491e+00 3.160427253243331402e-01 1.173615974356960051e-01 1.540945161816391872e-02 4.270387186755117935e-03 1.927445320009914254e-02
2.960353505614052416e+00 3.070181260041922044e-01 1.126656130380665477e-01 1.545535712914566234e-02 3.886777895205541320e-03 1.779136242473410012e-02
2.850544823663276883e+00 2.983392621700705627e-01 1.077153552026151040e-01 1.550992011164888454e-02 3.809800549706155934e-03 1.857756930030180983e-02
2.746031101075093961e+00 2.900137857554965226e-01 1.037476535968754054e-01 1.555875659361509109e-02 3.720095499967930423e-03 1.549171305178548286e-02
2.646561336370492512e+00 2.819976801349626805e-01 9.906187536287917872e-02 1.561547803843555196e-02 3.659282870072993934e-03 1.663879844100056571e-02
2.551778544137492499e+00 2.743037696301091066e-01 9.534993101346961319e-02 1.566702575470425851e-02 3.487519577782051926e-03 1.432105196444256531e-02
2.461415245965571597e+00 2.668868243634103798e-01 9.118660334531286660e-02 1.572608831765782283e-02 3.333690098650326887e-03 1.456182459437391566e-02
2.375181528449393120e+00 2.597669035761602241e-01 8.785665700926065247e-02 1.578061582804350660e-02 3.424145194739274152e-03 1.215035407951678935e-02
2.292866696645660340e+00 2.528954350726223543e-01 8.399294023032745360e-02 1.584190227145355206e-02 3.133902837717470954e-03 1.285490557466540881e-02
2.214219580206304716e+00 2.462968853937429203e-01 8.083196627948367741e-02 1.589962435090099338e-02 3.121741100284815100e-03 1.177324008777600080e-02
2.139047170499479122e+00 2.399221988025731223e-01 7.743038824447752433e-02 1.596329723170816783e-02 2.965319626781096757e-03 1.085708722454756942e-02
2.067116504193656112e+00 2.337964890732757428e-01 7.468557150532049993e-02 1.602433540554488653e-02 2.987343754106125578e-03 1.075537471687842625e-02
1.998298078511002496e+00 2.278745728025699246e-01 7.152046029446987307e-02 1.609106109505520354e-02 2.781305058825640948e-03 9.518239473216984214e-03
1.932378809060297131e+00 2.221809911054551112e-01 6.901086065798490987e-02 1.615566304248468657e-02 2.643299157417900759e-03 1.011056065631483515e-02
1.869231702695491215e+00 2.166727454482834936e-01 6.595182179523149946e-02 1.622575404338606059e-02 2.667015774094600496e-03 7.762925453907570765e-03
1.808678756116033348e+00 2.113759531099129729e-01 6.372065129265599981e-02 1.629371297335031193e-02 2.411327709967872254e-03 8.919070063959370215e-03
1.750613516142323967e+00 2.062478603268043387e-01 6.092115046888355034e-02 1.636694506224911985e-02 2.437597526730027764e-03 7.272197037835458067e-03
1.694882056736569220e+00 2.013149288503205958e-01 5.880198044324154438e-02 1.643770968508550395e-02 2.296566403661427953e-03 7.404918378393733798e-03
1.641386491821093419e+00 1.965363475753315325e-01 5.645390939342336684e-02 1.651337366153032837e-02 2.326243869974675173e-03 7.110823584740595844e-03
1.589987005395459008e+00 1.919369697539557440e-01 5.439523670408159817e-02 1.658623438335531455e-02 2.202069362127118297e-03 6.398999661287019768e-03
1.540599907159090787e+00 1.874798299390336986e-01 5.223698300234283498e-02 1.666383470758320273e-02 2.162419137363528598e-03 6.940156655092200380e-03
1.493113439971068157e+00 1.831851448151385342e-01 5.031796870207044803e-02 1.673923304889758656e-02 2.252158672911206121e-03 5.357554803510100952e-03
1.447442640803160874e+00 1.790228295397171543e-01 4.830638478651440304e-02 1.682003518282192134e-02 2.105324973718820849e-03 6.380942091184319334e-03
1.403483641498790568e+00 1.750120421744373600e-01 4.659857761527311237e-02 1.690006464119359411e-02 2.097378119619683519e-03 4.903266589714389175e-03
1.361208408055939678e+00 1.711234797273463726e-01 4.487061968269980688e-02 1.698575829676790896e-02 1.997796432052835816e-03 5.188693252284258886e-03
1.320537612083813483e+00 1.673747409774967443e-01 4.315865339047613575e-02 1.707199773920797456e-02 1.986708771787808799e-03 4.971448792205430435e-03
1.281333786971221800e+00 1.637386302508231362e-01 4.177737266932193827e-02 1.716240057260157159e-02 1.870275674767764686e-03 4.561936917245406307e-03
1.243511377384342476e+00 1.602313636971402777e-01 4.008976261863405471e-02 1.725530739338376404e-02 1.790847076566840900e-03 4.818055372150624460e-03
1.207050505361865200e+00 1.568282960612352173e-01 3.879825561331766426e-02 1.734959966278867491e-02 1.836993536434457057e-03 3.879431323650559069e-03
1.171885594257563001e+00 1.535431815838194658e-01 3.719912437761544594e-02 1.744965266057594763e-02 1.761017887944666717e-03 4.740720294679683783e-03
1.137972839248881707e+00 1.503566299829028896e-01 3.602912863637606350e-02 1.754883763387674739e-02 1.779850875640329698e-03 3.648409627126487920e-03
1.105250583108021267e+00 1.472799474996865365e-01 3.458905019154277782e-02 1.765576300689963851e-02 1.713511721156916329e-03 3.661675835721365027e-03
1.073664859843439290e+00 1.442933438416507397e-01 3.365361368036826756e-02 1.776116819688947426e-02 1.722765388027134746e-03 3.376606441943134744e-03
1.043161012983872205e+00 1.414105274895844089e-01 3.218171637698457460e-02 1.787369527680469916e-02 1.649437388794483495e-03 3.139248598509568593e-03
1.013701786588274700e+00 1.386097017354684102e-01 3.140305482205644344e-02 1.798532638698576575e-02 1.544834465556811772e-03 3.210431581588556096e-03
9.852366506958147863e-01 1.359051569975814611e-01 3.001192701741691587e-02 1.810201792980890845e-02 1.538057870495293045e-03 2.693430507926415900e-03
9.577310273749364278e-01 1.332779919412208913e-01 2.916298536639653355e-02 1.821675560899837024e-02 1.504993831079012943e-03 3.097059815464220552e-03
9.311374019973055471e-01 1.307412778245163054e-01 2.801718269557873162e-02 1.833301540526207848e-02 1.506124083507549361e-03 2.611526977290223872e-03
9.054246033313340103e-01 1.282758397367892156e-01 2.708284595648586396e-02 1.844685318933993873e-02 1.454770271551467705e-03 2.554313398889209320e-03
8.805551091591440338e-01 1.258957200759601436e-01 2.591747104759591774e-02 1.856238117030346857e-02 1.462090389512832236e-03 2.362248740299206003e-03
8.564942369391176369e-01 1.235801024202339976e-01 2.508049065917054843e-02 1.867895103294579112e-02 1.435411271806898538e-03 2.248073082059539891e-03
8.332147609585727199e-01 1.213445741051087934e-01 2.418396773293793670e-02 1.879995394478653145e-02 1.373332420030809291e-03 2.308923835101878326e-03
8.106795487852417326e-01 1.191701137097540136e-01 2.330385916249732431e-02 1.892428355787571098e-02 1.349752613504906669e-03 1.990712648953518911e-03
7.888645694792137952e-01 1.170704239710192301e-01 2.268285148066438717e-02 1.905805988251865410e-02 1.334722989769176115e-03 2.144388434075461883e-03
7.677368760061773489e-01 1.150283635152677397e-01 2.178512074779230534e-02 1.919155520572318752e-02 1.359632085518979643e-03 1.957529523765580339e-03
7.472747895451180566e-01 1.130557091956093940e-01 2.117558873346451348e-02 1.932254803487508041e-02 1.341926826348771975e-03 1.912299052793258380e-03
7.274464191361318388e-01 1.111365669888829399e-01 2.004533603916224330e-02 1.969841730831134799e-02 1.331343357326017539e-03 1.789668962714586553e-03
7.082431681001553070e-01 1.092832327893343558e-01 1.960528336544261133e-02 1.971750951262137355e-02 1.306969661229781705e-03 1.650853042495098238e-03
6.896255892641656171e-01 1.074803700419671160e-01 1.975150766962975937e-02 1.884316293751391730e-02 1.274550840805433469e-03 1.744254258429998091e-03
6.715894986524706400e-01 1.057391514652859660e-01 1.990099968597825592e-02 1.835711064632054162e-02 1.272999210174079231e-03 1.612085554791904988e-03
6.540957936349406365e-01 1.040457501503629922e-01 2.005385567604500013e-02 1.762722919477703598e-02 1.264006951386921528e-03 1.666704972037952488e-03
6.371337058335619918e-01 1.024088701013456809e-01 2.020980663314343034e-02 1.708596888406756567e-02 1.280695517161444192e-03 1.522134011783427172e-03
6.206802611259596425e-01 1.008157271281609479e-01 2.036964107985379802e-02 1.642695975569969519e-02 1.281337040664647011e-03 1.449409407249584777e-03
6.047242531250436315e-01 9.927702464971462082e-02 2.053252455197098272e-02 1.594387379208639030e-02 1.252856211498384236e-03 1.454907458189945045e-03
5.892403763976273856e-01 9.777924280318436856e-02 2.069980311743955387e-02 1.540084814619388683e-02 1.224502933054259649e-03 1.364609202575179205e-03
5.742201903487171855e-01 9.633348539652134002e-02 2.087010590812890531e-02 1.486079626121216031e-02 1.208711214189301395e-03 1.415703595700810438e-03
5.596395721232669818e-01 9.492530043784278004e-02 2.104510554851125523e-02 1.440504266357684436e-02 1.220061467059471976e-03 1.327133338444246241e-03
5.454933794342072817e-01 9.356652648509046488e-02 2.122278933169096521e-02 1.388015387208220777e-02 1.239146528383388906e-03 1.323618334484539388e-03
5.317560239217250517e-01 9.224301243578544862e-02 2.140525238700636407e-02 1.343537779812567674e-02 1.246376101126753667e-03 1.286616088566994642e-03
5.184205653181813700e-01 9.096555116992371959e-02 2.159037213861780477e-02 1.296995918971416070e-02 1.209651527022467506e-03 1.191136132914152749e-03
5.054697570451949229e-01 8.971952959664208915e-02 2.178086371946522451e-02 1.259323941685419092e-02 1.180563495664871485e-03 1.241395000503262534e-03
4.928938520476700003e-01 8.851817274800470592e-02 2.197422607776225792e-02 1.217019382931090916e-02 1.192483382297946379e-03 1.174241597733114220e-03
4.806770712501128306e-01 8.734728600239943797e-02 2.217335569142410770e-02 1.175273408539542763e-02 1.209603428432836150e-03 1.232433747129773639e-03
4.688141969767152251e-01 8.622162122449258947e-02 2.237546240368306488e-02 1.146133268236897151e-02 1.230004519476334164e-03 1.159828607225799925e-03
4.572847400383405203e-01 8.512664079280628238e-02 2.258149131588598271e-02 1.107032887579058496e-02 1.206041949593700041e-03 1.092351385174920473e-03
4.460881692009291966e-01 8.407415424935245352e-02 2.279105145994009263e-02 1.079972178823887172e-02 1.168475184584013204e-03 1.159839014877442993e-03
4.352086444140603194e-01 8.304498376574635798e-02 2.300163846269448129e-02 1.040858773911334731e-02 1.174162603803988658e-03 1.060913641585321029e-03
4.246427657603724648e-01 8.205459874623999283e-02 2.322317520163835747e-02 1.017245954181414218e-02 1.185835743307867398e-03 1.143085497879181307e-03
4.143642029754222023e-01 8.108913193610009507e-02 2.344557717724173387e-02 9.862287389195152632e-03 1.217168752055324725e-03 1.079554485771870142e-03
4.043735745765132394e-01 8.016183944426158448e-02 2.368434124254750403e-02 9.622783081555379842e-03 1.201298909713333259e-03 1.053380638444842811e-03
3.946603385490404237e-01 7.926040878500217879e-02 2.392157024374919061e-02 9.349132167887193312e-03 1.157237747001860955e-03 1.096695904871762117e-03
3.852210925352873017e-01 7.835987973261056283e-02 2.417267995520244392e-02 9.108972679890485827e-03 1.165331262093069389e-03 9.881358385850466837e-04
3.760421900114284122e-01 7.746895029483863437e-02 2.441654708380687142e-02 8.988683054278193835e-03 1.184582703384551555e-03 1.098557366612604429e-03
3.671189573002813789e-01 7.660647381605224793e-02 2.467351903019364065e-02 8.700490658633540028e-03 1.221500905929037229e-03 1.016793228009852312e-03
3.584409700951164957e-01 7.578675318919034232e-02 2.492188367524840464e-02 8.447737677556799163e-03 1.195907599814885220e-03 1.013623183711003829e-03
3.500062476775416820e-01 7.498511357677156708e-02 2.518620511812240392e-02 8.112812629852176119e-03 1.154681321082793883e-03 1.046739057628610307e-03
3.417999956005144391e-01 7.421997804738091065e-02 2.544423935616072982e-02 7.888226793979812371e-03 1.162890707781786929e-03 9.560092544065132859e-04
3.338231210304232754e-01 7.348636798941350634e-02 2.571782264450822239e-02 7.528135520991862534e-03 1.182091928066180677e-03 1.029606654804423324e-03
3.260612880825521920e-01 7.278081974954990485e-02 2.598592173069780992e-02 7.230737829788808080e-03 1.213794732716398650e-03 9.313956705883001761e-04
3.185160468765872444e-01 7.206367258616273863e-02 2.626724100853058616e-02 6.997693817605006410e-03 1.176274999927551723e-03 9.667573253548198547e-04
3.111739257563067573e-01 7.136942204122129207e-02 2.654321906442843465e-02 6.739863001532959974e-03 1.152308566643852174e-03 1.001510653484046550e-03
3.040353754701754507e-01 7.068228203248630437e-02 2.683102480558175254e-02 6.606964376647274026e-03 1.170493606529580998e-03 9.514833264963567898e-04
2.970891893254031801e-01 7.003731798704643241e-02 2.711537749235202327e-02 6.342109759916025359e-03 1.199229117673640804e-03 1.005865184825916608e-03
2.903332210610677366e-01 6.939726694249635786e-02 2.741166905674087551e-02 6.200055887573961699e-03 1.203769207497948227e-03 9.277753730313575802e-04
2.837599325934124228e-01 6.879527167324446524e-02 2.770745753805944900e-02 5.991637148614877527e-03 1.156889237898056644e-03 9.611358835452369796e-04
2.773685884966581305e-01 6.819771468840492290e-02 2.801547014551616921e-02 5.834066119618599479e-03 1.153861769102299591e-03 9.692884185335424660e-04
2.711486399786346979e-01 6.763521916871351181e-02 2.832572225094254562e-02 5.711030794596415328e-03 1.185426886067477694e-03 9.637703110977241571e-04
2.651005326092528702e-01 6.707745629259423414e-02 2.864791730113517773e-02 5.496418816048305629e-03 1.213378988844521006e-03 9.993538844029876099e-04
2.592146250746746872e-01 6.655185349259383487e-02 2.897402788602806978e-02 5.361476792331678135e-03 1.175959293816504188e-03 9.602616514250113863e-04
2.534918438179251665e-01 6.603101301685164459e-02 2.931127429607311916e-02 5.205796185891248089e-03 1.156501595977432002e-03 9.722370991132731803e-04
2.479227801721743119e-01 6.553980935965585120e-02 2.965304842193074858e-02 5.075421117129796413e-03 1.170450495843461305e-03 9.734053830430652518e-04
2.425083084906349828e-01 6.505337316391877900e-02 3.000495705215831116e-02 4.949259567592593709e-03 1.209369512865229737e-03 9.750128040406225291e-04
2.372399273221292570e-01 6.459428880385126304e-02 3.036120410407907103e-02 4.783659167528197913e-03 1.191330415049787934e-03 9.643333161439908126e-04
2.321160397472516457e-01 6.414060469700194611e-02 3.072669464526061114e-02 4.692763553690087672e-03 1.158483932999509981e-03 9.736680302509571373e-04
2.271320561646903435e-01 6.371243045506817804e-02 3.109640592910945661e-02 4.538658829693873603e-03 1.169858957728686253e-03 9.998907153262234088e-04
2.222865226692068430e-01 6.328981638681925592e-02 3.147525160198898914e-02 4.451647335985954752e-03 1.197478723986806787e-03 1.017447190956992506e-03
2.175728803913353770e-01 6.289061261178453821e-02 3.185852614237039832e-02 4.313748046601007836e-03 1.195666831658152461e-03 1.011496875977870285e-03
2.129916673864660215e-01 6.249740638925820740e-02 3.225092390013491878e-02 4.198274893809167407e-03 1.163472026880299015e-03 9.911061284902510527e-04
2.085356708391578329e-01 6.212604957952515966e-02 3.264780159582558738e-02 4.137057112160278001e-03 1.170707625248095267e-03 1.023580115244219178e-03
2.042053833188113843e-01 6.176067796123860948e-02 3.305370794130657597e-02 3.962893195008559966e-03 1.208042607422034646e-03 1.020894135592667574e-03
1.999939309380283081e-01 6.141551473725942456e-02 3.346408665968060581e-02 3.908618438605012541e-03 1.205036558142533317e-03 1.025368391281994678e-03
1.959017602485684240e-01 6.107612176773122986e-02 3.388287781395490222e-02 3.803385788986537400e-03 1.159896805139641910e-03 1.035935675496987320e-03
1.919214171481796460e-01 6.075550953706056884e-02 3.430622791970904667e-02 3.722515183601432694e-03 1.170081270017144827e-03 1.039040612861091058e-03
1.880547057188775850e-01 6.044096652801427688e-02 3.473798963284381591e-02 3.631120600274091986e-03 1.200154589072864424e-03 1.089382360580872736e-03
1.842957586470356790e-01 6.014392082861171052e-02 3.517445648529312491e-02 3.528480410178239969e-03 1.204654053193416566e-03 1.065272309516773243e-03
1.806514666405338587e-01 5.985309904428919719e-02 3.561844911646775552e-02 3.465095102047640371e-03 1.161721580488974705e-03 1.076820710228953808e-03
1.771106445761050641e-01 5.957853493112470755e-02 3.606685855999318402e-02 3.361975615092877793e-03 1.167154448934607045e-03 1.094547313273860163e-03
1.736808554739215082e-01 5.931023570566231612e-02 3.652214377783961213e-02 3.294781843460267874e-03 1.209359425587560547e-03 1.103205882174746128e-03
1.703511956995786281e-01 5.905705591066506138e-02 3.698170510559131707e-02 3.229508074332266762e-03 1.211278163805841381e-03 1.130823155516130990e-03
1.671344282189341779e-01 5.881009882794345500e-02 3.744741025086441993e-02 3.148648238101748372e-03 1.166970114813986907e-03 1.097323238574977574e-03
1.640282595502036422e-01 5.857719891644228016e-02 3.791685810529409062e-02 3.091872082027437643e-03 1.176300872400557959e-03 1.125559400322429654e-03
1.610533766481960505e-01 5.835049239755695644e-02 3.839135221879307058e-02 2.994954194166235800e-03 1.208881159436755223e-03 1.151665071151953103e-03
1.581885724288398243e-01 5.813686072901516622e-02 3.886866222758991046e-02 2.928675397454035770e-03 1.203720659540349121e-03 1.156117364106997933e-03
1.553996371700514245e-01 5.792961615169670703e-02 3.934969762128572718e-02 2.896737906678094939e-03 1.165075233450905967e-03 1.161443508228897619e-03
1.526694555226310868e-01 5.773445041934480854e-02 3.983303209057121458e-02 2.800228405531764511e-03 1.170541679474079635e-03 1.173773122480750285e-03
1.499860056553882770e-01 5.754552431351606795e-02 4.031855421448171661e-02 2.757911580565256503e-03 1.208452284128970836e-03 1.213679356737497458e-03
1.473954719391784018e-01 5.736782608268692352e-02 4.080571108486340248e-02 2.698839055969082853e-03 1.200427056779068214e-03 1.215848732132257873e-03
1.448918783027122736e-01 5.719635798447874481e-02 4.129305919695760996e-02 2.635175060253994086e-03 1.166730887683093635e-03 1.214308214005404207e-03
1.424973659276221327e-01 5.703539620644514779e-02 4.178096262133235150e-02 2.580944867421173464e-03 1.179771798855686494e-03 1.231163643928107412e-03
1.401936526544763917e-01 5.688061250068415786e-02 4.226658275347655591e-02 2.513386695469681242e-03 1.212657745709169559e-03 1.272751234349450353e-03
1.379911357481602430e-01 5.673563818290336402e-02 4.275095679671898213e-02 2.470795455732683384e-03 1.197024915217652840e-03 1.259487297110814140e-03
1.358775172139033982e-01 5.659679952090256039e-02 4.323009913645720070e-02 2.414049299969281328e-03 1.173336976000676412e-03 1.284134956818214646e-03
1.338610409339214546e-01 5.646711489842338311e-02 4.370507664059986030e-02 2.362958724137247633e-03 1.182624957439215325e-03 1.320195164307272784e-03
1.319342491846821064e-01 5.634351809116992099e-02 4.417178282568816339e-02 2.333647587252784920e-03 1.319549188292610609e-03 1.208272207122007948e-03
1.301033569503009246e-01 5.622877530812912111e-02 4.463032465356628342e-02 2.265525556760225167e-03 1.362844139550246133e-03 1.190338245834974542e-03
1.283637269704943629e-01 5.611997852194659103e-02 4.507778411704869981e-02 2.234997683030375167e-03 1.347820729964620007e-03 1.175349412416882341e-03
1.267203328882472724e-01 5.601951968789831149e-02 4.551282533009849002e-02 2.180176475408017889e-03 1.371231097904159271e-03 1.190147732446043176e-03
1.251709334852369182e-01 5.592493020174711671e-02 4.593425347513267060e-02 2.122685920688115180e-03 1.433381642145725981e-03 1.207922440745777060e-03
1.237192686416049847e-01 5.583833880219157830e-02 4.633933956738868487e-02 2.100682509984288723e-03 1.397054030936123892e-03 1.188820419699369163e-03
1.223645414720352098e-01 5.575747434637297328e-02 4.672762690329921448e-02 2.034242760725950023e-03 1.440269819941979211e-03 1.182926781533042652e-03
1.211100203077716958e-01 5.568425437832857927e-02 4.709592582225426843e-02 1.998279780898165516e-03 1.474580351555271297e-03 1.194273032153093592e-03
1.199559013975526056e-01 5.561709016707711700e-02 4.744240053359106979e-02 1.970439432795817458e-03 1.472678862236629152e-03 1.203764349863382368e-03
1.189046955964379593e-01 5.555712239013863019e-02 4.776387730657169484e-02 1.922501836245978568e-03 1.503283352148639031e-03 1.187933433654127973e-03
1.179580307256921645e-01 5.550321368298177099e-02 4.806121814467865377e-02 1.882246167908218325e-03 1.545478195173305988e-03 1.183711112159995535e-03
1.171172033747151647e-01 5.545618163150289187e-02 4.832815539171812086e-02 1.850132048214800200e-03 1.530974014816509398e-03 1.189907136700843384e-03
1.163849988006344371e-01 5.541521362714541682e-02 4.856701314018958132e-02 1.806864874825255896e-03 1.610609778630515358e-03 1.195823207310093292e-03
1.157615677022043460e-01 5.538084722351872824e-02 4.877093826438600593e-02 1.774027884811652835e-03 1.620605405693978200e-03 1.187038783311408861e-03
1.152500937918779916e-01 5.535259170536694501e-02 4.894190007629423828e-02 1.735342138595946529e-03 1.616715874917522885e-03 1.186294869555214139e-03
1.148497776898964318e-01 5.533070013885241223e-02 4.907521925258520601e-02 1.703954706782432422e-03 1.711605950047049435e-03 1.193674986677419059e-03
1.145642471965198778e-01 5.531496660215550615e-02 4.917281975391724763e-02 1.682482876505973605e-03 1.684507075127569548e-03 1.200133563297113093e-03
1.143916038356168896e-01 5.530542712214300827e-02 4.923084981418510142e-02 1.661576116009944818e-03 1.692579222353103423e-03 1.193891864957837652e-03
1.143345514047074268e-01 5.530228860066183083e-02 4.925084808860651781e-02 1.653196273520967166e-03 1.552567798352776389e-03 1.129712061726991521e-03
1.143345514047074268e-01 5.530228860066183083e-02 4.925084808860651781e-02 1.653196273520967166e-03 1.552567798352776389e-03 1.129712061726991521e-03
1.143385940323464467e-01 5.524539773539192261e-02 4.925371152832988542e-02 1.656972785535937992e-03 1.757735710579516738e-03 1.191609609408896117e-03
1.143542169853002805e-01 5.507521726729792955e-02 4.926605038262873298e-02 1.658362599427837909e-03 1.743492089028731134e-03 1.194264984670577717e-03
1.143776366615855689e-01 5.479026794435611081e-02 4.928549877076960489e-02 1.661765889441197070e-03 1.712732821607672318e-03 1.199512778282392543e-03
1.144123917787521760e-01 5.439575205303309735e-02 4.931439285523876032e-02 1.664240821141346315e-03 1.715070877994476781e-03 1.203774942635285053e-03
1.144542376047146259e-01 5.389619380682075106e-02 4.935158639549393211e-02 1.668731234401549940e-03 1.710017562949415039e-03 1.210680775670754192e-03
1.145065119280175570e-01 5.329682286672280528e-02 4.939579222561272381e-02 1.674942038018591107e-03 1.702892623318313751e-03 1.216506831091396235e-03
1.145649679769620150e-01 5.260160524953895467e-02 4.944519273540764343e-02 1.680832826587583479e-03 1.727987559717611725e-03 1.225237211470437846e-03
1.146328319060043316e-01 5.181698733914240351e-02 4.950223554932764447e-02 1.688093381830779120e-03 1.734441738153331188e-03 1.236944425494675755e-03
1.147057515897577373e-01 5.094772609529998886e-02 4.956740907607658925e-02 1.697746013172652616e-03 1.745342726624497104e-03 1.257307829380415951e-03
1.147872478115480599e-01 5.000209876983385121e-02 4.964079939984558654e-02 1.706246448333648006e-03 1.789300386372867039e-03 1.286912510995475616e-03
1.148734360864851894e-01 4.972393318937117640e-02 4.898512979713903065e-02 1.715926322073642925e-03 1.804744606635610288e-03 1.329727272667800613e-03
1.149667138042615167e-01 4.981476895096496188e-02 4.791303182679403777e-02 1.728274187242825541e-03 1.815296016648696841e-03 1.380404862171116841e-03
1.150588838643398781e-01 4.991481585499745605e-02 4.679061344677183654e-02 1.740210355758975511e-03 1.862881465163012317e-03 1.453689638106443315e-03
1.151495194153300400e-01 5.002350824028523046e-02 4.562522595386914875e-02 1.753095862505801893e-03 1.900893356127361829e-03 1.594696742966066104e-03
1.152368018030909824e-01 5.014172972986077892e-02 4.442285560223704216e-02 1.769000783022231862e-03 1.958777979205316745e-03 1.834559960025113371e-03
1.153258384327960212e-01 5.026825783860249669e-02 4.319209404747288705e-02 1.785782649978077084e-03 2.017134807689079535e-03 1.925388153177553423e-03
1.154116751702244509e-01 5.040570260394507812e-02 4.193960924101421128e-02 1.801724742196433859e-03 2.079088467125986533e-03 2.063537495277661601e-03
1.154893482441903957e-01 5.055181445669990753e-02 4.067311017296108139e-02 1.820723965285112479e-03 2.153536167713761881e-03 2.265982712163024018e-03
1.155476606609025375e-01 5.071013582744830772e-02 3.939860540270975764e-02 1.841036360190401698e-03 2.235605433295109312e-03 2.486144463771368558e-03
1.155871097320150115e-01 5.087835398689854322e-02 3.812418395490294737e-02 1.860521440571231587e-03 2.275223319182060385e-03 2.702682673352141494e-03
1.156085259414296323e-01 5.105958507135128360e-02 3.685394130589641354e-02 1.883838568903790922e-03 2.322848251297965263e-03 2.905498572782778521e-03
1.156211633825004054e-01 5.125143063799822429e-02 3.559606010057643488e-02 1.910853788878447493e-03 2.443231711219199121e-03 3.152201657337515023e-03
1.156235539197511125e-01 5.145697106581232499e-02 3.435475176372317085e-02 1.933224971502376039e-03 2.562454321621816019e-03 3.474979423107370322e-03
1.156168153198671306e-01 5.167196155048786599e-02 3.313495473874282504e-02 1.958988833871661440e-03 2.644582169563450876e-03 3.966172290143242345e-03
1.155926245792698870e-01 5.190188866049150196e-02 3.194075665207643522e-02 1.991172052603740195e-03 2.766206860945876009e-03 4.498776442834579239e-03
1.155498942537544205e-01 5.214163527713576440e-02 3.077680148769758664e-02 2.021199961788771454e-03 2.912252934750313767e-03 5.166893267040627985e-03
1.154823962964131867e-01 5.239803222427866225e-02 2.965236880280930701e-02 2.051947658276439147e-03 3.091547847308943105e-03 5.895519032102756324e-03
1.153911923217068314e-01 5.266504439545455218e-02 2.856707249777718297e-02 2.091142261793220609e-03 3.286747277011206093e-03 6.985752822817984341e-03
1.152704872228368510e-01 5.294991549141559589e-02 2.753866782830995119e-02 2.126590725410524001e-03 3.459644869205838382e-03 8.576883245091858690e-03
1.151213367116917519e-01 5.324594813605847826e-02 2.658464841568202938e-02 2.163894588924154642e-03 3.608964264878084405e-03 1.012231781133511761e-02
1.149386833002346148e-01 5.356141959624707849e-02 2.572957539856927933e-02 2.206163685536717371e-03 3.996857680445564838e-03 1.212030754481234832e-02
1.147233243675039732e-01 5.388913165782933945e-02 2.476137233127498338e-02 2.254818139008916804e-03 4.306807897182586206e-03 1.493112863195743441e-02
1.144714941855279888e-01 5.423761639921319266e-02 2.377840106249767133e-02 2.296227046586438343e-03 4.420880073820239280e-03 1.660905072125647836e-02
1.141819870462556924e-01 5.459926859688216810e-02 2.301686243165986662e-02 2.343584009077793757e-03 4.682950593533721263e-03 1.852985430041134349e-02
1.138540174131815880e-01 5.498248546530985076e-02 2.206073173794216580e-02 2.404619490081334656e-03 5.038715040932053787e-03 2.200200596203488040e-02
1.134833527430938321e-01 5.538041455652374656e-02 2.106448157054482614e-02 2.456460886580619837e-03 5.435833953747117898e-03 2.699265879887613115e-02
1.130743129135490244e-01 5.580131027929262355e-02 2.014866697050665678e-02 2.510086106874142697e-03 5.693866775450826499e-03 2.896435531258693616e-02
1.126154452836328063e-01 5.623893782410260139e-02 1.928952551196107604e-02 2.571308784803989604e-03 6.014947620285047807e-03 3.354608067075218886e-02
1.121221725933083807e-01 5.669991582992659623e-02 1.847962563840604630e-02 2.649756302310154413e-03 6.352919399191921113e-03 3.803494630293256101e-02
1.115691161901655598e-01 5.717997439256447545e-02 1.771672533996827142e-02 2.712283880941356983e-03 6.916001034337327866e-03 4.238369340056356849e-02
1.109906060813068279e-01 5.768412831000899882e-02 1.699298454927960708e-02 2.768303297076101302e-03 7.330275013187323441e-03 4.717841809488212967e-02
1.103375377950502889e-01 5.820973259596545074e-02 1.631090101222434224e-02 2.851766829759321085e-03 7.488572953090994778e-03 5.213476463484222750e-02
1.096727142892657408e-01 5.875953938246967351e-02 1.566457095998642288e-02 2.967526827632380876e-03 7.881639720622486342e-03 5.711338545480406509e-02
1.089147297053051910e-01 5.933255913461189107e-02 1.505570569429580570e-02 3.037173122481815705e-03 8.983625106196877971e-03 6.302135343791671895e-02
1.081612205180539771e-01 5.993053938774451500e-02 1.447916128963793771e-02 3.091477819397404556e-03 9.430453046158355015e-03 6.865896786211610203e-02
1.072969828325412711e-01 6.055664793452946587e-02 1.394582247350662288e-02 3.187028432963708458e-03 9.396549198678881207e-03 7.319433087485904821e-02
1.064481698353320210e-01 6.121116945489943340e-02 1.340452718616278772e-02 3.338115670976835730e-03 9.757695675741492533e-03 7.833504546103611799e-02
1.054833659653251765e-01 6.189552794161960747e-02 1.290328257077302115e-02 3.495106329467983705e-03 1.059661013745994036e-02 8.398145547476669470e-02
1.045339398117238611e-01 6.260779958496841269e-02 1.244617061777891776e-02 3.620667045634514553e-03 1.204189908376918257e-02 8.945703471872905321e-02
1.034794453324397179e-01 6.334922755492237989e-02 1.202292230092156730e-02 3.691939460043222685e-03 1.316245654275151854e-02 9.081995974560021223e-02
1.024316201435754997e-01 6.412177517870247534e-02 1.163167880739820852e-02 3.779121286521807451e-03 1.341484803616110888e-02 9.424702238805139631e-02
1.012979549082719671e-01 6.492766836303213995e-02 1.126475379043103027e-02 3.958432307987079860e-03 1.340674493716966127e-02 1.002907442931239984e-01
1.001600148992157074e-01 6.576772030520339207e-02 1.092345075497297598e-02 4.200990945899425559e-03 1.376371752228558280e-02 9.839635849461061956e-02
9.895387792719732845e-02 6.664335906884552574e-02 1.061092452872226290e-02 4.398587612782884140e-03 1.420784198961278118e-02 9.694090113420651689e-02
9.773515754202369288e-02 6.755585702873602438e-02 1.032122136971698641e-02 4.631762272502816524e-03 1.512751041931547497e-02 1.021690222418123739e-01
9.646195856762024290e-02 6.850651946174014795e-02 1.005401811278293020e-02 4.904550697174094205e-03 1.637227994370379219e-02 1.026698206449938727e-01
9.517236801201726937e-02 6.949661261713346860e-02 9.800703007339322745e-03 5.321174391554094399e-03 1.721584468861066947e-02 9.751759499729600877e-02
9.383894640703664691e-02 7.052796173111251787e-02 9.575442180681285886e-03 6.064406365539364019e-03 1.886222826841946545e-02 9.421189343648232739e-02
9.248845787482046221e-02 7.160152969132468903e-02 9.388091869863281549e-03 7.665844431482807600e-03 2.049934901681672514e-02 9.152381757477680291e-02
9.110356046603680646e-02 7.271925491220698756e-02 9.239737515015958302e-03 8.718710157751018153e-03 1.720321493512431271e-02 8.853018675788995595e-02
8.970273346519180846e-02 7.388266353389690011e-02 9.059793117627633341e-03 8.172359742196601620e-03 1.744126117503345258e-02 7.383369630432791431e-02
8.827583055663990041e-02 7.509419041293986796e-02 8.957676342674188857e-03 1.407459884111664401e-02 1.870131378826868362e-02 5.690844924610111155e-02
8.683539410644294798e-02 7.635500999766323127e-02 8.828914406013818258e-03 1.759377268809446046e-02 2.190970896357568448e-02 6.137579849306724206e-02
8.537611776247983064e-02 7.766723142496799459e-02 8.752162985349963911e-03 2.526236850979942175e-02 1.591853425462139149e-02 2.715128922586325377e-02
8.390654055749123541e-02 7.903324682942962365e-02 8.694945772656550650e-03 2.934180873643336615e-02 1.188707396559634914e-02 5.515636289222695249e-03
8.242562958855215172e-02 8.045447143345199614e-02 8.636856602113085132e-03 1.640808904140952582e-02 1.197650536320364438e-02 3.722720852932448303e-03
8.193411046939406972e-02 8.093832098319161950e-02 8.634110537642897612e-03 1.797790389975430572e-02 1.477870374909811754e-02 3.544682034253962468e-03
8.347327765093208451e-02 7.944453258835815213e-02 8.660632243195690722e-03 2.421920235644610397e-02 1.529602862433934209e-02 4.271379115103337079e-03
8.507606935541892068e-02 7.794920274350049250e-02 8.759023387099922758e-03 4.001147416955819908e-02 4.059406044949397108e-02 8.591694833970901432e-03
8.674172646195350833e-02 7.645346099675330576e-02 8.816397683237655811e-03 3.260744652519582260e-02 2.646333126001404815e-02 6.548417786306609534e-02
8.847949647049445365e-02 7.495998232604766942e-02 8.910499585610296910e-03 2.263437873333125697e-02 1.240965426195817477e-02 7.558641085734936482e-02
9.028086863384109095e-02 7.347118405588752565e-02 8.988627994878517144e-03 1.869049084978356007e-02 8.746764877193020232e-03 7.429927201133830483e-02
9.216562184679043257e-02 7.198785376778171763e-02 9.105184676268215579e-03 1.517721888733095624e-02 7.407084539602419582e-03 9.081958133785340836e-02
9.411323302568595783e-02 7.051427035807311672e-02 9.210987927251262225e-03 1.899743159686454255e-02 5.448094757267636298e-03 7.953636612284765983e-02
9.616118935922780830e-02 6.904969309606991124e-02 9.368201874834398979e-03 2.013220823390088343e-02 5.027947267696191228e-03 8.519229419374922674e-02
9.826419179639186985e-02 6.759939343041793114e-02 9.509072127358433185e-03 1.611651595366286188e-02 4.070010648899369775e-03 9.420433563387610454e-02
1.004920951983861166e-01 6.616172641884568439e-02 9.669645839370874171e-03 1.279725141732454725e-02 3.857056335301731892e-03 1.047719574909341533e-01
1.027571704111217704e-01 6.473970136356484162e-02 9.840200124470357967e-03 1.159708781061406617e-02 3.395285158240472865e-03 1.121760812252675932e-01
1.051829063185083929e-01 6.333402723025513548e-02 1.003849840191282580e-02 1.133707491310028369e-02 2.962884984858571262e-03 1.185695486597358322e-01
1.076305955260416086e-01 6.194674738885704024e-02 1.024400234221221027e-02 1.122282626284955634e-02 2.854152744995069966e-03 1.210032106493603710e-01
1.102729426035927718e-01 6.057951779692560823e-02 1.047410114575223795e-02 1.130313668618040078e-02 2.616012108580154441e-03 1.222731506127288231e-01
1.128859922576257446e-01 5.923418036309952700e-02 1.068796698148904642e-02 1.114544640736109087e-02 2.431258979890023233e-03 1.237793737705241148e-01
1.156887948935426541e-01 5.791068978532603467e-02 1.095736628832574139e-02 1.097475175492877708e-02 2.292957403371750913e-03 1.239182955766574001e-01
1.185518913521310530e-01 5.661182169161021321e-02 1.120700257151899248e-02 1.083816848519983389e-02 2.173603709052835189e-03 1.171362199941625021e-01
1.215697592139528965e-01 5.533876031088071773e-02 1.148792739104997560e-02 1.054147081889491092e-02 2.065991186582068467e-03 1.097363101015284143e-01
1.247150310941536472e-01 5.409263473904098868e-02 1.176212468634407933e-02 1.034363191466105766e-02 2.002116497261773823e-03 1.013099466552431632e-01
1.279884889775267653e-01 5.286897207273757310e-02 1.208318463804523499e-02 1.009790823730004859e-02 1.896968111047120896e-03 8.818178307098870072e-02
1.313989787633465800e-01 5.167684832482234009e-02 1.239544802144207196e-02 9.791119745790687057e-03 1.828572174367866163e-03 7.564020700686803489e-02
1.349478207434880728e-01 5.047649621521729801e-02 1.272718071763851919e-02 9.605095775464613655e-03 1.732605666795668502e-03 6.563189977503473826e-02
1.386439738348418660e-01 4.930935418826497274e-02 1.309225392575941865e-02 9.408499241970433996e-03 1.679731136842192588e-03 5.759612841676674949e-02
1.424900798981971195e-01 4.817154939036245170e-02 1.346525547073636371e-02 9.194277436794143221e-03 1.616677388075384286e-03 5.225084677707834968e-02
1.464971266314172849e-01 4.707129333109458247e-02 1.384261111690215408e-02 9.034369881781649861e-03 1.572711334831099986e-03 4.921659823613077495e-02
1.506677882375387634e-01 4.599730964497288077e-02 1.425465783505594150e-02 8.843072734427746481e-03 4.826691560648210810e-02 1.497176849974991668e-03
1.550137278322920587e-01 4.495618344037369263e-02 1.468053631540263901e-02 8.686766777422033278e-03 4.750151189252339173e-02 1.449340679408442399e-03
1.595380593429975014e-01 4.393887775216782920e-02 1.511915003458338957e-02 8.502999641579115156e-03 4.858622342402650618e-02 1.389250655411569278e-03
1.642526963719117550e-01 4.295359428604413055e-02 1.556872438562211837e-02 8.312349149793708813e-03 5.118451182630644192e-02 1.350026049807822193e-03
1.691631567443635797e-01 4.199018647885494060e-02 1.603579029479934234e-02 8.125475798036910918e-03 5.232445720236687803e-02 1.320972047251621354e-03
1.742801615273840143e-01 4.105700882223298903e-02 1.653460342513488057e-02 7.924430461853154348e-03 5.676119518680424608e-02 1.287291275393730259e-03
1.796122616099251335e-01 4.014376543275229720e-02 1.705175215562029431e-02 7.805817143222238373e-03 5.277654186404961978e-02 1.251038427227221589e-03
1.851680349704036554e-01 3.925848043361883366e-02 1.759917664798770279e-02 7.700116223649610021e-03 4.397946012054783360e-02 1.215442063272691078e-03
1.909616677127220219e-01 3.839362009569202705e-02 1.816447221120736505e-02 7.647721424677275670e-03 2.899609636822102904e-02 1.183011566815868202e-03
1.969980080011840551e-01 3.755270933514924525e-02 1.876238004023929665e-02 7.663239873833748057e-03 1.688185791564768279e-02 1.149736571984230973e-03
2.032968888232057347e-01 3.673380034435332758e-02 1.937923040642760414e-02 7.701362601933732684e-03 8.629508783435300284e-03 1.117777871735342685e-03
2.098532530972026244e-01 3.593397523051596043e-02 2.003133069519684450e-02 7.807123518314194530e-03 7.017633203156900708e-03 1.086868045342119114e-03
2.166876735465698700e-01 3.515909869073338689e-02 2.070431027604764315e-02 7.899092580820919057e-03 9.361882089836414539e-03 1.057377768458263138e-03
2.238086004849123567e-01 3.439663309820041592e-02 2.141609243374423266e-02 8.076157422773870206e-03 1.413132061896613112e-02 1.028251101615608714e-03
2.312530266982465443e-01 3.366841292206767394e-02 2.215419154136262156e-02 8.220246062505256676e-03 2.049741163719186188e-02 1.001202431609099887e-03
2.390402192090402000e-01 3.294635661765833723e-02 2.292539351123404692e-02 8.441321071773930443e-03 2.734011944668178831e-02 9.757478362397003233e-04
2.471274193396487129e-01 3.227465232673292633e-02 2.372834803264986525e-02 8.631768658235637603e-03 2.782939915790056187e-02 9.508955936480977976e-04
2.555665771532755204e-01 3.158979608639324310e-02 2.459451343375619950e-02 8.908891477461489128e-03 1.983094051365514796e-02 9.265467032893447185e-04
2.643622245325845665e-01 3.096433251887206403e-02 2.550459322477068025e-02 9.150869867852287273e-03 9.478204491332924489e-03 9.032071789281148925e-04
2.735516485622808691e-01 3.031566628781033265e-02 2.645219451369848138e-02 9.404579107409462985e-03 5.661099734636763046e-03 8.811821011353285129e-04
2.831405834326711224e-01 2.970820341625855787e-02 2.745728674131374739e-02 9.617018791532622179e-03 6.987887009548293497e-03 8.620428039422834430e-04
2.931641135161104916e-01 2.911216915612161588e-02 2.855402348400686366e-02 9.836949341881992548e-03 1.224742627070739623e-02 8.487920247066227213e-04
3.036291889768289454e-01 2.965736300061823025e-02 2.853623795722484702e-02 1.001016521268774905e-02 1.992377528649993609e-02 8.372550377778686893e-04
3.145735505085258676e-01 3.074836199932048236e-02 2.799002169689209299e-02 1.025596016902695362e-02 2.211796440062205327e-02 8.193899132403615997e-04
3.260051451297469871e-01 3.183910156900624649e-02 2.746439300616960316e-02 1.049014988468209737e-02 1.443011510748557977e-02 8.029315947513392159e-04
3.379661000272549121e-01 3.302523579568701628e-02 2.695650267652608886e-02 1.084870044165147165e-02 6.499453051227489786e-03 7.919317273289194813e-04
3.504629785386156327e-01 3.424678516309890425e-02 2.646634386298567926e-02 1.109630112916387343e-02 5.232106235230271282e-03 7.921758160791416521e-04
3.635444835880821124e-01 3.556821092112520677e-02 2.598961428791376690e-02 1.153101667923531193e-02 8.729059940634480846e-03 7.814484154011737621e-04
3.772187408929375541e-01 3.691614336151870929e-02 2.553029183342353861e-02 1.182751371000367348e-02 1.513812351133115262e-02 7.632726761857184811e-04
3.915401401011643356e-01 3.838951710818638841e-02 2.508595780594639543e-02 1.233266352354318862e-02 1.261846042699483507e-02 7.611938394229865934e-04
4.065193834460850697e-01 3.986627850125885886e-02 2.466081049438139522e-02 1.270616378650868579e-02 3.592870713208762192e-03 7.698488031212761401e-04
4.222157713456442529e-01 4.147175057515824215e-02 2.425053124401891844e-02 1.327416729473483541e-02 2.067574022438941738e-03 7.477618825497803256e-04
4.386441154328683534e-01 4.312411178338838857e-02 2.385279345164356690e-02 1.377325754832684455e-02 6.921764699178298980e-03 7.438020633613397258e-04
4.558688725029552691e-01 4.481993317698875628e-02 2.346438045035682124e-02 1.415330090615813524e-02 1.344543103881841624e-02 7.594625259531332870e-04
4.739108878684380466e-01 4.663789771997931682e-02 2.309474283848720125e-02 1.462572276934757942e-02 5.629668289573466766e-03 7.318450154138316259e-04
4.928383690670122275e-01 4.865238749275282992e-02 2.273372660312988208e-02 1.520751103139895283e-02 1.745627704071425973e-03 7.458043067806417736e-04
5.126819928779402513e-01 5.066888012818458048e-02 2.237977501807215941e-02 1.576898655254165699e-02 6.096235913261995737e-03 7.379345469204299374e-04
5.335124430135904650e-01 5.274334701680203491e-02 2.203844674217959182e-02 1.638314969665618723e-02 1.031010422343866910e-02 7.219034904444792755e-04
5.553730908997814852e-01 5.496240266338073971e-02 2.171074599825719917e-02 1.700730880825312638e-02 3.155101849849879271e-03 7.719148263578171987e-04
5.783370020159809277e-01 5.727016868137191352e-02 2.139634657793199404e-02 1.770218783983914038e-02 3.360418783892902411e-03 7.349330185985157452e-04
6.024584490294495609e-01 5.967685493722678369e-02 2.109142028871639069e-02 1.838829197314666847e-02 9.613418177125281766e-03 8.251274625299895044e-04
6.278218785930103074e-01 6.217929139238585062e-02 2.079533132727580738e-02 1.920801740212289832e-02 3.724008135835402827e-03 8.040858104991146105e-04
6.544923910458554372e-01 6.481505489051261892e-02 2.050715196672498603e-02 1.997227637408544032e-02 2.288329468451786447e-03 8.907601910058630251e-04
6.825612465524247829e-01 6.759808759606439343e-02 2.022817809574431122e-02 2.089475175473170382e-02 8.098551155152526951e-03 8.755586931406272736e-04
7.121098474446789783e-01 7.053400171034716892e-02 2.191134549717491109e-02 1.996017310300340561e-02 1.767134788689683289e-03 9.317218035120269264e-04
7.432419723336047834e-01 7.367412869984293899e-02 2.310938250972794511e-02 1.970071541110827995e-02 3.236584193173853898e-03 8.917865957645119317e-04
7.760599200958003818e-01 7.693211347704388692e-02 2.406096855143618693e-02 1.945232755549841999e-02 5.459692360160195435e-03 9.564538721962893798e-04
8.106769191999390056e-01 8.037656106828504343e-02 2.535156651937519462e-02 1.921279901740888599e-02 1.360306227165558211e-03 1.056217971063592520e-03
8.472226290781459390e-01 8.395978180419431947e-02 2.678332236972019026e-02 1.898473804253213854e-02 7.159795211313942954e-03 1.155458737682463991e-03
8.857580463126875081e-01 8.784027436945263112e-02 2.809721452462821817e-02 1.876354518548204592e-02 1.601496661911098194e-03 1.171378403254383924e-03
9.265347565676022024e-01 9.188410662912120663e-02 2.939040354374806291e-02 1.855323187168709739e-02 6.982831371661596571e-03 1.242779607864288264e-03
9.696612510914770500e-01 9.618926970547932165e-02 3.084956156053564325e-02 1.834852466061704171e-02 1.645135051652577441e-03 1.315072898896678909e-03
1.015320663564774684e+00 1.007209743110951128e-01 3.237031287654981715e-02 1.815394299878325679e-02 6.495678870687941406e-03 1.583614149878735406e-03
1.063676628027375060e+00 1.054466156930841114e-01 3.417712388696519249e-02 1.796413357106779740e-02 1.144808619647186623e-03 1.460094457050303308e-03
1.114973504232950274e+00 1.105399035515857442e-01 3.602562739929209695e-02 1.778390492993026095e-02 6.030835311578689947e-03 1.756364287498185040e-03
1.169387732857017026e+00 1.159940672659109662e-01 3.814236998415520413e-02 1.760816023082377793e-02 1.671130336335765717e-03 1.853400447777578527e-03
1.227223455155411092e+00 1.215324613000243886e-01 4.027008027969324055e-02 1.744138788529995751e-02 2.941501779016242150e-03 2.073939741071355661e-03
1.288683801025061415e+00 1.274920130317339917e-01 4.266210291622875295e-02 1.727923912531359463e-02 5.388246123542732649e-03 2.388355557030974723e-03
1.354147112139427511e+00 1.339948954585631347e-01 4.514146382553436976e-02 1.712510423666907880e-02 1.531596663212330409e-03 2.294588318004052094e-03
1.423870474451717438e+00 1.405001965002289632e-01 4.794421756380876781e-02 1.697512754503613386e-02 3.576544868287569092e-03 2.937523389385924590e-03
1.498302322138959086e+00 1.477221702854560614e-01 5.088593128576688468e-02 1.683172935186756994e-02 5.253207130071592575e-03 3.015625742870806179e-03
1.577755005500663721e+00 1.551938611880320229e-01 5.414175141417634091e-02 1.669314996572865417e-02 2.046397664257467754e-03 3.220682115499001307e-03
1.662788797485690750e+00 1.631153780055705771e-01 5.750193698972960732e-02 1.655939338357629437e-02 1.533359252722501761e-03 3.995269666647818622e-03
1.753795441209593298e+00 1.717331722810039873e-01 6.123513915324171886e-02 1.643141693584782015e-02 4.156398989702203388e-03 4.115162861749689302e-03
1.851457040706342649e+00 1.805594145008148910e-01 6.516968476987537728e-02 1.630600607326771270e-02 5.310637281941662721e-03 4.347439367072110372e-03
1.956303841257683196e+00 1.904065383177100390e-01 6.956181113689294260e-02 1.618892939203118650e-02 3.881750169763550657e-03 5.075908773781807361e-03
2.069137871285332775e+00 2.004307422921196291e-01 7.418984281921478519e-02 1.606666095419346033e-02 2.677663994008045844e-03 6.615928184712157115e-03
2.190570036241186624e+00 2.114549278607236182e-01 7.921038626161983065e-02 1.595790392946733194e-02 2.117089787761243340e-03 5.581444847427704907e-03
2.321824332763838594e+00 2.229335151320080699e-01 8.458332363839789203e-02 1.585453122271768614e-02 2.366298331591003973e-03 7.551277437454162640e-03
2.463620245148910648e+00 2.353004854343422880e-01 9.050097133277981709e-02 1.575262491666183304e-02 3.064653340723369739e-03 9.065776476280406823e-03
2.617384638918696993e+00 2.486002472818697462e-01 9.680928676475748784e-02 1.566323630623647767e-02 3.858044973942329273e-03 9.123639182793035277e-03
2.784150628108014836e+00 2.627280420075330247e-01 1.037500132326731467e-01 1.557083015681891107e-02 4.519148974634492645e-03 1.027055167968256126e-02
2.965776831724368900e+00 2.774136304005895282e-01 1.111256540401741738e-01 1.548915507795216133e-02 4.915604436221274881e-03 1.210949935278584320e-02
3.163643171939153564e+00 2.939581175867990726e-01 1.192760436613602842e-01 1.540112235787798392e-02 4.897356162520736730e-03 1.501897819308149057e-02
3.380179235923852943e+00 3.109582898076371227e-01 1.280167684326453115e-01 1.532580227096940959e-02 4.961920395331164378e-03 1.487006631222223714e-02
3.617277667332400526e+00 3.299881015485713887e-01 1.376447513301934655e-01 1.524298766129479621e-02 5.038741746860783514e-03 1.701407111172456577e-02
3.878143958134186775e+00 3.501339940979575349e-01 1.479554410845946577e-01 1.517570157794972605e-02 4.646131552308942897e-03 1.964908855994527970e-02
4.165414069734804769e+00 3.707831333759877279e-01 1.593617528439298103e-01 1.509870651043977718e-02 4.162694786536399148e-03 2.477966802156525428e-02
4.483440023838564770e+00 3.945328607935497667e-01 1.716610687769194454e-01 1.504023118071154581e-02 3.840646743543953048e-03 2.690352494189623966e-02
4.835939271785746563e+00 4.206699634867635540e-01 1.853618746837327469e-01 1.496654617536225494e-02 3.909883943538907010e-03 2.656952361844186830e-02
5.228937049127693193e+00 4.468620598076452066e-01 2.001691950167888701e-01 1.491513968908475714e-02 4.627088512924228819e-03 3.309589310958306607e-02
5.667911317100736035e+00 4.762862605665266202e-01 2.165829303510266035e-01 1.484010063941912892e-02 5.673865090225663037e-03 4.166811488493943338e-02
6.161261105232050284e+00 5.093656588899384552e-01 2.344971509515413055e-01 1.479597707132615687e-02 6.974302324334489753e-03 3.944002721364370245e-02
6.717220671195394566e+00 5.445105731936376037e-01 2.544183994315026842e-01 1.472547557540281569e-02 4.934242929738878042e-03 4.450668508847205329e-02
7.348210494372964696e+00 5.824339657985662111e-01 2.762826139226942646e-01 1.469308398754909199e-02 5.548880612543384896e-03 5.543420973535079926e-02
8.066415283622735188e+00 6.251839307480877572e-01 3.006703799046504533e-01 1.462757986847142144e-02 8.437858693385032888e-03 6.326092676174180363e-02
8.890873563569487104e+00 6.723789577781518201e-01 3.277292262724304517e-01 1.460143827629051781e-02 5.906490218152885864e-03 6.477784221500515471e-02
9.841097796362250349e+00 7.237494295232489439e-01 3.580995164417945520e-01 1.454113253654111190e-02 8.335199075796637797e-03 7.275528228862071511e-02
1.094694949992841515e+01 7.808311078393547211e-01 3.920560399045912581e-01 1.452034214059354754e-02 6.922728160761258860e-03 7.986331510156874369e-02
1.224053265763964404e+01 8.451250688807627753e-01 4.304536890086132495e-01 1.446585831871497960e-02 1.142336813648434611e-02 9.701547769461521531e-02
1.377179635898735732e+01 9.167643208588514003e-01 4.738284316157114762e-01 1.445375315913748765e-02 8.642816228096728351e-03 1.057679695956846577e-01
1.559602565639359995e+01 9.978701970581236314e-01 5.233791172492400223e-01 1.440172487599802702e-02 8.919043902430911011e-03 1.084557465178594277e-01
1.780182854206542231e+01 1.089632649059689040e+00 5.800946841806878806e-01 1.440619820944525654e-02 1.063301780587648862e-02 1.181307611546556779e-01
2.049356168554810509e+01 1.194835176192183157e+00 6.457782005189774965e-01 1.434972733693595445e-02 1.183709732221209683e-02 1.328847129102603553e-01
2.382860473513180466e+01 1.318013641042021344e+00 7.222251125752700007e-01 1.437121063105113380e-02 1.807174427640054898e-02 1.540952658777733630e-01
7.591788654186233345e-06 1.462479348536145141e+00 8.124183897335990334e-01 1.430026188411320266e-02 1.793637919265462718e-02 1.797340524279384399e-01
0.000000000000000000e+00 1.632644449033703538e+00 9.200472987581278517e-01 1.429225254834880048e-02 2.700022493739599391e-02 2.041506859642621685e-01
0.000000000000000000e+00 1.837351532813764843e+00 1.050289435864272702e+00 1.424455168836355999e-02 3.141226565680346750e-02 2.362372443394847588e-01
0.000000000000000000e+00 2.088558921730085505e+00 1.209831982237562276e+00 1.422396312873073186e-02 4.028412825959323124e-02 2.665807460807561036e-01
0.000000000000000000e+00 2.402516477956711416e+00 1.411196303650095407e+00 1.420494164893797498e-02 5.380024355479967602e-02 2.249232141330561596e-01
0.000000000000000000e+00 2.808341384881934744e+00 1.672043452533819474e+00 1.419049406708571687e-02 7.691809464169029054e-02 2.847552810748598673e-01
0.000000000000000000e+00 3.349279093065258728e+00 2.021630925720955041e+00 1.417808376783869818e-02 1.230392492045889186e-01 3.007055149199602262e-01
0.000000000000000000e+00 4.111029376473520180e+00 2.513868529837394394e+00 1.416759587919212519e-02 2.137605218765245563e-01 3.340849875035159511e-01
0.000000000000000000e+00 5.253800950801937653e+00 3.253965076160699521e+00 1.415921535289470408e-02 4.402138945488337507e-01 3.042374885186882039e-01
0.000000000000000000e+00 7.158001146760343048e+00 4.495356066816025731e+00 1.415251851911164017e-02 4.247067449646367288e-01 1.636315029172839275e-01
0.000000000000000000e+00 1.095824466576674361e+01 6.975315600579947706e+00 1.414809646083404690e-02 5.319302333131420380e-04 5.309455480216941116e-04
0.000000000000000000e+00 2.240691341022507999e+01 1.437385518659888817e+01 1.414505619379704919e-02 5.201498674461805562e-04 5.197349736746166224e-04
